SLURMD_NODENAME = hpc-52-03
Start time = Mon Mar 17 04:17:51 PM PDT 2025
OMP_NUM_THREADS = 1
MKL_NUM_THREADS = 1
PYSCF_MAX_MEMORY = 409600
TMPDIR = /central/scratch/yangjunjie//run-scf-spc-diamond-conv-1-1-2-fftisdf-ks-1-100-rcut_epsilon-1e-05-ke_epsilon-0.01-isdf_thresh-4e-05/48050899/
PYSCF_TMPDIR = /central/scratch/yangjunjie//run-scf-spc-diamond-conv-1-1-2-fftisdf-ks-1-100-rcut_epsilon-1e-05-ke_epsilon-0.01-isdf_thresh-4e-05/48050899/

/home/junjiey/anaconda3/envs/fftisdf/bin/python
2.8.0
1.13.1
2.0.2
fft_engine = NUMPY+BLAS
name = diamond-conv
ke_cutoff =  1.00e+02
exxdiv = None
df = fftisdf-ks
chk_path = ../../../gdf-32/tmp/scf.h5
mesh = 1,1,2
rcut_epsilon =  1.00e-05
ke_epsilon =  1.00e-02
isdf_thresh =  4.00e-05

Discarded 24 diffused primitive functions, 0 contracted functions
ke_cutoff = 100.0
None

******** <class 'ISDFX'> ********
lin_dep_thresh: 1e-10
alpha_cutoff: 2.8
rcut_epsilon: 1e-05
ke_epsilon: 0.01
isdf_thresh: 4e-05
grid_vol_cutoff: 0.05
ke_step: 2.0
ao_tol: 1e-12
multigrid_on: True
direct_j: True
iterative_build: True
occRI: True
voronoi: True
fit_sparse_grid: False
fit_dense_grid: True
direct_k_sparse: True
direct_k: False
use_kpt_symm: False
kmesh: [1, 1, 1]
isdf_pts_from_q0: True
isdf_pts_from_gamma_point: False
alpha: None
do_real_isdf: False
N_xi: None
use_cell_periodic: False
isdf_thresh_sparse: None
ncopy: [1, 1, 1]
j_grid_mesh: None
k_grid_mesh: None
num_j_grids: 100
get_ao_from_pyscf: False
nuc_pp_version: 0
vppnl_ver: 0
universal_dense_grid: None
same_jk_grids: None
coulomb_only: False
max_memory   409600 MB (current use       90 MB)

Exchange function: getK_occRI  

cell mesh: [33 33 67]
nbas:  192
Grid     keMax    keMin    keGrid   expMax   expMin   nexp     lmax     PWs      mesh        
0        51.6     51.6     111.6    5.6      5.6      1        2        72963    [33 33 67]
1        19.5     3.2      19.5     2.1      0.3      3        2        6525     [15 15 29]
0        77.4     55.8     111.6    5.6      5.6      1        2        72963    [33 33 67]
1        29.2     14.6     29.2     2.1      2.1      1        2        12635    [19 19 35]
2        10.6     4.8      10.6     0.8      0.3      2        2        2541     [11 11 21]

ISDF

atm      grid     Ng       NI       Nxi      sharp    on_grid  diffuse  maxexp   minexp   lmax     lmin    
0        0        72963    1458     120      9        279      270      5.61     5.61     2        0       
1        0        72963    1474     119      9        279      270      5.61     5.61     2        0       
2        0        72963    1470     120      9        279      270      5.61     5.61     2        0       
3        0        72963    1487     119      9        279      270      5.61     5.61     2        0       
4        0        72963    1470     120      9        279      270      5.61     5.61     2        0       
5        0        72963    1487     119      9        279      270      5.61     5.61     2        0       
6        0        72963    1464     119      9        279      270      5.61     5.61     2        0       
7        0        72963    1474     119      9        279      270      5.61     5.61     2        0       
8        0        72963    1458     120      9        279      270      5.61     5.61     2        0       
9        0        72963    1487     119      9        279      270      5.61     5.61     2        0       
10       0        72963    1484     118      9        279      270      5.61     5.61     2        0       
11       0        72963    1474     119      9        279      270      5.61     5.61     2        0       
12       0        72963    1484     118      9        279      270      5.61     5.61     2        0       
13       0        72963    1474     119      9        279      270      5.61     5.61     2        0       
14       0        72963    1464     119      9        279      270      5.61     5.61     2        0       
15       0        72963    1487     119      9        279      270      5.61     5.61     2        0       
-        1        6525     6525     6525     432      432      432      2.11     0.35     2        0       
ISDF-pts:       1.67
ISDF-vec:       0.18
Fit dense grids ISDF:       1.85
Fit sparse grids ISDF:       0.00

Grid     PWs      Ng_i     N_xi     N_mu    
0        72963    23596    1906     4464    
1        6525     6525     6525     432     

nTHC: 8431
Mem Required (MB):     114.93
Curent RAM Use (MB) :        215 

Build W
ISDF-fft dense grids (sec):      14.54
Curent RAM Use (MB) :        302 
ISDF-fft:      14.54

Initial guess from minao.
Big error detected in the electron number of initial guess density matrix (Ne/cell = 63.9864)!
  This can cause huge error in Fock matrix and lead to instability in SCF for low-dimensional systems.
  DM is normalized wrt the number of electrons 64
Successfully loaded dm0 from ../../../gdf-32/tmp/scf.h5
~/packages/PeriodicIntegrals/PeriodicIntegrals-junjie-benchmark/isdfx/isdfx.py +4733
[[ 5.92609815e-01 -2.07733389e-02 -1.49374411e-10 ...  3.29312158e-03
  -3.30285561e-03  3.70086867e-13]
 [-2.07733389e-02  8.44685909e-04 -2.19531692e-13 ... -2.09902515e-04
   1.65272475e-04 -3.14121417e-14]
 [-1.49374411e-10 -2.19531692e-13  6.49906929e-01 ...  1.14960616e-04
   2.10995193e-03  3.14505479e-03]
 ...
 [ 3.29312158e-03 -2.09902515e-04  1.14960616e-04 ...  4.46214761e-04
   2.63029861e-08  5.06489513e-15]
 [-3.30285561e-03  1.65272475e-04  2.10995193e-03 ...  2.63029861e-08
   2.26887108e-03  4.99288212e-08]
 [ 3.70086867e-13 -3.14121417e-14  3.14505479e-03 ...  5.06489513e-15
   4.99288212e-08  6.71985021e-04]]
[[ 1.71226849e-01 -1.71868037e-05  2.07241950e-01 ...  2.53723403e-09
  -1.69503661e-11 -1.15456586e+00]
 [-6.74284167e-03  7.43617044e-06 -4.11327152e-03 ...  2.30836473e-09
  -1.52694452e-11 -1.06092267e+00]
 [-9.60288977e-11 -1.84902267e-10 -1.78613800e-11 ... -5.27918257e-02
   1.48520477e-11 -1.18363527e-10]
 ...
 [-6.95558329e-05  1.20762008e-03  1.20741071e-03 ... -1.84653773e-02
  -3.83714359e-12 -4.53892981e-03]
 [ 1.02250060e-07  6.87865355e-08  1.96724149e-07 ...  3.72783696e-05
  -5.79794753e-02 -4.16962067e-02]
 [ 1.72642797e-13 -1.25175997e-14 -4.37896978e-13 ... -2.06932479e-04
   8.52717544e-06 -2.00410681e-13]]
[2. 2. 2. 2. 2. 2. 2. 2. 2. 2. 2. 2. 2. 2. 2. 2. 2. 2. 2. 2. 2. 2. 2. 2.
 2. 2. 2. 2. 2. 2. 2. 2. 0. 0. 0. 0. 0. 0. 0. 0. 0. 0. 0. 0. 0. 0. 0. 0.
 0. 0. 0. 0. 0. 0. 0. 0. 0. 0. 0. 0. 0. 0. 0. 0. 0. 0. 0. 0. 0. 0. 0. 0.
 0. 0. 0. 0. 0. 0. 0. 0. 0. 0. 0. 0. 0. 0. 0. 0. 0. 0. 0. 0. 0. 0. 0. 0.
 0. 0. 0. 0. 0. 0. 0. 0. 0. 0. 0. 0. 0. 0. 0. 0. 0. 0. 0. 0. 0. 0. 0. 0.
 0. 0. 0. 0. 0. 0. 0. 0. 0. 0. 0. 0. 0. 0. 0. 0. 0. 0. 0. 0. 0. 0. 0. 0.
 0. 0. 0. 0. 0. 0. 0. 0. 0. 0. 0. 0. 0. 0. 0. 0. 0. 0. 0. 0. 0. 0. 0. 0.
 0. 0. 0. 0. 0. 0. 0. 0. 0. 0. 0. 0. 0. 0. 0. 0. 0. 0. 0. 0. 0. 0. 0. 0.
 0. 0. 0. 0. 0. 0. 0. 0. 0. 0. 0. 0. 0. 0. 0. 0.]
~/packages/PeriodicIntegrals/PeriodicIntegrals-junjie-benchmark/isdfx/isdfx.py +4733
[[ 5.92609815e-01 -2.07733389e-02 -1.49374411e-10 ...  3.29312158e-03
  -3.30285561e-03  3.70086867e-13]
 [-2.07733389e-02  8.44685909e-04 -2.19531692e-13 ... -2.09902515e-04
   1.65272475e-04 -3.14121417e-14]
 [-1.49374411e-10 -2.19531692e-13  6.49906929e-01 ...  1.14960616e-04
   2.10995193e-03  3.14505479e-03]
 ...
 [ 3.29312158e-03 -2.09902515e-04  1.14960616e-04 ...  4.46214761e-04
   2.63029861e-08  5.06489513e-15]
 [-3.30285561e-03  1.65272475e-04  2.10995193e-03 ...  2.63029861e-08
   2.26887108e-03  4.99288212e-08]
 [ 3.70086867e-13 -3.14121417e-14  3.14505479e-03 ...  5.06489513e-15
   4.99288212e-08  6.71985021e-04]]
[[ 1.71226849e-01 -1.71868037e-05  2.07241950e-01 ...  2.53723403e-09
  -1.69503661e-11 -1.15456586e+00]
 [-6.74284167e-03  7.43617044e-06 -4.11327152e-03 ...  2.30836473e-09
  -1.52694452e-11 -1.06092267e+00]
 [-9.60288977e-11 -1.84902267e-10 -1.78613800e-11 ... -5.27918257e-02
   1.48520477e-11 -1.18363527e-10]
 ...
 [-6.95558329e-05  1.20762008e-03  1.20741071e-03 ... -1.84653773e-02
  -3.83714359e-12 -4.53892981e-03]
 [ 1.02250060e-07  6.87865355e-08  1.96724149e-07 ...  3.72783696e-05
  -5.79794753e-02 -4.16962067e-02]
 [ 1.72642797e-13 -1.25175997e-14 -4.37896978e-13 ... -2.06932479e-04
   8.52717544e-06 -2.00410681e-13]]
[2. 2. 2. 2. 2. 2. 2. 2. 2. 2. 2. 2. 2. 2. 2. 2. 2. 2. 2. 2. 2. 2. 2. 2.
 2. 2. 2. 2. 2. 2. 2. 2. 0. 0. 0. 0. 0. 0. 0. 0. 0. 0. 0. 0. 0. 0. 0. 0.
 0. 0. 0. 0. 0. 0. 0. 0. 0. 0. 0. 0. 0. 0. 0. 0. 0. 0. 0. 0. 0. 0. 0. 0.
 0. 0. 0. 0. 0. 0. 0. 0. 0. 0. 0. 0. 0. 0. 0. 0. 0. 0. 0. 0. 0. 0. 0. 0.
 0. 0. 0. 0. 0. 0. 0. 0. 0. 0. 0. 0. 0. 0. 0. 0. 0. 0. 0. 0. 0. 0. 0. 0.
 0. 0. 0. 0. 0. 0. 0. 0. 0. 0. 0. 0. 0. 0. 0. 0. 0. 0. 0. 0. 0. 0. 0. 0.
 0. 0. 0. 0. 0. 0. 0. 0. 0. 0. 0. 0. 0. 0. 0. 0. 0. 0. 0. 0. 0. 0. 0. 0.
 0. 0. 0. 0. 0. 0. 0. 0. 0. 0. 0. 0. 0. 0. 0. 0. 0. 0. 0. 0. 0. 0. 0. 0.
 0. 0. 0. 0. 0. 0. 0. 0. 0. 0. 0. 0. 0. 0. 0. 0.]
start SG
end SG -->  0.5046632289886475


******** <class 'pyscf.pbc.dft.rks.RKS'> ********
method = RKS
initial guess = minao
damping factor = 0
level_shift factor = 0
DIIS = <class 'pyscf.scf.diis.CDIIS'>
diis_start_cycle = 1
diis_space = 8
diis_damp = 0
SCF conv_tol = 1e-08
SCF conv_tol_grad = None
SCF max_cycles = 50
direct_scf = True
direct_scf_tol = 1e-13
chkfile to save SCF result = /central/scratch/yangjunjie/run-scf-spc-diamond-conv-1-1-2-fftisdf-ks-1-100-rcut_epsilon-1e-05-ke_epsilon-0.01-isdf_thresh-4e-05/48050899/tmp9lxob13p
max_memory 409600 MB (current use 281 MB)
******** PBC SCF flags ********
kpt = [0. 0. 0.]
Exchange divergence treatment (exxdiv) = None
DF object = <isdfx.isdfx.ISDFX object at 0x7f5a53f6f670>
XC functionals = PBE0
small_rho_cutoff = 1e-07
Set gradient conv threshold to 0.0001
nelec by numeric integration = 63.999999995674415
    CPU time for vxc      5.12 sec, wall time      5.13 sec
~/packages/PeriodicIntegrals/PeriodicIntegrals-junjie-benchmark/isdfx/isdfx.py +4733
[[ 5.92609815e-01 -2.07733389e-02 -1.49374411e-10 ...  3.29312158e-03
  -3.30285561e-03  3.70086867e-13]
 [-2.07733389e-02  8.44685909e-04 -2.19531692e-13 ... -2.09902515e-04
   1.65272475e-04 -3.14121417e-14]
 [-1.49374411e-10 -2.19531692e-13  6.49906929e-01 ...  1.14960616e-04
   2.10995193e-03  3.14505479e-03]
 ...
 [ 3.29312158e-03 -2.09902515e-04  1.14960616e-04 ...  4.46214761e-04
   2.63029861e-08  5.06489513e-15]
 [-3.30285561e-03  1.65272475e-04  2.10995193e-03 ...  2.63029861e-08
   2.26887108e-03  4.99288212e-08]
 [ 3.70086867e-13 -3.14121417e-14  3.14505479e-03 ...  5.06489513e-15
   4.99288212e-08  6.71985021e-04]]
[[ 1.71226849e-01 -1.71868037e-05  2.07241950e-01 ...  2.53723403e-09
  -1.69503661e-11 -1.15456586e+00]
 [-6.74284167e-03  7.43617044e-06 -4.11327152e-03 ...  2.30836473e-09
  -1.52694452e-11 -1.06092267e+00]
 [-9.60288977e-11 -1.84902267e-10 -1.78613800e-11 ... -5.27918257e-02
   1.48520477e-11 -1.18363527e-10]
 ...
 [-6.95558329e-05  1.20762008e-03  1.20741071e-03 ... -1.84653773e-02
  -3.83714359e-12 -4.53892981e-03]
 [ 1.02250060e-07  6.87865355e-08  1.96724149e-07 ...  3.72783696e-05
  -5.79794753e-02 -4.16962067e-02]
 [ 1.72642797e-13 -1.25175997e-14 -4.37896978e-13 ... -2.06932479e-04
   8.52717544e-06 -2.00410681e-13]]
[2. 2. 2. 2. 2. 2. 2. 2. 2. 2. 2. 2. 2. 2. 2. 2. 2. 2. 2. 2. 2. 2. 2. 2.
 2. 2. 2. 2. 2. 2. 2. 2. 0. 0. 0. 0. 0. 0. 0. 0. 0. 0. 0. 0. 0. 0. 0. 0.
 0. 0. 0. 0. 0. 0. 0. 0. 0. 0. 0. 0. 0. 0. 0. 0. 0. 0. 0. 0. 0. 0. 0. 0.
 0. 0. 0. 0. 0. 0. 0. 0. 0. 0. 0. 0. 0. 0. 0. 0. 0. 0. 0. 0. 0. 0. 0. 0.
 0. 0. 0. 0. 0. 0. 0. 0. 0. 0. 0. 0. 0. 0. 0. 0. 0. 0. 0. 0. 0. 0. 0. 0.
 0. 0. 0. 0. 0. 0. 0. 0. 0. 0. 0. 0. 0. 0. 0. 0. 0. 0. 0. 0. 0. 0. 0. 0.
 0. 0. 0. 0. 0. 0. 0. 0. 0. 0. 0. 0. 0. 0. 0. 0. 0. 0. 0. 0. 0. 0. 0. 0.
 0. 0. 0. 0. 0. 0. 0. 0. 0. 0. 0. 0. 0. 0. 0. 0. 0. 0. 0. 0. 0. 0. 0. 0.
 0. 0. 0. 0. 0. 0. 0. 0. 0. 0. 0. 0. 0. 0. 0. 0.]
start SG
end SG -->  0.41167783737182617
    CPU time for vj and vk      3.07 sec, wall time      3.09 sec
E1 = 32.24977427473257  Ecoul = 8.78255097695386  Exc = -26.90113813876419
init E= -88.3397976709662
    CPU time for initialize scf     13.71 sec, wall time     13.76 sec
  HOMO = 0.536067178450008  LUMO = 0.80943574522557
  mo_energy =
[-0.30703877 -0.23037826 -0.23037676  0.01819639  0.01819794  0.01819805
  0.01819869  0.02074365  0.02074367  0.0498261   0.04982773  0.04982784
  0.04982874  0.20941228  0.20941295  0.20941305  0.20941316  0.27473875
  0.2747391   0.28470579  0.28470649  0.28470659  0.28470677  0.35003462
  0.35003519  0.36703906  0.36703943  0.36704053  0.36704087  0.53175007
  0.53606671  0.53606718  0.80943575  0.80943642  0.84213356  0.84353787
  0.84353789  0.86872865  0.86872918  0.86987392  0.86987392  0.8698741
  0.86987463  1.07968484  1.07968487  1.07968768  1.07968769  1.08825455
  1.08825483  1.08825484  1.08825594  1.11764364  1.11764467  1.1176447
  1.11764601  1.1350069   1.13500731  1.17884348  1.27842803  1.27842811
  1.27842842  1.27843303  1.27938163  1.27938167  1.59326122  1.59326317
  1.59326318  1.5932677   1.63353002  1.63353148  1.71408149  1.71408581
  1.7149492   1.71495294  1.71495296  1.71496108  1.75642909  1.75799241
  1.87335783  1.87336078  1.90147614  1.90147761  2.04010309  2.04010317
  2.04018391  2.04018392  2.04019131  2.04019145  2.06112723  2.06112948
  2.0611295   2.06113318  2.25906887  2.25906895  2.25907224  2.25907227
  2.34568164  2.3458016   2.34580236  2.34580236  2.3472139   2.34733457
  2.40765157  2.40765157  2.40805498  2.47230706  2.4726437   2.47264393
  2.49628961  2.49628975  2.49629015  2.49629095  2.53729004  2.53729006
  2.53729419  2.53729429  2.768707    2.76870736  2.76870752  2.76870944
  2.78765079  2.78765092  2.7876648   2.78766924  2.7877318   2.78773186
  2.79524065  2.79524129  2.88460084  2.88460161  2.88460165  2.88460496
  2.98052063  2.98052996  2.98053003  2.98053044  2.98075935  2.98076893
  3.02121465  3.02121487  3.02150409  3.02150433  3.0215104   3.02151077
  3.07447423  3.07447429  3.10636196  3.10636198  3.10636208  3.10636351
  3.26842822  3.26843134  3.2684315   3.26843471  3.28599818  3.28600204
  3.35178441  3.35178687  3.41724502  3.41724514  3.41725126  3.41725137
  3.42814217  3.42821298  3.42901555  3.42901648  3.42901653  3.42908437
  3.56124428  3.56379307  3.73143572  3.73165951  3.73165997  3.83440032
  3.83440834  4.3391518   4.33915511  4.33915517  4.33915935  4.62138589
  4.62138593  4.62243872  4.72312818  4.72312876  4.72324692  4.72324712
  4.72362683  4.7236269   4.72370425  4.7237095   4.72392278  4.72392307
  8.67247094  8.85902269  8.85904052  9.00050428  9.01011898  9.014484
  9.01453887  9.01453888  9.01465391  9.02133397  9.0277252   9.03150284
  9.03630374  9.03630376  9.03651447  9.0405501 ]
nelec by numeric integration = 63.99999999567443
    CPU time for vxc      4.97 sec, wall time      4.99 sec
~/packages/PeriodicIntegrals/PeriodicIntegrals-junjie-benchmark/isdfx/isdfx.py +4733
[[ 5.92602090e-01 -2.07816238e-02 -5.43260339e-07 ...  3.28464805e-03
  -3.30306128e-03 -2.57738399e-09]
 [-2.07816238e-02  8.45330194e-04 -3.30262280e-07 ... -2.09146259e-04
   1.65342606e-04 -6.31292154e-10]
 [-5.43260339e-07 -3.30262280e-07  6.49886886e-01 ...  1.11188621e-04
   2.10728158e-03  3.15767135e-03]
 ...
 [ 3.28464805e-03 -2.09146259e-04  1.11188621e-04 ...  4.45823628e-04
   1.40763132e-06 -1.11530638e-09]
 [-3.30306128e-03  1.65342606e-04  2.10728158e-03 ...  1.40763132e-06
   2.26925130e-03  2.47806832e-06]
 [-2.57738399e-09 -6.31292154e-10  3.15767135e-03 ... -1.11530638e-09
   2.47806832e-06  6.71871248e-04]]
[[ 1.71213470e-01  1.42750998e-03  2.07215266e-01 ...  6.18194145e-07
  -2.90619877e-06  1.15356737e+00]
 [-6.74415308e-03 -1.99821450e-05 -4.11414831e-03 ...  5.35240977e-07
  -2.65086051e-06  1.05978781e+00]
 [-7.72221845e-08 -8.38780893e-08 -9.70603896e-08 ...  3.79803676e-02
   3.20950046e-06  2.23208031e-08]
 ...
 [-7.63311523e-05  1.22491288e-03  1.20195620e-03 ... -2.68383791e-03
  -4.90690701e-08  4.51113161e-03]
 [ 1.73092617e-06 -2.38099762e-06  7.76127188e-07 ...  5.35042135e-05
  -5.70369665e-02  4.21179029e-02]
 [-2.53401867e-08  1.26934018e-08  2.41539937e-08 ... -2.19791525e-03
   1.43669170e-05  2.70325156e-09]]
[2. 2. 2. 2. 2. 2. 2. 2. 2. 2. 2. 2. 2. 2. 2. 2. 2. 2. 2. 2. 2. 2. 2. 2.
 2. 2. 2. 2. 2. 2. 2. 2. 0. 0. 0. 0. 0. 0. 0. 0. 0. 0. 0. 0. 0. 0. 0. 0.
 0. 0. 0. 0. 0. 0. 0. 0. 0. 0. 0. 0. 0. 0. 0. 0. 0. 0. 0. 0. 0. 0. 0. 0.
 0. 0. 0. 0. 0. 0. 0. 0. 0. 0. 0. 0. 0. 0. 0. 0. 0. 0. 0. 0. 0. 0. 0. 0.
 0. 0. 0. 0. 0. 0. 0. 0. 0. 0. 0. 0. 0. 0. 0. 0. 0. 0. 0. 0. 0. 0. 0. 0.
 0. 0. 0. 0. 0. 0. 0. 0. 0. 0. 0. 0. 0. 0. 0. 0. 0. 0. 0. 0. 0. 0. 0. 0.
 0. 0. 0. 0. 0. 0. 0. 0. 0. 0. 0. 0. 0. 0. 0. 0. 0. 0. 0. 0. 0. 0. 0. 0.
 0. 0. 0. 0. 0. 0. 0. 0. 0. 0. 0. 0. 0. 0. 0. 0. 0. 0. 0. 0. 0. 0. 0. 0.
 0. 0. 0. 0. 0. 0. 0. 0. 0. 0. 0. 0. 0. 0. 0. 0.]
start SG
end SG -->  0.39800119400024414
    CPU time for vj and vk      2.99 sec, wall time      3.00 sec
E1 = 32.249514205146696  Ecoul = 8.782929013581827  Exc = -26.90125730415349
cycle= 1 E= -88.3397988693134  delta_E= -1.2e-06  |g|= 0.000211  |ddm|= 0.00175
    CPU time for cycle= 1      7.98 sec, wall time      8.01 sec
  HOMO = 0.536073475239286  LUMO = 0.809439314546711
  mo_energy =
[-0.30703398 -0.23037459 -0.23037144  0.01820005  0.01820287  0.01820298
  0.0182046   0.02074842  0.02074864  0.04982985  0.04983299  0.04983309
  0.04983507  0.20941616  0.2094173   0.20941741  0.20941808  0.27474407
  0.27474441  0.28470987  0.28471145  0.2847116   0.28471254  0.35004039
  0.35004085  0.36704445  0.36704487  0.36704626  0.36704641  0.53175609
  0.53607297  0.53607348  0.80943931  0.80944118  0.84213871  0.84354316
  0.84354318  0.86873218  0.86873301  0.86987746  0.86987785  0.86987787
  0.86987922  1.07969185  1.07969191  1.07969464  1.07969468  1.08825832
  1.08825978  1.0882598   1.08826125  1.11765035  1.11765177  1.1176518
  1.11765408  1.13501299  1.13501461  1.1788519   1.27843595  1.27843702
  1.27843711  1.27844272  1.27939006  1.2793901   1.59326815  1.59326982
  1.59326983  1.59327528  1.63353489  1.63353675  1.71409058  1.71409344
  1.71495798  1.71496094  1.71496096  1.71496959  1.75643293  1.75799595
  1.87336469  1.87336935  1.90147915  1.90148217  2.0401056   2.04010567
  2.04018704  2.04018885  2.04019696  2.04019708  2.06113268  2.06113527
  2.06113528  2.06114001  2.25907527  2.25907539  2.25907766  2.2590777
  2.34568182  2.34580694  2.34580751  2.34580754  2.34721877  2.34734271
  2.40765727  2.40765728  2.40806065  2.47231468  2.47265175  2.47265198
  2.4962951   2.49629549  2.49629565  2.49629668  2.53729671  2.53729672
  2.53730073  2.53730085  2.76871313  2.76871444  2.7687146   2.76871697
  2.78765778  2.78765791  2.78767123  2.78767787  2.78774011  2.78774015
  2.79524622  2.79524836  2.88460593  2.88460738  2.88460744  2.88461143
  2.980529    2.98053596  2.98053602  2.98053609  2.98076593  2.98077309
  3.02122062  3.02122085  3.02150908  3.02151115  3.02151636  3.02151673
  3.07447973  3.07448086  3.10636824  3.10636843  3.10636845  3.10637089
  3.26843358  3.26843755  3.26843768  3.26844094  3.28600562  3.28600893
  3.35179049  3.3517939   3.41725262  3.41725275  3.4172575   3.4172576
  3.42814626  3.4282197   3.42902224  3.42902301  3.42902307  3.42909366
  3.56125213  3.56380014  3.73144256  3.73166651  3.73166697  3.83440808
  3.83441536  4.33915856  4.3391609   4.33916095  4.3391639   4.62139179
  4.62139182  4.62244526  4.72313859  4.72313983  4.72325245  4.72325264
  4.72363102  4.72363134  4.72371161  4.72371471  4.72392655  4.72392724
  8.67248669  8.85904195  8.85905293  9.00052404  9.01013658  9.01449671
  9.0145625   9.0145628   9.01467624  9.02134116  9.02774797  9.03150991
  9.03631838  9.03631863  9.03650763  9.04055879]
nelec by numeric integration = 63.99999999567453
    CPU time for vxc      4.94 sec, wall time      4.95 sec
~/packages/PeriodicIntegrals/PeriodicIntegrals-junjie-benchmark/isdfx/isdfx.py +4733
[[ 5.92595216e-01 -2.07809887e-02 -4.51165390e-07 ...  3.28446951e-03
  -3.30297345e-03 -2.68150114e-09]
 [-2.07809887e-02  8.45278796e-04 -3.47888021e-07 ... -2.09122950e-04
   1.65331150e-04 -6.93503458e-10]
 [-4.51165390e-07 -3.47888021e-07  6.49882359e-01 ...  1.11130545e-04
   2.10736370e-03  3.15751632e-03]
 ...
 [ 3.28446951e-03 -2.09122950e-04  1.11130545e-04 ...  4.45761086e-04
   1.41587855e-06 -1.10266496e-09]
 [-3.30297345e-03  1.65331150e-04  2.10736370e-03 ...  1.41587855e-06
   2.26924997e-03  2.50206984e-06]
 [-2.68150114e-09 -6.93503458e-10  3.15751632e-03 ... -1.10266496e-09
   2.50206984e-06  6.71897926e-04]]
[[ 1.71210539e-01 -1.30099534e-04 -2.07213588e-01 ... -7.55962568e-06
  -5.86174242e-06 -1.15351828e+00]
 [-6.74450649e-03  1.08410455e-05  4.11419769e-03 ... -6.69771470e-06
  -5.30228202e-06 -1.05973103e+00]
 [-1.14968949e-07 -1.39138429e-07  1.52865770e-07 ... -4.60912459e-02
   4.21492226e-06 -1.39418679e-06]
 ...
 [-7.57801515e-05  1.21557058e-03 -1.21059752e-03 ...  1.55572141e-04
  -1.74754915e-07 -4.51532484e-03]
 [ 1.94521993e-06 -2.99218477e-06 -9.73433823e-07 ... -5.06984543e-05
  -5.69563165e-02 -4.21272381e-02]
 [-2.17232629e-08  8.39958786e-09 -2.02254164e-08 ...  2.19933720e-03
   1.40509476e-05  7.26921674e-09]]
[2. 2. 2. 2. 2. 2. 2. 2. 2. 2. 2. 2. 2. 2. 2. 2. 2. 2. 2. 2. 2. 2. 2. 2.
 2. 2. 2. 2. 2. 2. 2. 2. 0. 0. 0. 0. 0. 0. 0. 0. 0. 0. 0. 0. 0. 0. 0. 0.
 0. 0. 0. 0. 0. 0. 0. 0. 0. 0. 0. 0. 0. 0. 0. 0. 0. 0. 0. 0. 0. 0. 0. 0.
 0. 0. 0. 0. 0. 0. 0. 0. 0. 0. 0. 0. 0. 0. 0. 0. 0. 0. 0. 0. 0. 0. 0. 0.
 0. 0. 0. 0. 0. 0. 0. 0. 0. 0. 0. 0. 0. 0. 0. 0. 0. 0. 0. 0. 0. 0. 0. 0.
 0. 0. 0. 0. 0. 0. 0. 0. 0. 0. 0. 0. 0. 0. 0. 0. 0. 0. 0. 0. 0. 0. 0. 0.
 0. 0. 0. 0. 0. 0. 0. 0. 0. 0. 0. 0. 0. 0. 0. 0. 0. 0. 0. 0. 0. 0. 0. 0.
 0. 0. 0. 0. 0. 0. 0. 0. 0. 0. 0. 0. 0. 0. 0. 0. 0. 0. 0. 0. 0. 0. 0. 0.
 0. 0. 0. 0. 0. 0. 0. 0. 0. 0. 0. 0. 0. 0. 0. 0.]
start SG
end SG -->  0.3858170509338379
    CPU time for vj and vk      3.22 sec, wall time      3.24 sec
E1 = 32.24955230515199  Ecoul = 8.78287217312596  Exc = -26.901238575940408
cycle= 2 E= -88.3397988815509  delta_E= -1.22e-08  |g|= 0.000112  |ddm|= 0.00026
    CPU time for cycle= 2      8.19 sec, wall time      8.22 sec
  HOMO = 0.53607281507058  LUMO = 0.809439457569113
  mo_energy =
[-0.30703446 -0.2303743  -0.23037264  0.01820053  0.01820231  0.01820244
  0.01820328  0.02074797  0.02074808  0.04983048  0.04983238  0.0498325
  0.04983359  0.2094161   0.20941684  0.20941695  0.20941714  0.27474352
  0.27474386  0.28471008  0.28471091  0.28471104  0.2847113   0.35003976
  0.35004028  0.36704405  0.36704446  0.36704543  0.36704576  0.5317554
  0.5360723   0.53607282  0.80943946  0.80944019  0.84213816  0.84354262
  0.84354264  0.86873192  0.8687326   0.86987736  0.86987742  0.86987744
  0.86987847  1.07969116  1.07969121  1.07969389  1.07969391  1.08825849
  1.08825911  1.08825913  1.08826032  1.11765002  1.11765113  1.11765117
  1.11765273  1.13501285  1.13501333  1.17885104  1.2784359   1.27843613
  1.2784362   1.27844097  1.27938916  1.27938921  1.59326743  1.59326934
  1.59326935  1.59327408  1.63353458  1.63353606  1.71408931  1.71409286
  1.71495683  1.7149604   1.71496042  1.71496837  1.75643262  1.75799563
  1.87336452  1.87336786  1.90147963  1.90148101  2.04010573  2.0401058
  2.04018733  2.04018763  2.0401959   2.04019603  2.06113264  2.06113482
  2.06113483  2.06113872  2.25907423  2.25907432  2.25907747  2.25907749
  2.34568206  2.34580619  2.3458069   2.34580694  2.34721814  2.34734281
  2.40765665  2.40765667  2.40806004  2.47231385  2.47265093  2.47265116
  2.49629473  2.49629487  2.49629532  2.49629564  2.537296    2.53729603
  2.53730002  2.53730013  2.76871294  2.76871364  2.7687138   2.76871586
  2.78765668  2.78765682  2.7876713   2.7876762   2.78773959  2.78773965
  2.7952461   2.79524715  2.8846062   2.88460686  2.8846069   2.88461023
  2.9805282   2.9805353   2.98053537  2.98053566  2.98076531  2.98077289
  3.02122007  3.0212203   3.0215091   3.02150982  3.02151562  3.02151597
  3.07447965  3.07447996  3.10636785  3.10636786  3.10636788  3.10636954
  3.26843387  3.26843683  3.26843698  3.26843987  3.28600466  3.28600886
  3.35179029  3.35179288  3.41725133  3.41725145  3.41725732  3.41725743
  3.42814658  3.42821907  3.42902131  3.42902241  3.42902246  3.42909231
  3.56125166  3.5637996   3.73144184  3.73166579  3.73166625  3.83440721
  3.83441483  4.33915721  4.33916019  4.33916025  4.33916397  4.621391
  4.62139103  4.62244451  4.72313564  4.72313589  4.72325216  4.72325236
  4.72363085  4.7236309   4.72371016  4.72371471  4.72392792  4.72392801
  8.67248455  8.85903883  8.85905142  9.00052342  9.01013606  9.01449065
  9.01455773  9.01455784  9.01467214  9.0213331   9.02774892  9.03151195
  9.03631832  9.03631838  9.03651552  9.04055245]
nelec by numeric integration = 63.99999999567453
    CPU time for vxc      4.60 sec, wall time      4.61 sec
~/packages/PeriodicIntegrals/PeriodicIntegrals-junjie-benchmark/isdfx/isdfx.py +4733
[[ 5.92599048e-01 -2.07814187e-02 -5.22524876e-07 ...  3.28444298e-03
  -3.30300904e-03 -1.85754239e-09]
 [-2.07814187e-02  8.45307025e-04 -3.40458964e-07 ... -2.09123093e-04
   1.65339963e-04 -7.63374740e-10]
 [-5.22524876e-07 -3.40458964e-07  6.49884059e-01 ...  1.11089631e-04
   2.10723791e-03  3.15778557e-03]
 ...
 [ 3.28444298e-03 -2.09123093e-04  1.11089631e-04 ...  4.45764149e-04
   1.44459863e-06 -1.03327062e-09]
 [-3.30300904e-03  1.65339963e-04  2.10723791e-03 ...  1.44459863e-06
   2.26927774e-03  2.54836226e-06]
 [-1.85754239e-09 -7.63374740e-10  3.15778557e-03 ... -1.03327062e-09
   2.54836226e-06  6.71919185e-04]]
[[ 1.71212005e-01  9.19218282e-04  2.07217517e-01 ...  6.91160611e-06
  -3.93714909e-06  1.15356682e+00]
 [-6.74453911e-03 -9.83950980e-06 -4.11443477e-03 ...  6.15758708e-06
  -3.57596734e-06  1.05977448e+00]
 [-8.44193424e-08 -9.22572251e-08 -1.06589475e-07 ... -5.44799811e-02
   3.95123739e-06  3.79559556e-07]
 ...
 [-7.56968661e-05  1.22165686e-03  1.20437935e-03 ... -1.86966705e-02
  -6.54661928e-08  4.51173418e-03]
 [ 1.96763128e-06 -2.87632352e-06  8.12974475e-07 ...  3.87612697e-05
  -5.70141930e-02  4.21253957e-02]
 [-2.01061462e-08  6.73955720e-09  1.93351345e-08 ... -7.27733480e-05
   1.41084242e-05 -1.40767268e-09]]
[2. 2. 2. 2. 2. 2. 2. 2. 2. 2. 2. 2. 2. 2. 2. 2. 2. 2. 2. 2. 2. 2. 2. 2.
 2. 2. 2. 2. 2. 2. 2. 2. 0. 0. 0. 0. 0. 0. 0. 0. 0. 0. 0. 0. 0. 0. 0. 0.
 0. 0. 0. 0. 0. 0. 0. 0. 0. 0. 0. 0. 0. 0. 0. 0. 0. 0. 0. 0. 0. 0. 0. 0.
 0. 0. 0. 0. 0. 0. 0. 0. 0. 0. 0. 0. 0. 0. 0. 0. 0. 0. 0. 0. 0. 0. 0. 0.
 0. 0. 0. 0. 0. 0. 0. 0. 0. 0. 0. 0. 0. 0. 0. 0. 0. 0. 0. 0. 0. 0. 0. 0.
 0. 0. 0. 0. 0. 0. 0. 0. 0. 0. 0. 0. 0. 0. 0. 0. 0. 0. 0. 0. 0. 0. 0. 0.
 0. 0. 0. 0. 0. 0. 0. 0. 0. 0. 0. 0. 0. 0. 0. 0. 0. 0. 0. 0. 0. 0. 0. 0.
 0. 0. 0. 0. 0. 0. 0. 0. 0. 0. 0. 0. 0. 0. 0. 0. 0. 0. 0. 0. 0. 0. 0. 0.
 0. 0. 0. 0. 0. 0. 0. 0. 0. 0. 0. 0. 0. 0. 0. 0.]
start SG
end SG -->  0.43627357482910156
    CPU time for vj and vk      2.95 sec, wall time      2.96 sec
E1 = 32.249548520101875  Ecoul = 8.782877768807952  Exc = -26.901240389059407
cycle= 3 E= -88.339798884038  delta_E= -2.49e-09  |g|= 5.45e-05  |ddm|= 0.000137
    CPU time for cycle= 3      7.57 sec, wall time      7.59 sec
  HOMO = 0.536072622559415  LUMO = 0.809438889236414
  mo_energy =
[-0.3070346  -0.23037502 -0.23037219  0.01819967  0.01820222  0.01820233
  0.01820377  0.0207478   0.02074799  0.04982947  0.0498323   0.04983241
  0.04983419  0.20941567  0.20941668  0.20941679  0.20941731  0.27474336
  0.2747437   0.28470938  0.28471076  0.28471091  0.28471164  0.35003973
  0.35003996  0.36704383  0.36704427  0.36704537  0.36704556  0.5317552
  0.53607211  0.53607262  0.80943889  0.80944051  0.842138    0.84354246
  0.84354248  0.86873182  0.8687325   0.86987706  0.86987733  0.86987735
  0.86987848  1.07969095  1.07969101  1.07969366  1.0796937   1.08825787
  1.08825906  1.08825907  1.08826044  1.11764952  1.11765086  1.11765088
  1.11765294  1.1350122   1.13501359  1.17885078  1.27843502  1.27843578
  1.27843586  1.27844132  1.27938897  1.27938902  1.5932672   1.59326897
  1.59326898  1.5932742   1.63353431  1.63353603  1.71408927  1.71409239
  1.71495677  1.71495991  1.71495994  1.71496838  1.75643254  1.75799554
  1.87336379  1.87336808  1.9014789   1.90148154  2.040105    2.04010507
  2.04018663  2.04018805  2.0401964   2.04019651  2.06113208  2.06113455
  2.06113457  2.06113909  2.25907436  2.25907447  2.25907696  2.25907699
  2.34568187  2.34580637  2.34580696  2.34580699  2.34721819  2.34734204
  2.40765647  2.40765648  2.40805985  2.47231359  2.47265069  2.47265092
  2.4962946   2.49629469  2.49629483  2.49629575  2.53729581  2.53729582
  2.53729981  2.53729993  2.76871235  2.76871348  2.76871363  2.76871593
  2.78765729  2.78765742  2.78767041  2.7876766   2.78773852  2.78773857
  2.79524549  2.79524739  2.88460554  2.88460673  2.88460678  2.88461059
  2.98052802  2.98053519  2.98053525  2.9805354   2.98076522  2.98077267
  3.02121962  3.02121985  3.02150841  3.02151011  3.0215157   3.02151607
  3.0744793   3.07448005  3.10636739  3.10636754  3.10636755  3.10636979
  3.26843308  3.26843677  3.26843691  3.2684401   3.28600484  3.28600839
  3.3517898   3.35179301  3.41725155  3.41725168  3.41725668  3.41725679
  3.42814617  3.42821888  3.42902137  3.42902219  3.42902225  3.4290922
  3.56125154  3.56379945  3.73144163  3.73166559  3.73166604  3.83440716
  3.83441447  4.33915752  4.33916002  4.33916007  4.3391632   4.62139076
  4.6213908   4.62244428  4.72313623  4.72313826  4.72325152  4.72325171
  4.72363055  4.72363117  4.7237105   4.72371396  4.72392566  4.72392684
  8.67248389  8.85903898  8.85905016  9.00052073  9.01013302  9.01449326
  9.01455795  9.01455851  9.01467239  9.02133958  9.02774515  9.03150784
  9.03631745  9.03631798  9.03650602  9.04055744]
nelec by numeric integration = 63.99999999567452
    CPU time for vxc      4.93 sec, wall time      4.95 sec
~/packages/PeriodicIntegrals/PeriodicIntegrals-junjie-benchmark/isdfx/isdfx.py +4733
[[ 5.92595498e-01 -2.07809952e-02 -4.78481577e-07 ...  3.28437815e-03
  -3.30298601e-03 -2.32501157e-09]
 [-2.07809952e-02  8.45280715e-04 -3.45359617e-07 ... -2.09113196e-04
   1.65334381e-04 -7.28850259e-10]
 [-4.78481577e-07 -3.45359617e-07  6.49879796e-01 ...  1.11063073e-04
   2.10736366e-03  3.15777416e-03]
 ...
 [ 3.28437815e-03 -2.09113196e-04  1.11063073e-04 ...  4.45759357e-04
   1.44219762e-06 -1.06840742e-09]
 [-3.30298601e-03  1.65334381e-04  2.10736366e-03 ...  1.44219762e-06
   2.26927902e-03  2.54698520e-06]
 [-2.32501157e-09 -7.28850259e-10  3.15777416e-03 ... -1.06840742e-09
   2.54698520e-06  6.71918693e-04]]
[[ 1.71213637e-01  1.17767802e-04 -2.07214179e-01 ... -6.07887321e-06
  -5.31803299e-06 -1.15345794e+00]
 [-6.74451048e-03  5.76331993e-06  4.11415536e-03 ... -5.38582391e-06
  -4.81513868e-06 -1.05967737e+00]
 [-1.08089695e-07 -1.22972463e-07  1.43415172e-07 ... -4.63085596e-02
   4.15556848e-06 -1.08130433e-06]
 ...
 [-7.57512465e-05  1.21696074e-03 -1.20902417e-03 ...  7.58005501e-05
  -1.51392682e-07 -4.51326954e-03]
 [ 1.94284348e-06 -2.89860898e-06 -8.85573427e-07 ... -5.03472718e-05
  -5.69639888e-02 -4.21272771e-02]
 [-2.03693694e-08  6.98670377e-09 -1.91509832e-08 ...  2.20896314e-03
   1.40722062e-05  4.89748378e-09]]
[2. 2. 2. 2. 2. 2. 2. 2. 2. 2. 2. 2. 2. 2. 2. 2. 2. 2. 2. 2. 2. 2. 2. 2.
 2. 2. 2. 2. 2. 2. 2. 2. 0. 0. 0. 0. 0. 0. 0. 0. 0. 0. 0. 0. 0. 0. 0. 0.
 0. 0. 0. 0. 0. 0. 0. 0. 0. 0. 0. 0. 0. 0. 0. 0. 0. 0. 0. 0. 0. 0. 0. 0.
 0. 0. 0. 0. 0. 0. 0. 0. 0. 0. 0. 0. 0. 0. 0. 0. 0. 0. 0. 0. 0. 0. 0. 0.
 0. 0. 0. 0. 0. 0. 0. 0. 0. 0. 0. 0. 0. 0. 0. 0. 0. 0. 0. 0. 0. 0. 0. 0.
 0. 0. 0. 0. 0. 0. 0. 0. 0. 0. 0. 0. 0. 0. 0. 0. 0. 0. 0. 0. 0. 0. 0. 0.
 0. 0. 0. 0. 0. 0. 0. 0. 0. 0. 0. 0. 0. 0. 0. 0. 0. 0. 0. 0. 0. 0. 0. 0.
 0. 0. 0. 0. 0. 0. 0. 0. 0. 0. 0. 0. 0. 0. 0. 0. 0. 0. 0. 0. 0. 0. 0. 0.
 0. 0. 0. 0. 0. 0. 0. 0. 0. 0. 0. 0. 0. 0. 0. 0.]
start SG
end SG -->  0.5244195461273193
    CPU time for vj and vk      3.23 sec, wall time      3.24 sec
E1 = 32.249547426980776  Ecoul = 8.782879386480852  Exc = -26.90124091299993
Extra cycle  E= -88.3397988834268  delta_E= 6.11e-10  |g|= 7.76e-05  |ddm|= 9.48e-05
    CPU time for scf_cycle     45.63 sec, wall time     45.78 sec
    CPU time for SCF     46.04 sec, wall time     46.19 sec
converged SCF energy = -88.3397988834268
Successfully saved all results to /central/scratch/yangjunjie//run-scf-spc-diamond-conv-1-1-2-fftisdf-ks-1-100-rcut_epsilon-1e-05-ke_epsilon-0.01-isdf_thresh-4e-05/48050899/scf.h5
