SLURMD_NODENAME = hpc-52-18
Start time = Wed Mar 19 05:12:36 PM PDT 2025
OMP_NUM_THREADS = 1
MKL_NUM_THREADS = 1
PYSCF_MAX_MEMORY = 409600
TMPDIR = /central/scratch/yangjunjie//run-scf-spc-diamond-prim-1-1-2-fftisdf-ks-1-100-rcut_epsilon-1e-05-ke_epsilon-0.05-isdf_thresh-5e-05/48100079/
PYSCF_TMPDIR = /central/scratch/yangjunjie//run-scf-spc-diamond-prim-1-1-2-fftisdf-ks-1-100-rcut_epsilon-1e-05-ke_epsilon-0.05-isdf_thresh-5e-05/48100079/

/home/junjiey/anaconda3/envs/fftisdf/bin/python
2.8.0
1.13.1
2.0.2
fft_engine = NUMPY+BLAS
name = diamond-prim
ke_cutoff =  1.00e+02
exxdiv = None
df = fftisdf-ks
chk_path = ../../../gdf-64/tmp/scf.h5
mesh = 1,1,2
rcut_epsilon =  1.00e-05
ke_epsilon =  5.00e-02
isdf_thresh =  5.00e-05

Discarded 6 diffused primitive functions, 0 contracted functions
ke_cutoff = 100.0
None

******** <class 'ISDFX'> ********
lin_dep_thresh: 1e-10
alpha_cutoff: 2.8
rcut_epsilon: 1e-05
ke_epsilon: 0.05
isdf_thresh: 5e-05
grid_vol_cutoff: 0.05
ke_step: 2.0
ao_tol: 1e-12
multigrid_on: True
direct_j: True
iterative_build: True
occRI: True
voronoi: True
fit_sparse_grid: False
fit_dense_grid: True
direct_k_sparse: True
direct_k: False
use_kpt_symm: False
kmesh: [1, 1, 1]
isdf_pts_from_q0: True
isdf_pts_from_gamma_point: False
alpha: None
do_real_isdf: False
N_xi: None
use_cell_periodic: False
isdf_thresh_sparse: None
ncopy: [1, 1, 1]
j_grid_mesh: None
k_grid_mesh: None
num_j_grids: 100
get_ao_from_pyscf: False
nuc_pp_version: 0
vppnl_ver: 0
universal_dense_grid: None
same_jk_grids: None
coulomb_only: False
max_memory   409600 MB (current use       90 MB)

Exchange function: getK_occRI  

cell mesh: [23 23 47]
nbas:  48
Grid     keMax    keMin    keGrid   expMax   expMin   nexp     lmax     PWs      mesh        
0        33.6     33.6     105.5    5.6      5.6      1        2        24863    [23 23 47]
1        12.7     2.1      12.7     2.1      0.3      3        2        1377     [ 9  9 17]
0        59.4     52.8     105.5    5.6      5.6      1        2        24863    [23 23 47]
1        22.4     3.7      22.4     2.1      0.3      3        2        3887     [13 13 23]

ISDF

atm      grid     Ng       NI       Nxi      sharp    on_grid  diffuse  maxexp   minexp   lmax     lmin    
0        0        24863    2021     111      9        108      99       5.61     5.61     2        0       
1        0        24863    2012     110      9        108      99       5.61     5.61     2        0       
2        0        24863    2012     110      9        108      99       5.61     5.61     2        0       
3        0        24863    2021     111      9        108      99       5.61     5.61     2        0       
-        1        1377     1377     1377     108      108      108      2.11     0.35     2        0       
ISDF-pts:       0.33
ISDF-vec:       0.03
Fit dense grids ISDF:       0.36
Fit sparse grids ISDF:       0.00

Grid     PWs      Ng_i     N_xi     N_mu    
0        24863    8066     442      432     
1        1377     1377     1377     108     

nTHC: 1819
Mem Required (MB):       5.85
Curent RAM Use (MB) :        138 

Build W
ISDF-fft dense grids (sec):       0.80
Curent RAM Use (MB) :        113 
ISDF-fft:       0.80

Initial guess from minao.
Big error detected in the electron number of initial guess density matrix (Ne/cell = 16.1866)!
  This can cause huge error in Fock matrix and lead to instability in SCF for low-dimensional systems.
  DM is normalized wrt the number of electrons 16
Successfully loaded dm0 from ../../../gdf-64/tmp/scf.h5
Successfully loaded h1e and s1e from ../../../gdf-64/tmp/scf.h5
~/packages/PeriodicIntegrals/PeriodicIntegrals-junjie-benchmark/isdfx/isdfx.py +4733
[[ 4.86172193e-01 -1.39157814e-02 -5.48149956e-03 ...  9.13456109e-03
  -1.21802416e-02  1.75790149e-03]
 [-1.39157814e-02  4.75208863e-04  1.59535658e-03 ... -2.68386526e-04
   3.57437715e-04 -5.16897598e-05]
 [-5.48149956e-03  1.59535658e-03  7.83114655e-01 ... -3.52104339e-02
   2.41358660e-03  2.11413002e-02]
 ...
 [ 9.13456109e-03 -2.68386526e-04 -3.52104339e-02 ...  3.43456457e-03
  -5.43261351e-04  7.05178178e-04]
 [-1.21802416e-02  3.57437715e-04  2.41358660e-03 ... -5.43261351e-04
   3.66659588e-03  2.15409911e-04]
 [ 1.75790149e-03 -5.16897598e-05  2.11413002e-02 ...  7.05178178e-04
   2.15409911e-04  4.13531469e-03]]
[[ 3.43138044e-01 -3.21239995e-01  1.48819146e-01 ... -8.35271853e-01
   9.05003501e-01  1.01235205e+00]
 [-1.26902860e-02  8.66516395e-03  1.21082496e-03 ... -8.65349065e-01
   8.82649247e-01  8.22969836e-01]
 [-2.65227932e-04  7.02796132e-02  1.33403637e-01 ... -4.67579470e-05
  -1.52561423e-02  1.44412452e-01]
 ...
 [-1.80384789e-04 -1.52432558e-02 -1.74880003e-03 ... -3.73965876e-04
  -3.82990561e-02 -5.44957798e-02]
 [ 2.40652775e-04  2.03248609e-02  2.33165397e-03 ...  5.15109871e-04
   5.10645343e-02  7.26857653e-02]
 [-3.47635032e-05 -2.93364175e-03 -3.36699731e-04 ... -7.68381247e-05
  -7.37483546e-03 -1.04905210e-02]]
[2. 2. 2. 2. 2. 2. 2. 2. 0. 0. 0. 0. 0. 0. 0. 0. 0. 0. 0. 0. 0. 0. 0. 0.
 0. 0. 0. 0. 0. 0. 0. 0. 0. 0. 0. 0. 0. 0. 0. 0. 0. 0. 0. 0. 0. 0. 0. 0.
 0. 0. 0. 0.]
~/packages/PeriodicIntegrals/PeriodicIntegrals-junjie-benchmark/isdfx/isdfx.py +4733
[[ 4.86172193e-01 -1.39157814e-02 -5.48149956e-03 ...  9.13456109e-03
  -1.21802416e-02  1.75790149e-03]
 [-1.39157814e-02  4.75208863e-04  1.59535658e-03 ... -2.68386526e-04
   3.57437715e-04 -5.16897598e-05]
 [-5.48149956e-03  1.59535658e-03  7.83114655e-01 ... -3.52104339e-02
   2.41358660e-03  2.11413002e-02]
 ...
 [ 9.13456109e-03 -2.68386526e-04 -3.52104339e-02 ...  3.43456457e-03
  -5.43261351e-04  7.05178178e-04]
 [-1.21802416e-02  3.57437715e-04  2.41358660e-03 ... -5.43261351e-04
   3.66659588e-03  2.15409911e-04]
 [ 1.75790149e-03 -5.16897598e-05  2.11413002e-02 ...  7.05178178e-04
   2.15409911e-04  4.13531469e-03]]
[[ 3.43138044e-01 -3.21239995e-01  1.48819146e-01 ... -8.35271853e-01
   9.05003501e-01  1.01235205e+00]
 [-1.26902860e-02  8.66516395e-03  1.21082496e-03 ... -8.65349065e-01
   8.82649247e-01  8.22969836e-01]
 [-2.65227932e-04  7.02796132e-02  1.33403637e-01 ... -4.67579470e-05
  -1.52561423e-02  1.44412452e-01]
 ...
 [-1.80384789e-04 -1.52432558e-02 -1.74880003e-03 ... -3.73965876e-04
  -3.82990561e-02 -5.44957798e-02]
 [ 2.40652775e-04  2.03248609e-02  2.33165397e-03 ...  5.15109871e-04
   5.10645343e-02  7.26857653e-02]
 [-3.47635032e-05 -2.93364175e-03 -3.36699731e-04 ... -7.68381247e-05
  -7.37483546e-03 -1.04905210e-02]]
[2. 2. 2. 2. 2. 2. 2. 2. 0. 0. 0. 0. 0. 0. 0. 0. 0. 0. 0. 0. 0. 0. 0. 0.
 0. 0. 0. 0. 0. 0. 0. 0. 0. 0. 0. 0. 0. 0. 0. 0. 0. 0. 0. 0. 0. 0. 0. 0.
 0. 0. 0. 0.]
start SG
end SG -->  0.006407260894775391


******** <class 'pyscf.pbc.dft.rks.RKS'> ********
method = RKS
initial guess = minao
damping factor = 0
level_shift factor = 0
DIIS = <class 'pyscf.scf.diis.CDIIS'>
diis_start_cycle = 1
diis_space = 8
diis_damp = 0
SCF conv_tol = 1e-08
SCF conv_tol_grad = None
SCF max_cycles = 50
direct_scf = True
direct_scf_tol = 1e-13
chkfile to save SCF result = /central/scratch/yangjunjie/run-scf-spc-diamond-prim-1-1-2-fftisdf-ks-1-100-rcut_epsilon-1e-05-ke_epsilon-0.05-isdf_thresh-5e-05/48100079/tmpy94upwi8
max_memory 409600 MB (current use 124 MB)
******** PBC SCF flags ********
kpt = [0. 0. 0.]
Exchange divergence treatment (exxdiv) = None
DF object = <isdfx.isdfx.ISDFX object at 0x7f033cef3490>
XC functionals = PBE0
small_rho_cutoff = 1e-07
Overwritten attributes  get_ovlp get_hcore  of <class 'pyscf.pbc.dft.rks.RKS'>
Set gradient conv threshold to 0.0001
nelec by numeric integration = 15.999999999385867
    CPU time for vxc      0.63 sec, wall time      0.63 sec
~/packages/PeriodicIntegrals/PeriodicIntegrals-junjie-benchmark/isdfx/isdfx.py +4733
[[ 4.86172193e-01 -1.39157814e-02 -5.48149956e-03 ...  9.13456109e-03
  -1.21802416e-02  1.75790149e-03]
 [-1.39157814e-02  4.75208863e-04  1.59535658e-03 ... -2.68386526e-04
   3.57437715e-04 -5.16897598e-05]
 [-5.48149956e-03  1.59535658e-03  7.83114655e-01 ... -3.52104339e-02
   2.41358660e-03  2.11413002e-02]
 ...
 [ 9.13456109e-03 -2.68386526e-04 -3.52104339e-02 ...  3.43456457e-03
  -5.43261351e-04  7.05178178e-04]
 [-1.21802416e-02  3.57437715e-04  2.41358660e-03 ... -5.43261351e-04
   3.66659588e-03  2.15409911e-04]
 [ 1.75790149e-03 -5.16897598e-05  2.11413002e-02 ...  7.05178178e-04
   2.15409911e-04  4.13531469e-03]]
[[ 3.43138044e-01 -3.21239995e-01  1.48819146e-01 ... -8.35271853e-01
   9.05003501e-01  1.01235205e+00]
 [-1.26902860e-02  8.66516395e-03  1.21082496e-03 ... -8.65349065e-01
   8.82649247e-01  8.22969836e-01]
 [-2.65227932e-04  7.02796132e-02  1.33403637e-01 ... -4.67579470e-05
  -1.52561423e-02  1.44412452e-01]
 ...
 [-1.80384789e-04 -1.52432558e-02 -1.74880003e-03 ... -3.73965876e-04
  -3.82990561e-02 -5.44957798e-02]
 [ 2.40652775e-04  2.03248609e-02  2.33165397e-03 ...  5.15109871e-04
   5.10645343e-02  7.26857653e-02]
 [-3.47635032e-05 -2.93364175e-03 -3.36699731e-04 ... -7.68381247e-05
  -7.37483546e-03 -1.04905210e-02]]
[2. 2. 2. 2. 2. 2. 2. 2. 0. 0. 0. 0. 0. 0. 0. 0. 0. 0. 0. 0. 0. 0. 0. 0.
 0. 0. 0. 0. 0. 0. 0. 0. 0. 0. 0. 0. 0. 0. 0. 0. 0. 0. 0. 0. 0. 0. 0. 0.
 0. 0. 0. 0.]
start SG
end SG -->  0.006294965744018555
    CPU time for vj and vk      0.36 sec, wall time      0.36 sec
E1 = 8.784676807250891  Ecoul = 2.827192582311076  Exc = -6.605221954012213
init E= -20.6110987604224
    CPU time for initialize scf      0.99 sec, wall time      0.99 sec
  HOMO = 0.617497656848536  LUMO = 0.871926502594343
  mo_energy =
[-2.23594543e-01 -7.28119240e-03  7.95005255e-02  4.86954329e-01
  4.86993015e-01  5.99508478e-01  5.99550896e-01  6.17497657e-01
  8.71926503e-01  8.75240500e-01  8.75251311e-01  9.96350344e-01
  9.96360997e-01  1.02620046e+00  1.22627018e+00  1.38953613e+00
  1.74925035e+00  1.78006601e+00  1.78006858e+00  1.94436839e+00
  1.94438939e+00  2.08926450e+00  2.08927133e+00  2.43892819e+00
  2.44480545e+00  2.44480904e+00  2.51763609e+00  2.51778788e+00
  2.51783665e+00  2.67919859e+00  2.93555524e+00  2.97056435e+00
  2.97059974e+00  3.01082425e+00  3.01085864e+00  3.30312033e+00
  3.59739484e+00  3.59740331e+00  3.64871231e+00  3.64872822e+00
  3.77123945e+00  3.77135041e+00  3.77141277e+00  4.54703119e+00
  4.54704600e+00  4.66023979e+00  4.66444564e+00  4.66445938e+00
  8.76305057e+00  9.09006237e+00  9.10327227e+00  9.14708656e+00]
nelec by numeric integration = 15.999999999385883
    CPU time for vxc      0.59 sec, wall time      0.61 sec
~/packages/PeriodicIntegrals/PeriodicIntegrals-junjie-benchmark/isdfx/isdfx.py +4733
[[ 4.86178386e-01 -1.39186698e-02 -5.47648943e-03 ...  9.13480387e-03
  -1.21793725e-02  1.75793975e-03]
 [-1.39186698e-02  4.75406501e-04  1.59601096e-03 ... -2.68564279e-04
   3.57721953e-04 -5.17845371e-05]
 [-5.47648943e-03  1.59601096e-03  7.83114180e-01 ... -3.52081274e-02
   2.41705586e-03  2.11374394e-02]
 ...
 [ 9.13480387e-03 -2.68564279e-04 -3.52081274e-02 ...  3.43432786e-03
  -5.43852285e-04  7.05146265e-04]
 [-1.21793725e-02  3.57721953e-04  2.41705586e-03 ... -5.43852285e-04
   3.66672782e-03  2.15272919e-04]
 [ 1.75793975e-03 -5.17845371e-05  2.11374394e-02 ...  7.05146265e-04
   2.15272919e-04  4.13430335e-03]]
[[ 3.43141570e-01 -3.21239190e-01  1.48823141e-01 ...  8.36683376e-01
  -9.03088197e-01  1.01176751e+00]
 [-1.26918921e-02  8.66833555e-03  1.21188032e-03 ...  8.67073247e-01
  -8.81070770e-01  8.23089127e-01]
 [-2.64727289e-04  7.02754569e-02  1.33401331e-01 ...  7.99903672e-05
   1.52278371e-02  1.44098268e-01]
 ...
 [-1.79630479e-04 -1.52434235e-02 -1.74901022e-03 ...  3.60540952e-04
   3.82677181e-02 -5.44425628e-02]
 [ 2.41246710e-04  2.03241301e-02  2.32974486e-03 ... -4.84639877e-04
  -5.10335632e-02  7.26123304e-02]
 [-3.45954103e-05 -2.93383659e-03 -3.36885485e-04 ...  7.40517574e-05
   7.36883984e-03 -1.04798234e-02]]
[2. 2. 2. 2. 2. 2. 2. 2. 0. 0. 0. 0. 0. 0. 0. 0. 0. 0. 0. 0. 0. 0. 0. 0.
 0. 0. 0. 0. 0. 0. 0. 0. 0. 0. 0. 0. 0. 0. 0. 0. 0. 0. 0. 0. 0. 0. 0. 0.
 0. 0. 0. 0.]
start SG
end SG -->  0.006372690200805664
    CPU time for vj and vk      0.36 sec, wall time      0.36 sec
E1 = 8.78474807889057  Ecoul = 2.8270931397715953  Exc = -6.605193796173136
cycle= 1 E= -20.6110987734831  delta_E= -1.31e-08  |g|= 3.5e-05  |ddm|= 0.000214
    CPU time for cycle= 1      0.96 sec, wall time      0.97 sec
  HOMO = 0.61749288099257  LUMO = 0.871920828752587
  mo_energy =
[-2.23599182e-01 -7.28738548e-03  7.94989035e-02  4.86947119e-01
  4.86987641e-01  5.99500157e-01  5.99544855e-01  6.17492881e-01
  8.71920829e-01  8.75236376e-01  8.75245829e-01  9.96345607e-01
  9.96354160e-01  1.02619326e+00  1.22626180e+00  1.38952807e+00
  1.74924334e+00  1.78006302e+00  1.78006572e+00  1.94436158e+00
  1.94438428e+00  2.08926213e+00  2.08926908e+00  2.43892184e+00
  2.44480055e+00  2.44480280e+00  2.51762822e+00  2.51777861e+00
  2.51782841e+00  2.67919428e+00  2.93554960e+00  2.97055605e+00
  2.97059142e+00  3.01081687e+00  3.01085181e+00  3.30311262e+00
  3.59738905e+00  3.59739771e+00  3.64870602e+00  3.64872232e+00
  3.77123275e+00  3.77134225e+00  3.77140565e+00  4.54702496e+00
  4.54703992e+00  4.66023303e+00  4.66443872e+00  4.66445264e+00
  8.76303043e+00  9.09004322e+00  9.10325211e+00  9.14706746e+00]
nelec by numeric integration = 15.999999999385883
    CPU time for vxc      0.59 sec, wall time      0.59 sec
~/packages/PeriodicIntegrals/PeriodicIntegrals-junjie-benchmark/isdfx/isdfx.py +4733
[[ 4.86181764e-01 -1.39194798e-02 -5.47351700e-03 ...  9.13471086e-03
  -1.21790910e-02  1.75788524e-03]
 [-1.39194798e-02  4.75441023e-04  1.59574636e-03 ... -2.68564642e-04
   3.57721719e-04 -5.17854694e-05]
 [-5.47351700e-03  1.59574636e-03  7.83117713e-01 ... -3.52093006e-02
   2.41660043e-03  2.11384163e-02]
 ...
 [ 9.13471086e-03 -2.68564642e-04 -3.52093006e-02 ...  3.43449067e-03
  -5.43760412e-04  7.05155120e-04]
 [-1.21790910e-02  3.57721719e-04  2.41660043e-03 ... -5.43760412e-04
   3.66672636e-03  2.15240365e-04]
 [ 1.75788524e-03 -5.17854694e-05  2.11384163e-02 ...  7.05155120e-04
   2.15240365e-04  4.13451283e-03]]
[[ 3.43156999e-01 -3.21223908e-01 -1.48826212e-01 ... -8.37719149e-01
   9.02128384e-01  1.01173989e+00]
 [-1.26926752e-02  8.66827892e-03 -1.21124048e-03 ... -8.68083172e-01
   8.80075596e-01  8.23054793e-01]
 [-2.68311219e-04  7.02772266e-02 -1.33403639e-01 ... -6.24652432e-05
  -1.52278920e-02  1.44098666e-01]
 ...
 [-1.78802040e-04 -1.52436841e-02  1.74927412e-03 ... -3.16595858e-04
  -3.82681318e-02 -5.44426786e-02]
 [ 2.40257206e-04  2.03243013e-02 -2.33018507e-03 ...  4.26154729e-04
   5.10339950e-02  7.26124364e-02]
 [-3.44506566e-05 -2.93387715e-03  3.36955865e-04 ... -6.55811479e-05
  -7.36891002e-03 -1.04798238e-02]]
[2. 2. 2. 2. 2. 2. 2. 2. 0. 0. 0. 0. 0. 0. 0. 0. 0. 0. 0. 0. 0. 0. 0. 0.
 0. 0. 0. 0. 0. 0. 0. 0. 0. 0. 0. 0. 0. 0. 0. 0. 0. 0. 0. 0. 0. 0. 0. 0.
 0. 0. 0. 0.]
start SG
end SG -->  0.006361484527587891
    CPU time for vj and vk      0.36 sec, wall time      0.36 sec
E1 = 8.78473884938474  Ecoul = 2.8271064277652185  Exc = -6.60519785481391
cycle= 2 E= -20.6110987736361  delta_E= -1.53e-10  |g|= 2.02e-05  |ddm|= 4.31e-05
    CPU time for cycle= 2      0.95 sec, wall time      0.96 sec
  HOMO = 0.617493421407625  LUMO = 0.8719215832689
  mo_energy =
[-2.23598582e-01 -7.28653374e-03  7.94990603e-02  4.86948066e-01
  4.86988405e-01  5.99501232e-01  5.99545727e-01  6.17493421e-01
  8.71921583e-01  8.75236946e-01  8.75246523e-01  9.96346292e-01
  9.96355070e-01  1.02619417e+00  1.22626289e+00  1.38952905e+00
  1.74924418e+00  1.78006343e+00  1.78006612e+00  1.94436244e+00
  1.94438500e+00  2.08926241e+00  2.08926932e+00  2.43892269e+00
  2.44480123e+00  2.44480357e+00  2.51762919e+00  2.51777982e+00
  2.51782955e+00  2.67919487e+00  2.93555031e+00  2.97055712e+00
  2.97059255e+00  3.01081786e+00  3.01085271e+00  3.30311359e+00
  3.59738980e+00  3.59739847e+00  3.64870687e+00  3.64872313e+00
  3.77123357e+00  3.77134333e+00  3.77140663e+00  4.54702580e+00
  4.54704074e+00  4.66023389e+00  4.66443963e+00  4.66445356e+00
  8.76303292e+00  9.09004527e+00  9.10325493e+00  9.14706985e+00]
nelec by numeric integration = 15.999999999385876
    CPU time for vxc      0.60 sec, wall time      0.60 sec
~/packages/PeriodicIntegrals/PeriodicIntegrals-junjie-benchmark/isdfx/isdfx.py +4733
[[ 4.86180046e-01 -1.39191919e-02 -5.47567570e-03 ...  9.13480123e-03
  -1.21792252e-02  1.75790361e-03]
 [-1.39191919e-02  4.75429835e-04  1.59597939e-03 ... -2.68577314e-04
   3.57738687e-04 -5.17878807e-05]
 [-5.47567570e-03  1.59597939e-03  7.83114594e-01 ... -3.52086862e-02
   2.41679470e-03  2.11380581e-02]
 ...
 [ 9.13480123e-03 -2.68577314e-04 -3.52086862e-02 ...  3.43439856e-03
  -5.43808148e-04  7.05149415e-04]
 [-1.21792252e-02  3.57738687e-04  2.41679470e-03 ... -5.43808148e-04
   3.66669900e-03  2.15265328e-04]
 [ 1.75790361e-03 -5.17878807e-05  2.11380581e-02 ...  7.05149415e-04
   2.15265328e-04  4.13441271e-03]]
[[ 3.43144535e-01 -3.21236674e-01  1.48824517e-01 ...  8.36863469e-01
  -9.02921870e-01  1.01176327e+00]
 [-1.26921644e-02  8.66865717e-03  1.21154241e-03 ...  8.67248608e-01
  -8.80898027e-01  8.23083007e-01]
 [-2.66030798e-04  7.02759070e-02  1.33401986e-01 ...  7.68988908e-05
   1.52279319e-02  1.44098613e-01]
 ...
 [-1.79369882e-04 -1.52434532e-02 -1.74911687e-03 ...  3.52905673e-04
   3.82679213e-02 -5.44426702e-02]
 [ 2.40998473e-04  2.03240068e-02  2.32998714e-03 ... -4.74588598e-04
  -5.10337028e-02  7.26124340e-02]
 [-3.45583441e-05 -2.93383277e-03 -3.36928566e-04 ...  7.25737612e-05
   7.36886702e-03 -1.04798234e-02]]
[2. 2. 2. 2. 2. 2. 2. 2. 0. 0. 0. 0. 0. 0. 0. 0. 0. 0. 0. 0. 0. 0. 0. 0.
 0. 0. 0. 0. 0. 0. 0. 0. 0. 0. 0. 0. 0. 0. 0. 0. 0. 0. 0. 0. 0. 0. 0. 0.
 0. 0. 0. 0.]
start SG
end SG -->  0.006242036819458008
    CPU time for vj and vk      0.36 sec, wall time      0.36 sec
E1 = 8.784739975439058  Ecoul = 2.827104825655678  Exc = -6.605197378789238
Extra cycle  E= -20.6110987736667  delta_E= -3.05e-11  |g|= 1.71e-05  |ddm|= 3.4e-05
    CPU time for scf_cycle      3.87 sec, wall time      3.89 sec
    CPU time for SCF      3.91 sec, wall time      3.94 sec
converged SCF energy = -20.6110987736667
Successfully saved all results to /central/scratch/yangjunjie//run-scf-spc-diamond-prim-1-1-2-fftisdf-ks-1-100-rcut_epsilon-1e-05-ke_epsilon-0.05-isdf_thresh-5e-05/48100079/scf.h5
