SLURMD_NODENAME = hpc-35-04
Start time = Fri Mar 14 11:41:27 AM PDT 2025
OMP_NUM_THREADS = 1
MKL_NUM_THREADS = 1
PYSCF_MAX_MEMORY = 81920
TMPDIR = /central/scratch/yangjunjie//run-scf-spc-diamond-prim-1-1-2-fftisdf-ks-1-100-rcut_epsilon-1e-05-ke_epsilon-0.05-isdf_thresh-5e-05/48015093/
PYSCF_TMPDIR = /central/scratch/yangjunjie//run-scf-spc-diamond-prim-1-1-2-fftisdf-ks-1-100-rcut_epsilon-1e-05-ke_epsilon-0.05-isdf_thresh-5e-05/48015093/

/home/junjiey/anaconda3/envs/fftisdf/bin/python
2.8.0
1.13.1
2.0.2
fft_engine = NUMPY+BLAS
name = diamond-prim
ke_cutoff =  1.00e+02
exxdiv = None
df = fftisdf-ks
chk_path = ../../../gdf-32/tmp/scf.h5
mesh = 1,1,2
rcut_epsilon =  1.00e-05
ke_epsilon =  5.00e-02
isdf_thresh =  5.00e-05

Discarded 6 diffused primitive functions, 0 contracted functions
ke_cutoff = 100.0
None

******** <class 'ISDFX'> ********
lin_dep_thresh: 1e-10
alpha_cutoff: 2.8
rcut_epsilon: 1e-05
ke_epsilon: 0.05
isdf_thresh: 5e-05
grid_vol_cutoff: 0.05
ke_step: 2.0
ao_tol: 1e-12
multigrid_on: True
direct_j: True
iterative_build: True
occRI: True
voronoi: True
fit_sparse_grid: False
fit_dense_grid: True
direct_k_sparse: True
direct_k: False
use_kpt_symm: False
kmesh: [1, 1, 1]
isdf_pts_from_q0: True
isdf_pts_from_gamma_point: False
alpha: None
do_real_isdf: False
N_xi: None
use_cell_periodic: False
isdf_thresh_sparse: None
ncopy: [1, 1, 1]
j_grid_mesh: None
k_grid_mesh: None
num_j_grids: 100
get_ao_from_pyscf: False
nuc_pp_version: 0
vppnl_ver: 0
universal_dense_grid: None
same_jk_grids: None
coulomb_only: False
max_memory    81920 MB (current use       92 MB)

Exchange function: getK_occRI  

cell mesh: [23 23 47]
nbas:  48
Grid     keMax    keMin    keGrid   expMax   expMin   nexp     lmax     PWs      mesh        
0        33.6     33.6     105.5    5.6      5.6      1        2        24863    [23 23 47]
1        12.7     2.1      12.7     2.1      0.3      3        2        1377     [ 9  9 17]
0        59.4     52.8     105.5    5.6      5.6      1        2        24863    [23 23 47]
1        22.4     3.7      22.4     2.1      0.3      3        2        3887     [13 13 23]

ISDF

atm      grid     Ng       NI       Nxi      sharp    on_grid  diffuse  maxexp   minexp   lmax     lmin    
0        0        24863    2021     111      9        108      99       5.61     5.61     2        0       
1        0        24863    2012     110      9        108      99       5.61     5.61     2        0       
2        0        24863    2012     110      9        108      99       5.61     5.61     2        0       
3        0        24863    2021     111      9        108      99       5.61     5.61     2        0       
-        1        1377     1377     1377     108      108      108      2.11     0.35     2        0       
ISDF-pts:       0.52
ISDF-vec:       0.05
Fit dense grids ISDF:       0.57
Fit sparse grids ISDF:       0.00

Grid     PWs      Ng_i     N_xi     N_mu    
0        24863    8066     442      432     
1        1377     1377     1377     108     

nTHC: 1819
Mem Required (MB):       5.85
Curent RAM Use (MB) :        139 

Build W
ISDF-fft dense grids (sec):       1.26
Curent RAM Use (MB) :        114 
ISDF-fft:       1.26

Initial guess from minao.
Big error detected in the electron number of initial guess density matrix (Ne/cell = 16.1866)!
  This can cause huge error in Fock matrix and lead to instability in SCF for low-dimensional systems.
  DM is normalized wrt the number of electrons 16
Successfully loaded dm0 from ../../../gdf-32/tmp/scf.h5
~/packages/PeriodicIntegrals/PeriodicIntegrals-junjie-benchmark/isdfx/isdfx.py +4733
[[ 4.86172193e-01 -1.39157814e-02 -5.48149956e-03 ...  9.13456109e-03
  -1.21802416e-02  1.75790149e-03]
 [-1.39157814e-02  4.75208863e-04  1.59535658e-03 ... -2.68386526e-04
   3.57437715e-04 -5.16897598e-05]
 [-5.48149956e-03  1.59535658e-03  7.83114655e-01 ... -3.52104339e-02
   2.41358660e-03  2.11413002e-02]
 ...
 [ 9.13456109e-03 -2.68386526e-04 -3.52104339e-02 ...  3.43456457e-03
  -5.43261351e-04  7.05178178e-04]
 [-1.21802416e-02  3.57437715e-04  2.41358660e-03 ... -5.43261351e-04
   3.66659588e-03  2.15409911e-04]
 [ 1.75790149e-03 -5.16897598e-05  2.11413002e-02 ...  7.05178178e-04
   2.15409911e-04  4.13531469e-03]]
[[ 3.43138044e-01 -3.21239995e-01  1.48819146e-01 ... -8.35271853e-01
   9.05003501e-01  1.01235205e+00]
 [-1.26902860e-02  8.66516395e-03  1.21082496e-03 ... -8.65349065e-01
   8.82649247e-01  8.22969836e-01]
 [-2.65227932e-04  7.02796132e-02  1.33403637e-01 ... -4.67579473e-05
  -1.52561423e-02  1.44412452e-01]
 ...
 [-1.80384789e-04 -1.52432558e-02 -1.74880003e-03 ... -3.73965876e-04
  -3.82990561e-02 -5.44957798e-02]
 [ 2.40652775e-04  2.03248609e-02  2.33165397e-03 ...  5.15109870e-04
   5.10645343e-02  7.26857653e-02]
 [-3.47635032e-05 -2.93364175e-03 -3.36699731e-04 ... -7.68381247e-05
  -7.37483546e-03 -1.04905210e-02]]
[2. 2. 2. 2. 2. 2. 2. 2. 0. 0. 0. 0. 0. 0. 0. 0. 0. 0. 0. 0. 0. 0. 0. 0.
 0. 0. 0. 0. 0. 0. 0. 0. 0. 0. 0. 0. 0. 0. 0. 0. 0. 0. 0. 0. 0. 0. 0. 0.
 0. 0. 0. 0.]
~/packages/PeriodicIntegrals/PeriodicIntegrals-junjie-benchmark/isdfx/isdfx.py +4733
[[ 4.86172193e-01 -1.39157814e-02 -5.48149956e-03 ...  9.13456109e-03
  -1.21802416e-02  1.75790149e-03]
 [-1.39157814e-02  4.75208863e-04  1.59535658e-03 ... -2.68386526e-04
   3.57437715e-04 -5.16897598e-05]
 [-5.48149956e-03  1.59535658e-03  7.83114655e-01 ... -3.52104339e-02
   2.41358660e-03  2.11413002e-02]
 ...
 [ 9.13456109e-03 -2.68386526e-04 -3.52104339e-02 ...  3.43456457e-03
  -5.43261351e-04  7.05178178e-04]
 [-1.21802416e-02  3.57437715e-04  2.41358660e-03 ... -5.43261351e-04
   3.66659588e-03  2.15409911e-04]
 [ 1.75790149e-03 -5.16897598e-05  2.11413002e-02 ...  7.05178178e-04
   2.15409911e-04  4.13531469e-03]]
[[ 3.43138044e-01 -3.21239995e-01  1.48819146e-01 ... -8.35271853e-01
   9.05003501e-01  1.01235205e+00]
 [-1.26902860e-02  8.66516395e-03  1.21082496e-03 ... -8.65349065e-01
   8.82649247e-01  8.22969836e-01]
 [-2.65227932e-04  7.02796132e-02  1.33403637e-01 ... -4.67579473e-05
  -1.52561423e-02  1.44412452e-01]
 ...
 [-1.80384789e-04 -1.52432558e-02 -1.74880003e-03 ... -3.73965876e-04
  -3.82990561e-02 -5.44957798e-02]
 [ 2.40652775e-04  2.03248609e-02  2.33165397e-03 ...  5.15109870e-04
   5.10645343e-02  7.26857653e-02]
 [-3.47635032e-05 -2.93364175e-03 -3.36699731e-04 ... -7.68381247e-05
  -7.37483546e-03 -1.04905210e-02]]
[2. 2. 2. 2. 2. 2. 2. 2. 0. 0. 0. 0. 0. 0. 0. 0. 0. 0. 0. 0. 0. 0. 0. 0.
 0. 0. 0. 0. 0. 0. 0. 0. 0. 0. 0. 0. 0. 0. 0. 0. 0. 0. 0. 0. 0. 0. 0. 0.
 0. 0. 0. 0.]
start SG
end SG -->  0.009893178939819336


******** <class 'pyscf.pbc.dft.rks.RKS'> ********
method = RKS
initial guess = minao
damping factor = 0
level_shift factor = 0
DIIS = <class 'pyscf.scf.diis.CDIIS'>
diis_start_cycle = 1
diis_space = 8
diis_damp = 0
SCF conv_tol = 1e-08
SCF conv_tol_grad = None
SCF max_cycles = 50
direct_scf = True
direct_scf_tol = 1e-13
chkfile to save SCF result = /central/scratch/yangjunjie/run-scf-spc-diamond-prim-1-1-2-fftisdf-ks-1-100-rcut_epsilon-1e-05-ke_epsilon-0.05-isdf_thresh-5e-05/48015093/tmpvfbzc5mh
max_memory 81920 MB (current use 126 MB)
******** PBC SCF flags ********
kpt = [0. 0. 0.]
Exchange divergence treatment (exxdiv) = None
DF object = <isdfx.isdfx.ISDFX object at 0x7f4e0ec14310>
XC functionals = PBE0
small_rho_cutoff = 1e-07
Set gradient conv threshold to 0.0001
nelec by numeric integration = 15.999999999385878
    CPU time for vxc      0.98 sec, wall time      0.99 sec
~/packages/PeriodicIntegrals/PeriodicIntegrals-junjie-benchmark/isdfx/isdfx.py +4733
[[ 4.86172193e-01 -1.39157814e-02 -5.48149956e-03 ...  9.13456109e-03
  -1.21802416e-02  1.75790149e-03]
 [-1.39157814e-02  4.75208863e-04  1.59535658e-03 ... -2.68386526e-04
   3.57437715e-04 -5.16897598e-05]
 [-5.48149956e-03  1.59535658e-03  7.83114655e-01 ... -3.52104339e-02
   2.41358660e-03  2.11413002e-02]
 ...
 [ 9.13456109e-03 -2.68386526e-04 -3.52104339e-02 ...  3.43456457e-03
  -5.43261351e-04  7.05178178e-04]
 [-1.21802416e-02  3.57437715e-04  2.41358660e-03 ... -5.43261351e-04
   3.66659588e-03  2.15409911e-04]
 [ 1.75790149e-03 -5.16897598e-05  2.11413002e-02 ...  7.05178178e-04
   2.15409911e-04  4.13531469e-03]]
[[ 3.43138044e-01 -3.21239995e-01  1.48819146e-01 ... -8.35271853e-01
   9.05003501e-01  1.01235205e+00]
 [-1.26902860e-02  8.66516395e-03  1.21082496e-03 ... -8.65349065e-01
   8.82649247e-01  8.22969836e-01]
 [-2.65227932e-04  7.02796132e-02  1.33403637e-01 ... -4.67579473e-05
  -1.52561423e-02  1.44412452e-01]
 ...
 [-1.80384789e-04 -1.52432558e-02 -1.74880003e-03 ... -3.73965876e-04
  -3.82990561e-02 -5.44957798e-02]
 [ 2.40652775e-04  2.03248609e-02  2.33165397e-03 ...  5.15109870e-04
   5.10645343e-02  7.26857653e-02]
 [-3.47635032e-05 -2.93364175e-03 -3.36699731e-04 ... -7.68381247e-05
  -7.37483546e-03 -1.04905210e-02]]
[2. 2. 2. 2. 2. 2. 2. 2. 0. 0. 0. 0. 0. 0. 0. 0. 0. 0. 0. 0. 0. 0. 0. 0.
 0. 0. 0. 0. 0. 0. 0. 0. 0. 0. 0. 0. 0. 0. 0. 0. 0. 0. 0. 0. 0. 0. 0. 0.
 0. 0. 0. 0.]
start SG
end SG -->  0.009773015975952148
    CPU time for vj and vk      0.56 sec, wall time      0.56 sec
E1 = 8.784676794060283  Ecoul = 2.8271925823110764  Exc = -6.605221954012217
init E= -20.611098773613
    CPU time for initialize scf      2.37 sec, wall time      2.39 sec
  HOMO = 0.617497655854563  LUMO = 0.871926503610637
  mo_energy =
[-2.23594545e-01 -7.28119179e-03  7.95005254e-02  4.86954329e-01
  4.86993013e-01  5.99508478e-01  5.99550893e-01  6.17497656e-01
  8.71926504e-01  8.75240502e-01  8.75251311e-01  9.96350345e-01
  9.96360995e-01  1.02620046e+00  1.22627018e+00  1.38953613e+00
  1.74925034e+00  1.78006601e+00  1.78006858e+00  1.94436839e+00
  1.94438939e+00  2.08926450e+00  2.08927133e+00  2.43892819e+00
  2.44480545e+00  2.44480904e+00  2.51763610e+00  2.51778789e+00
  2.51783664e+00  2.67919859e+00  2.93555524e+00  2.97056435e+00
  2.97059973e+00  3.01082425e+00  3.01085863e+00  3.30312035e+00
  3.59739483e+00  3.59740330e+00  3.64871232e+00  3.64872822e+00
  3.77123944e+00  3.77135041e+00  3.77141274e+00  4.54703119e+00
  4.54704600e+00  4.66023982e+00  4.66444567e+00  4.66445941e+00
  8.76305062e+00  9.09006242e+00  9.10327232e+00  9.14708661e+00]
nelec by numeric integration = 15.999999999385873
    CPU time for vxc      0.82 sec, wall time      0.82 sec
~/packages/PeriodicIntegrals/PeriodicIntegrals-junjie-benchmark/isdfx/isdfx.py +4733
[[ 4.86178384e-01 -1.39186705e-02 -5.47648941e-03 ...  9.13480396e-03
  -1.21793723e-02  1.75793979e-03]
 [-1.39186705e-02  4.75406544e-04  1.59601096e-03 ... -2.68564303e-04
   3.57721979e-04 -5.17845410e-05]
 [-5.47648941e-03  1.59601096e-03  7.83114180e-01 ... -3.52081270e-02
   2.41705588e-03  2.11374391e-02]
 ...
 [ 9.13480396e-03 -2.68564303e-04 -3.52081270e-02 ...  3.43432780e-03
  -5.43852293e-04  7.05146252e-04]
 [-1.21793723e-02  3.57721979e-04  2.41705588e-03 ... -5.43852293e-04
   3.66672776e-03  2.15272903e-04]
 [ 1.75793979e-03 -5.17845410e-05  2.11374391e-02 ...  7.05146252e-04
   2.15272903e-04  4.13430325e-03]]
[[ 3.43141569e-01 -3.21239190e-01  1.48823140e-01 ...  8.36683371e-01
  -9.03088203e-01  1.01176751e+00]
 [-1.26918925e-02  8.66833616e-03  1.21188021e-03 ...  8.67073242e-01
  -8.81070774e-01  8.23089129e-01]
 [-2.64727262e-04  7.02754568e-02  1.33401331e-01 ...  7.99929667e-05
   1.52278331e-02  1.44098268e-01]
 ...
 [-1.79630271e-04 -1.52434235e-02 -1.74901032e-03 ...  3.60544517e-04
   3.82677147e-02 -5.44425635e-02]
 [ 2.41246797e-04  2.03241298e-02  2.32974463e-03 ... -4.84637696e-04
  -5.10335650e-02  7.26123304e-02]
 [-3.45953610e-05 -2.93383661e-03 -3.36885490e-04 ...  7.40523657e-05
   7.36883895e-03 -1.04798237e-02]]
[2. 2. 2. 2. 2. 2. 2. 2. 0. 0. 0. 0. 0. 0. 0. 0. 0. 0. 0. 0. 0. 0. 0. 0.
 0. 0. 0. 0. 0. 0. 0. 0. 0. 0. 0. 0. 0. 0. 0. 0. 0. 0. 0. 0. 0. 0. 0. 0.
 0. 0. 0. 0.]
start SG
end SG -->  0.006388187408447266
    CPU time for vj and vk      0.36 sec, wall time      0.36 sec
E1 = 8.784748063686248  Ecoul = 2.8270931421833145  Exc = -6.605193796570281
cycle= 1 E= -20.6110987866729  delta_E= -1.31e-08  |g|= 3.5e-05  |ddm|= 0.000214
    CPU time for cycle= 1      1.19 sec, wall time      1.19 sec
  HOMO = 0.617492880240467  LUMO = 0.871920829887663
  mo_energy =
[-2.23599184e-01 -7.28738480e-03  7.94989035e-02  4.86947119e-01
  4.86987639e-01  5.99500157e-01  5.99544852e-01  6.17492880e-01
  8.71920830e-01  8.75236378e-01  8.75245829e-01  9.96345608e-01
  9.96354158e-01  1.02619326e+00  1.22626180e+00  1.38952807e+00
  1.74924334e+00  1.78006302e+00  1.78006571e+00  1.94436158e+00
  1.94438428e+00  2.08926212e+00  2.08926908e+00  2.43892184e+00
  2.44480055e+00  2.44480279e+00  2.51762822e+00  2.51777862e+00
  2.51782841e+00  2.67919428e+00  2.93554960e+00  2.97055605e+00
  2.97059141e+00  3.01081687e+00  3.01085180e+00  3.30311264e+00
  3.59738904e+00  3.59739770e+00  3.64870603e+00  3.64872232e+00
  3.77123274e+00  3.77134225e+00  3.77140563e+00  4.54702496e+00
  4.54703991e+00  4.66023306e+00  4.66443875e+00  4.66445266e+00
  8.76303048e+00  9.09004327e+00  9.10325216e+00  9.14706751e+00]
nelec by numeric integration = 15.999999999385873
    CPU time for vxc      0.59 sec, wall time      0.59 sec
~/packages/PeriodicIntegrals/PeriodicIntegrals-junjie-benchmark/isdfx/isdfx.py +4733
[[ 4.86181762e-01 -1.39194805e-02 -5.47351706e-03 ...  9.13471094e-03
  -1.21790907e-02  1.75788529e-03]
 [-1.39194805e-02  4.75441065e-04  1.59574638e-03 ... -2.68564666e-04
   3.57721746e-04 -5.17854732e-05]
 [-5.47351706e-03  1.59574638e-03  7.83117714e-01 ... -3.52093002e-02
   2.41660042e-03  2.11384159e-02]
 ...
 [ 9.13471094e-03 -2.68564666e-04 -3.52093002e-02 ...  3.43449061e-03
  -5.43760416e-04  7.05155107e-04]
 [-1.21790907e-02  3.57721746e-04  2.41660042e-03 ... -5.43760416e-04
   3.66672630e-03  2.15240346e-04]
 [ 1.75788529e-03 -5.17854732e-05  2.11384159e-02 ...  7.05155107e-04
   2.15240346e-04  4.13451271e-03]]
[[ 3.43156998e-01 -3.21223908e-01 -1.48826211e-01 ... -8.37719125e-01
   9.02128407e-01  1.01173989e+00]
 [-1.26926757e-02  8.66827953e-03 -1.21124039e-03 ... -8.68083148e-01
   8.80075619e-01  8.23054795e-01]
 [-2.68311104e-04  7.02772263e-02 -1.33403639e-01 ... -6.24681970e-05
  -1.52278879e-02  1.44098666e-01]
 ...
 [-1.78801848e-04 -1.52436841e-02  1.74927424e-03 ... -3.16600266e-04
  -3.82681284e-02 -5.44426793e-02]
 [ 2.40257305e-04  2.03243010e-02 -2.33018484e-03 ...  4.26153650e-04
   5.10339968e-02  7.26124364e-02]
 [-3.44506105e-05 -2.93387717e-03  3.36955864e-04 ... -6.55819181e-05
  -7.36890912e-03 -1.04798241e-02]]
[2. 2. 2. 2. 2. 2. 2. 2. 0. 0. 0. 0. 0. 0. 0. 0. 0. 0. 0. 0. 0. 0. 0. 0.
 0. 0. 0. 0. 0. 0. 0. 0. 0. 0. 0. 0. 0. 0. 0. 0. 0. 0. 0. 0. 0. 0. 0. 0.
 0. 0. 0. 0.]
start SG
end SG -->  0.006305217742919922
    CPU time for vj and vk      0.36 sec, wall time      0.36 sec
E1 = 8.784738834517  Ecoul = 2.8271064296698567  Exc = -6.605197855040539
cycle= 2 E= -20.6110987868258  delta_E= -1.53e-10  |g|= 2.02e-05  |ddm|= 4.31e-05
    CPU time for cycle= 2      0.95 sec, wall time      0.96 sec
  HOMO = 0.617493420612002  LUMO = 0.87192158438754
  mo_energy =
[-2.23598583e-01 -7.28653307e-03  7.94990603e-02  4.86948066e-01
  4.86988403e-01  5.99501233e-01  5.99545724e-01  6.17493421e-01
  8.71921584e-01  8.75236948e-01  8.75246522e-01  9.96346292e-01
  9.96355068e-01  1.02619417e+00  1.22626289e+00  1.38952905e+00
  1.74924418e+00  1.78006343e+00  1.78006612e+00  1.94436244e+00
  1.94438500e+00  2.08926241e+00  2.08926932e+00  2.43892269e+00
  2.44480123e+00  2.44480356e+00  2.51762919e+00  2.51777982e+00
  2.51782954e+00  2.67919487e+00  2.93555031e+00  2.97055712e+00
  2.97059254e+00  3.01081786e+00  3.01085271e+00  3.30311360e+00
  3.59738979e+00  3.59739845e+00  3.64870687e+00  3.64872313e+00
  3.77123356e+00  3.77134333e+00  3.77140661e+00  4.54702580e+00
  4.54704073e+00  4.66023393e+00  4.66443966e+00  4.66445358e+00
  8.76303297e+00  9.09004532e+00  9.10325499e+00  9.14706991e+00]
nelec by numeric integration = 15.999999999385878
    CPU time for vxc      0.59 sec, wall time      0.59 sec
~/packages/PeriodicIntegrals/PeriodicIntegrals-junjie-benchmark/isdfx/isdfx.py +4733
[[ 4.86180044e-01 -1.39191926e-02 -5.47567572e-03 ...  9.13480131e-03
  -1.21792250e-02  1.75790365e-03]
 [-1.39191926e-02  4.75429878e-04  1.59597939e-03 ... -2.68577338e-04
   3.57738713e-04 -5.17878846e-05]
 [-5.47567572e-03  1.59597939e-03  7.83114594e-01 ... -3.52086858e-02
   2.41679470e-03  2.11380577e-02]
 ...
 [ 9.13480131e-03 -2.68577338e-04 -3.52086858e-02 ...  3.43439850e-03
  -5.43808152e-04  7.05149403e-04]
 [-1.21792250e-02  3.57738713e-04  2.41679470e-03 ... -5.43808152e-04
   3.66669894e-03  2.15265309e-04]
 [ 1.75790365e-03 -5.17878846e-05  2.11380577e-02 ...  7.05149403e-04
   2.15265309e-04  4.13441260e-03]]
[[ 3.43144534e-01 -3.21236674e-01  1.48824517e-01 ...  8.36863460e-01
  -9.02921879e-01  1.01176327e+00]
 [-1.26921648e-02  8.66865777e-03  1.21154231e-03 ...  8.67248599e-01
  -8.80898035e-01  8.23083009e-01]
 [-2.66030729e-04  7.02759068e-02  1.33401986e-01 ...  7.69015412e-05
   1.52279279e-02  1.44098613e-01]
 ...
 [-1.79369681e-04 -1.52434531e-02 -1.74911699e-03 ...  3.52909423e-04
   3.82679179e-02 -5.44426709e-02]
 [ 2.40998560e-04  2.03240064e-02  2.32998692e-03 ... -4.74586646e-04
  -5.10337045e-02  7.26124340e-02]
 [-3.45582959e-05 -2.93383278e-03 -3.36928566e-04 ...  7.25744045e-05
   7.36886613e-03 -1.04798237e-02]]
[2. 2. 2. 2. 2. 2. 2. 2. 0. 0. 0. 0. 0. 0. 0. 0. 0. 0. 0. 0. 0. 0. 0. 0.
 0. 0. 0. 0. 0. 0. 0. 0. 0. 0. 0. 0. 0. 0. 0. 0. 0. 0. 0. 0. 0. 0. 0. 0.
 0. 0. 0. 0.]
start SG
end SG -->  0.006386995315551758
    CPU time for vj and vk      0.36 sec, wall time      0.36 sec
E1 = 8.784739960527462  Ecoul = 2.8271048276236335  Exc = -6.605197379035327
Extra cycle  E= -20.6110987868564  delta_E= -3.05e-11  |g|= 1.71e-05  |ddm|= 3.4e-05
    CPU time for scf_cycle      5.47 sec, wall time      5.50 sec
    CPU time for SCF      5.59 sec, wall time      5.64 sec
converged SCF energy = -20.6110987868564
Successfully saved all results to /central/scratch/yangjunjie//run-scf-spc-diamond-prim-1-1-2-fftisdf-ks-1-100-rcut_epsilon-1e-05-ke_epsilon-0.05-isdf_thresh-5e-05/48015093/scf.h5
