SLURMD_NODENAME = hpc-34-14
Start time = Mon Mar 17 04:17:47 PM PDT 2025
OMP_NUM_THREADS = 1
MKL_NUM_THREADS = 1
PYSCF_MAX_MEMORY = 409600
TMPDIR = /central/scratch/yangjunjie//run-scf-spc-diamond-conv-1-1-1-fftisdf-ks-1-100-rcut_epsilon-1e-05-ke_epsilon-0.01-isdf_thresh-4e-05/48050894/
PYSCF_TMPDIR = /central/scratch/yangjunjie//run-scf-spc-diamond-conv-1-1-1-fftisdf-ks-1-100-rcut_epsilon-1e-05-ke_epsilon-0.01-isdf_thresh-4e-05/48050894/

/home/junjiey/anaconda3/envs/fftisdf/bin/python
2.8.0
1.13.1
2.0.2
fft_engine = NUMPY+BLAS
name = diamond-conv
ke_cutoff =  1.00e+02
exxdiv = None
df = fftisdf-ks
chk_path = ../../../gdf-32/tmp/scf.h5
mesh = 1,1,1
rcut_epsilon =  1.00e-05
ke_epsilon =  1.00e-02
isdf_thresh =  4.00e-05

Discarded 24 diffused primitive functions, 0 contracted functions
ke_cutoff = 100.0
None

******** <class 'ISDFX'> ********
lin_dep_thresh: 1e-10
alpha_cutoff: 2.8
rcut_epsilon: 1e-05
ke_epsilon: 0.01
isdf_thresh: 4e-05
grid_vol_cutoff: 0.05
ke_step: 2.0
ao_tol: 1e-12
multigrid_on: True
direct_j: True
iterative_build: True
occRI: True
voronoi: True
fit_sparse_grid: False
fit_dense_grid: True
direct_k_sparse: True
direct_k: False
use_kpt_symm: False
kmesh: [1, 1, 1]
isdf_pts_from_q0: True
isdf_pts_from_gamma_point: False
alpha: None
do_real_isdf: False
N_xi: None
use_cell_periodic: False
isdf_thresh_sparse: None
ncopy: [1, 1, 1]
j_grid_mesh: None
k_grid_mesh: None
num_j_grids: 100
get_ao_from_pyscf: False
nuc_pp_version: 0
vppnl_ver: 0
universal_dense_grid: None
same_jk_grids: None
coulomb_only: False
max_memory   409600 MB (current use       92 MB)

Exchange function: getK_occRI  

cell mesh: [33 33 33]
nbas:  96
Grid     keMax    keMin    keGrid   expMax   expMin   nexp     lmax     PWs      mesh        
0        51.6     51.6     111.6    5.6      5.6      1        2        35937    [33 33 33]
1        19.5     3.2      19.5     2.1      0.3      3        2        3375     [15 15 15]
0        77.4     55.8     111.6    5.6      5.6      1        2        35937    [33 33 33]
1        29.2     14.6     29.2     2.1      2.1      1        2        6859     [19 19 19]
2        10.6     4.8      10.6     0.8      0.3      2        2        1331     [11 11 11]

ISDF

atm      grid     Ng       NI       Nxi      sharp    on_grid  diffuse  maxexp   minexp   lmax     lmin    
0        0        35937    1462     120      9        198      189      5.61     5.61     2        0       
1        0        35937    1457     120      9        198      189      5.61     5.61     2        0       
2        0        35937    1462     120      9        198      189      5.61     5.61     2        0       
3        0        35937    1457     120      9        198      189      5.61     5.61     2        0       
4        0        35937    1462     120      9        198      189      5.61     5.61     2        0       
5        0        35937    1457     120      9        198      189      5.61     5.61     2        0       
6        0        35937    1472     121      9        198      189      5.61     5.61     2        0       
7        0        35937    1457     120      9        198      189      5.61     5.61     2        0       
-        1        3375     3375     3375     216      216      216      2.11     0.35     2        0       
ISDF-pts:       0.92
ISDF-vec:       0.10
Fit dense grids ISDF:       1.02
Fit sparse grids ISDF:       0.00

Grid     PWs      Ng_i     N_xi     N_mu    
0        35937    11686    961      1584    
1        3375     3375     3375     216     

nTHC: 4336
Mem Required (MB):      30.10
Curent RAM Use (MB) :        153 

Build W
ISDF-fft dense grids (sec):       2.89
Curent RAM Use (MB) :        165 
ISDF-fft:       2.89

Initial guess from minao.
Big error detected in the electron number of initial guess density matrix (Ne/cell = 31.9898)!
  This can cause huge error in Fock matrix and lead to instability in SCF for low-dimensional systems.
  DM is normalized wrt the number of electrons 32
Successfully loaded dm0 from ../../../gdf-32/tmp/scf.h5
~/packages/PeriodicIntegrals/PeriodicIntegrals-junjie-benchmark/isdfx/isdfx.py +4733
[[ 5.38614370e-01 -1.50633325e-02 -1.38087743e-10 ...  2.03651275e-06
   6.10606872e-03  7.90526395e-13]
 [-1.50633325e-02  4.39251350e-04  7.08964274e-12 ... -5.07444375e-08
  -1.52141668e-04 -4.13580975e-14]
 [-1.38087743e-10  7.08964274e-12  6.47441210e-01 ...  2.21852154e-03
  -1.53611402e-03 -3.84850915e-03]
 ...
 [ 2.03651275e-06 -5.07444375e-08  2.21852154e-03 ...  2.61686732e-04
   6.27410991e-08 -9.56146188e-15]
 [ 6.10606872e-03 -1.52141668e-04 -1.53611402e-03 ...  6.27410991e-08
   2.24296688e-03  1.08670819e-07]
 [ 7.90526395e-13 -4.13580975e-14 -3.84850915e-03 ... -9.56146188e-15
   1.08670819e-07  2.61686732e-04]]
[[ 2.42245902e-01 -1.52984567e-01 -5.86005138e-07 ... -1.76275068e-08
  -4.42991460e-01  1.44591729e+00]
 [-9.42629767e-03  3.81141176e-03  1.45896636e-08 ... -1.75288939e-08
  -4.07354937e-01  1.32960023e+00]
 [ 1.54483343e-11  5.31642048e-07 -1.18993057e-01 ...  5.36001426e-02
   5.04221703e-11  1.02693838e-10]
 ...
 [-6.10673153e-12  3.55709445e-10  1.17938535e-03 ... -1.59103731e-05
  -3.58354859e-06  1.16966473e-05]
 [ 6.11259859e-08 -6.65319911e-03  5.81347630e-07 ...  1.00183520e-04
   8.59271605e-02 -1.97846174e-02]
 [ 2.02371638e-12 -1.01459459e-09 -5.07581181e-04 ... -2.53858582e-05
  -1.16966440e-05 -3.58354682e-06]]
[2. 2. 2. 2. 2. 2. 2. 2. 2. 2. 2. 2. 2. 2. 2. 2. 0. 0. 0. 0. 0. 0. 0. 0.
 0. 0. 0. 0. 0. 0. 0. 0. 0. 0. 0. 0. 0. 0. 0. 0. 0. 0. 0. 0. 0. 0. 0. 0.
 0. 0. 0. 0. 0. 0. 0. 0. 0. 0. 0. 0. 0. 0. 0. 0. 0. 0. 0. 0. 0. 0. 0. 0.
 0. 0. 0. 0. 0. 0. 0. 0. 0. 0. 0. 0. 0. 0. 0. 0. 0. 0. 0. 0. 0. 0. 0. 0.
 0. 0. 0. 0. 0. 0. 0. 0.]
~/packages/PeriodicIntegrals/PeriodicIntegrals-junjie-benchmark/isdfx/isdfx.py +4733
[[ 5.38614370e-01 -1.50633325e-02 -1.38087743e-10 ...  2.03651275e-06
   6.10606872e-03  7.90526395e-13]
 [-1.50633325e-02  4.39251350e-04  7.08964274e-12 ... -5.07444375e-08
  -1.52141668e-04 -4.13580975e-14]
 [-1.38087743e-10  7.08964274e-12  6.47441210e-01 ...  2.21852154e-03
  -1.53611402e-03 -3.84850915e-03]
 ...
 [ 2.03651275e-06 -5.07444375e-08  2.21852154e-03 ...  2.61686732e-04
   6.27410991e-08 -9.56146188e-15]
 [ 6.10606872e-03 -1.52141668e-04 -1.53611402e-03 ...  6.27410991e-08
   2.24296688e-03  1.08670819e-07]
 [ 7.90526395e-13 -4.13580975e-14 -3.84850915e-03 ... -9.56146188e-15
   1.08670819e-07  2.61686732e-04]]
[[ 2.42245902e-01 -1.52984567e-01 -5.86005138e-07 ... -1.76275068e-08
  -4.42991460e-01  1.44591729e+00]
 [-9.42629767e-03  3.81141176e-03  1.45896636e-08 ... -1.75288939e-08
  -4.07354937e-01  1.32960023e+00]
 [ 1.54483343e-11  5.31642048e-07 -1.18993057e-01 ...  5.36001426e-02
   5.04221703e-11  1.02693838e-10]
 ...
 [-6.10673153e-12  3.55709445e-10  1.17938535e-03 ... -1.59103731e-05
  -3.58354859e-06  1.16966473e-05]
 [ 6.11259859e-08 -6.65319911e-03  5.81347630e-07 ...  1.00183520e-04
   8.59271605e-02 -1.97846174e-02]
 [ 2.02371638e-12 -1.01459459e-09 -5.07581181e-04 ... -2.53858582e-05
  -1.16966440e-05 -3.58354682e-06]]
[2. 2. 2. 2. 2. 2. 2. 2. 2. 2. 2. 2. 2. 2. 2. 2. 0. 0. 0. 0. 0. 0. 0. 0.
 0. 0. 0. 0. 0. 0. 0. 0. 0. 0. 0. 0. 0. 0. 0. 0. 0. 0. 0. 0. 0. 0. 0. 0.
 0. 0. 0. 0. 0. 0. 0. 0. 0. 0. 0. 0. 0. 0. 0. 0. 0. 0. 0. 0. 0. 0. 0. 0.
 0. 0. 0. 0. 0. 0. 0. 0. 0. 0. 0. 0. 0. 0. 0. 0. 0. 0. 0. 0. 0. 0. 0. 0.
 0. 0. 0. 0. 0. 0. 0. 0.]
start SG
end SG -->  0.038649797439575195


******** <class 'pyscf.pbc.dft.rks.RKS'> ********
method = RKS
initial guess = minao
damping factor = 0
level_shift factor = 0
DIIS = <class 'pyscf.scf.diis.CDIIS'>
diis_start_cycle = 1
diis_space = 8
diis_damp = 0
SCF conv_tol = 1e-08
SCF conv_tol_grad = None
SCF max_cycles = 50
direct_scf = True
direct_scf_tol = 1e-13
chkfile to save SCF result = /central/scratch/yangjunjie/run-scf-spc-diamond-conv-1-1-1-fftisdf-ks-1-100-rcut_epsilon-1e-05-ke_epsilon-0.01-isdf_thresh-4e-05/48050894/tmp0rum8gio
max_memory 409600 MB (current use 190 MB)
******** PBC SCF flags ********
kpt = [0. 0. 0.]
Exchange divergence treatment (exxdiv) = None
DF object = <isdfx.isdfx.ISDFX object at 0x7f0c25eca850>
XC functionals = PBE0
small_rho_cutoff = 1e-07
Set gradient conv threshold to 0.0001
nelec by numeric integration = 31.99999999816239
    CPU time for vxc      1.36 sec, wall time      1.36 sec
~/packages/PeriodicIntegrals/PeriodicIntegrals-junjie-benchmark/isdfx/isdfx.py +4733
[[ 5.38614370e-01 -1.50633325e-02 -1.38087743e-10 ...  2.03651275e-06
   6.10606872e-03  7.90526395e-13]
 [-1.50633325e-02  4.39251350e-04  7.08964274e-12 ... -5.07444375e-08
  -1.52141668e-04 -4.13580975e-14]
 [-1.38087743e-10  7.08964274e-12  6.47441210e-01 ...  2.21852154e-03
  -1.53611402e-03 -3.84850915e-03]
 ...
 [ 2.03651275e-06 -5.07444375e-08  2.21852154e-03 ...  2.61686732e-04
   6.27410991e-08 -9.56146188e-15]
 [ 6.10606872e-03 -1.52141668e-04 -1.53611402e-03 ...  6.27410991e-08
   2.24296688e-03  1.08670819e-07]
 [ 7.90526395e-13 -4.13580975e-14 -3.84850915e-03 ... -9.56146188e-15
   1.08670819e-07  2.61686732e-04]]
[[ 2.42245902e-01 -1.52984567e-01 -5.86005138e-07 ... -1.76275068e-08
  -4.42991460e-01  1.44591729e+00]
 [-9.42629767e-03  3.81141176e-03  1.45896636e-08 ... -1.75288939e-08
  -4.07354937e-01  1.32960023e+00]
 [ 1.54483343e-11  5.31642048e-07 -1.18993057e-01 ...  5.36001426e-02
   5.04221703e-11  1.02693838e-10]
 ...
 [-6.10673153e-12  3.55709445e-10  1.17938535e-03 ... -1.59103731e-05
  -3.58354859e-06  1.16966473e-05]
 [ 6.11259859e-08 -6.65319911e-03  5.81347630e-07 ...  1.00183520e-04
   8.59271605e-02 -1.97846174e-02]
 [ 2.02371638e-12 -1.01459459e-09 -5.07581181e-04 ... -2.53858582e-05
  -1.16966440e-05 -3.58354682e-06]]
[2. 2. 2. 2. 2. 2. 2. 2. 2. 2. 2. 2. 2. 2. 2. 2. 0. 0. 0. 0. 0. 0. 0. 0.
 0. 0. 0. 0. 0. 0. 0. 0. 0. 0. 0. 0. 0. 0. 0. 0. 0. 0. 0. 0. 0. 0. 0. 0.
 0. 0. 0. 0. 0. 0. 0. 0. 0. 0. 0. 0. 0. 0. 0. 0. 0. 0. 0. 0. 0. 0. 0. 0.
 0. 0. 0. 0. 0. 0. 0. 0. 0. 0. 0. 0. 0. 0. 0. 0. 0. 0. 0. 0. 0. 0. 0. 0.
 0. 0. 0. 0. 0. 0. 0. 0.]
start SG
end SG -->  0.03772258758544922
    CPU time for vj and vk      0.98 sec, wall time      0.98 sec
E1 = 16.30961814060373  Ecoul = 4.644916707432976  Exc = -12.983132934508738
init E= -43.2640904784162
    CPU time for initialize scf      3.61 sec, wall time      3.63 sec
  HOMO = 0.5694774545582  LUMO = 0.849406382438684
  mo_energy =
[-0.2607516   0.06383356  0.06384476  0.06384486  0.06384489  0.06385114
  0.06385125  0.32172969  0.3217299   0.32173021  0.32174796  0.32174812
  0.32174826  0.56947716  0.56947738  0.56947745  0.84940638  0.84940641
  0.84940641  0.87503103  0.87503105  0.87504787  0.87504789  0.87504792
  0.87508321  1.1888521   1.28867578  1.28867586  1.28867588  1.28874853
  1.28874855  1.2887486   1.72484554  1.72490627  1.72490634  1.72490641
  1.72493186  1.7249319   1.76177848  1.76177849  2.04657129  2.04657136
  2.04657156  2.04661686  2.04661701  2.04661707  2.35115868  2.35173802
  2.35173802  2.35173802  2.35202895  2.35202895  2.41502573  2.41502574
  2.41502574  2.48154373  2.48154405  2.48154408  2.79655458  2.79655468
  2.79655472  2.79662673  2.79662678  2.79662694  2.98806972  2.98814128
  2.98814132  2.98814135  2.98817682  2.98817683  3.02867907  3.02867951
  3.02867965  3.02876787  3.02876799  3.02876832  3.43655078  3.43655096
  3.43671511  3.43671532  3.43671553  3.43703604  3.56986422  3.56986423
  3.73926387  3.73926393  3.73926457  4.63028268  4.6302827   4.63028273
  4.73134325  4.73134328  4.7313433   4.73164051  4.73164052  4.73164056
  8.68933347  9.01503606  9.02622007  9.0313833   9.03138345  9.03138359
  9.03519444  9.03519457]
nelec by numeric integration = 31.999999998162323
    CPU time for vxc      1.29 sec, wall time      1.30 sec
~/packages/PeriodicIntegrals/PeriodicIntegrals-junjie-benchmark/isdfx/isdfx.py +4733
[[ 5.38622762e-01 -1.50688574e-02 -4.02843977e-07 ...  1.96916264e-05
   6.10810187e-03 -5.45855841e-08]
 [-1.50688574e-02  4.39542199e-04 -2.02713756e-07 ... -4.91921797e-07
  -1.52295438e-04  4.04018106e-09]
 [-4.02843977e-07 -2.02713756e-07  6.47387524e-01 ...  2.17848931e-03
  -1.53856561e-03 -3.83485522e-03]
 ...
 [ 1.96916264e-05 -4.91921797e-07  2.17848931e-03 ...  2.61648075e-04
   1.89911009e-06 -5.14484266e-10]
 [ 6.10810187e-03 -1.52295438e-04 -1.53856561e-03 ...  1.89911009e-06
   2.24318728e-03  3.29409338e-06]
 [-5.45855841e-08  4.04018106e-09 -3.83485522e-03 ... -5.14484266e-10
   3.29409338e-06  2.61649046e-04]]
[[ 2.42244560e-01 -1.52493740e-01 -8.47669539e-03 ... -2.10067955e-06
   1.46014630e+00 -3.91686825e-01]
 [-9.42778868e-03  3.80204920e-03  2.11193827e-04 ... -2.11878220e-06
   1.34323164e+00 -3.60324079e-01]
 [-5.56353183e-08  2.85043868e-04  2.36526910e-01 ...  2.93016544e-02
  -5.59966026e-07  5.06413418e-07]
 ...
 [-3.10433866e-08  1.55883243e-05  3.87311831e-03 ...  5.85311349e-03
   2.15434743e-05 -5.65045679e-06]
 [ 2.90151652e-06 -6.65627648e-03 -1.06696692e-04 ...  9.88877998e-05
  -6.23395485e-02 -6.23046189e-02]
 [-3.00228370e-08 -1.99545369e-05 -8.83242119e-03 ... -6.95415422e-03
   5.65058777e-06  2.15376534e-05]]
[2. 2. 2. 2. 2. 2. 2. 2. 2. 2. 2. 2. 2. 2. 2. 2. 0. 0. 0. 0. 0. 0. 0. 0.
 0. 0. 0. 0. 0. 0. 0. 0. 0. 0. 0. 0. 0. 0. 0. 0. 0. 0. 0. 0. 0. 0. 0. 0.
 0. 0. 0. 0. 0. 0. 0. 0. 0. 0. 0. 0. 0. 0. 0. 0. 0. 0. 0. 0. 0. 0. 0. 0.
 0. 0. 0. 0. 0. 0. 0. 0. 0. 0. 0. 0. 0. 0. 0. 0. 0. 0. 0. 0. 0. 0. 0. 0.
 0. 0. 0. 0. 0. 0. 0. 0.]
start SG
end SG -->  0.04052376747131348
    CPU time for vj and vk      0.90 sec, wall time      0.90 sec
E1 = 16.30947425566883  Ecoul = 4.645124866363481  Exc = -12.983197615071068
cycle= 1 E= -43.2640908849829  delta_E= -4.07e-07  |g|= 0.000212  |ddm|= 0.00107
    CPU time for cycle= 1      2.20 sec, wall time      2.21 sec
  HOMO = 0.569484466115225  LUMO = 0.849412015655232
  mo_energy =
[-0.26074647  0.06381257  0.06385035  0.06385055  0.06385061  0.0638686
  0.06386878  0.32172668  0.32172691  0.32172724  0.32176209  0.32176223
  0.32176246  0.56948416  0.5694844   0.56948447  0.84941202  0.84941203
  0.84941205  0.8750325   0.87503254  0.87505229  0.87505236  0.87505241
  0.87509213  1.18886124  1.28867958  1.28867971  1.28867978  1.28876348
  1.28876356  1.28876363  1.72486375  1.7249126   1.72491266  1.72491273
  1.72494055  1.72494059  1.7617823   1.7617823   2.04656197  2.0465621
  2.04656225  2.046635    2.04663517  2.0466352   2.35116691  2.35174462
  2.3517447   2.35174478  2.35202951  2.35202954  2.41503195  2.41503195
  2.41503197  2.48155244  2.48155276  2.48155278  2.7965737   2.79657381
  2.79657386  2.79662418  2.7966243   2.7966244   2.98808546  2.98814833
  2.98814838  2.98814842  2.98817788  2.98817791  3.02867662  3.02867711
  3.02867723  3.02878344  3.02878362  3.02878394  3.4365489   3.43654912
  3.43672198  3.43672221  3.43672243  3.43706172  3.56987164  3.56987166
  3.73927146  3.73927152  3.73927217  4.63028954  4.63028956  4.63028959
  4.73135975  4.73135978  4.73135987  4.73163781  4.73163787  4.7316379
  8.68935041  9.01500195  9.02622206  9.03141207  9.03141237  9.03141263
  9.03522827  9.03522842]
nelec by numeric integration = 31.999999998162462
    CPU time for vxc      1.49 sec, wall time      1.50 sec
~/packages/PeriodicIntegrals/PeriodicIntegrals-junjie-benchmark/isdfx/isdfx.py +4733
[[ 5.38600994e-01 -1.50663570e-02 -4.02737551e-07 ...  1.77708105e-05
   6.10836321e-03 -5.34586287e-08]
 [-1.50663570e-02  4.39431867e-04 -2.02983256e-07 ... -4.43999304e-07
  -1.52295366e-04  3.96666767e-09]
 [-4.02737551e-07 -2.02983256e-07  6.47373690e-01 ...  2.18144090e-03
  -1.53875142e-03 -3.83508293e-03]
 ...
 [ 1.77708105e-05 -4.43999304e-07  2.18144090e-03 ...  2.61637177e-04
   1.78144096e-06 -5.44307161e-10]
 [ 6.10836321e-03 -1.52295366e-04 -1.53875142e-03 ...  1.78144096e-06
   2.24317681e-03  3.09030521e-06]
 [-5.34586287e-08  3.96666767e-09 -3.83508293e-03 ... -5.44307161e-10
   3.09030521e-06  2.61638085e-04]]
[[ 2.42226965e-01 -1.52806659e-01 -2.54282041e-03 ...  1.18942050e-05
  -1.16035704e+00 -9.69033329e-01]
 [-9.42740762e-03  3.81129619e-03  6.32982233e-05 ...  1.09394626e-05
  -1.06744829e+00 -8.91443116e-01]
 [-4.60934756e-08 -5.36343512e-05  1.99017986e-01 ...  6.18148449e-02
   7.85847749e-07  2.08104773e-07]
 ...
 [-3.29043902e-08  2.99076925e-06 -1.51940410e-03 ... -2.37889226e-02
  -1.66240492e-05 -1.40298672e-05]
 [ 2.76515600e-06 -6.66409205e-03 -6.97612761e-05 ... -7.38068331e-06
  -1.51016361e-02  8.68326901e-02]
 [-3.15667074e-08  4.73168699e-06 -7.40227259e-03 ...  1.92718953e-02
   1.40442521e-05 -1.65971764e-05]]
[2. 2. 2. 2. 2. 2. 2. 2. 2. 2. 2. 2. 2. 2. 2. 2. 0. 0. 0. 0. 0. 0. 0. 0.
 0. 0. 0. 0. 0. 0. 0. 0. 0. 0. 0. 0. 0. 0. 0. 0. 0. 0. 0. 0. 0. 0. 0. 0.
 0. 0. 0. 0. 0. 0. 0. 0. 0. 0. 0. 0. 0. 0. 0. 0. 0. 0. 0. 0. 0. 0. 0. 0.
 0. 0. 0. 0. 0. 0. 0. 0. 0. 0. 0. 0. 0. 0. 0. 0. 0. 0. 0. 0. 0. 0. 0. 0.
 0. 0. 0. 0. 0. 0. 0. 0.]
start SG
end SG -->  0.03772330284118652
    CPU time for vj and vk      0.95 sec, wall time      0.95 sec
E1 = 16.309497839456444  Ecoul = 4.645089547470634  Exc = -12.983185879443653
cycle= 2 E= -43.2640908844608  delta_E= 5.22e-10  |g|= 0.000223  |ddm|= 0.000331
    CPU time for cycle= 2      2.45 sec, wall time      2.46 sec
  HOMO = 0.56948389146256  LUMO = 0.849411572380402
  mo_energy =
[-0.26074687  0.06383071  0.06384967  0.06384981  0.06384983  0.06385941
  0.06385955  0.32173299  0.3217332   0.32173353  0.32175488  0.32175503
  0.32175521  0.56948359  0.56948382  0.56948389  0.84941157  0.84941158
  0.8494116   0.87503193  0.87503197  0.87505181  0.87505186  0.8750519
  0.87509275  1.1888605   1.28868574  1.28868583  1.28868589  1.28875584
  1.28875589  1.28875594  1.72486098  1.72491362  1.72491368  1.72491375
  1.72493818  1.72493822  1.76178199  1.761782    2.04656914  2.04656923
  2.04656941  2.04662709  2.04662725  2.04662728  2.35115737  2.35174311
  2.35174314  2.35174318  2.35203556  2.35203559  2.41503143  2.41503144
  2.41503145  2.48155172  2.48155204  2.48155207  2.79656522  2.79656534
  2.79656534  2.79663134  2.79663141  2.79663154  2.98808462  2.98814743
  2.98814748  2.98814752  2.98817814  2.98817817  3.02868223  3.02868269
  3.02868282  3.02877676  3.02877691  3.02877723  3.43655215  3.43655235
  3.43672153  3.43672174  3.43672195  3.43705322  3.56987121  3.56987122
  3.73927084  3.7392709   3.73927155  4.63028896  4.63028898  4.63028902
  4.73135225  4.73135228  4.73135232  4.73164412  4.73164414  4.73164417
  8.68934958  9.01504388  9.02622966  9.03140697  9.03140712  9.03140725
  9.03520501  9.03520507]
nelec by numeric integration = 31.999999998162426
    CPU time for vxc      1.27 sec, wall time      1.27 sec
~/packages/PeriodicIntegrals/PeriodicIntegrals-junjie-benchmark/isdfx/isdfx.py +4733
[[ 5.38612675e-01 -1.50676636e-02 -4.09458892e-07 ...  1.89558753e-05
   6.10835631e-03 -5.54802095e-08]
 [-1.50676636e-02  4.39491788e-04 -2.02045259e-07 ... -4.73558302e-07
  -1.52301531e-04  4.05329009e-09]
 [-4.09458892e-07 -2.02045259e-07  6.47379381e-01 ...  2.17958715e-03
  -1.53857155e-03 -3.83477337e-03]
 ...
 [ 1.89558753e-05 -4.73558302e-07  2.17958715e-03 ...  2.61639964e-04
   1.86184522e-06 -5.09861875e-10]
 [ 6.10835631e-03 -1.52301531e-04 -1.53857155e-03 ...  1.86184522e-06
   2.24317383e-03  3.22961150e-06]
 [-5.54802095e-08  4.05329009e-09 -3.83477337e-03 ... -5.09861875e-10
   3.22961150e-06  2.61640935e-04]]
[[ 2.42237781e-01 -1.52643998e-01 -5.15699241e-03 ...  5.19784592e-06
   1.50808309e+00 -1.05525361e-01]
 [-9.42782836e-03  3.80669891e-03  1.28444860e-04 ...  4.61998060e-06
   1.38733089e+00 -9.70759058e-02]
 [-4.08254364e-08 -3.98162536e-05  2.19050549e-01 ...  3.32502962e-02
  -7.64901684e-07 -2.93583961e-07]
 ...
 [-3.09750217e-08  6.77609663e-06  3.16318056e-04 ... -1.47979173e-02
   2.18223617e-05 -1.63951712e-06]
 [ 3.09323478e-06 -6.66041715e-03 -1.12446574e-04 ... -3.90395469e-05
  -3.86327185e-02  7.92185025e-02]
 [-2.95754655e-08  4.59154377e-06 -8.26691429e-03 ...  2.11411157e-02
  -1.66867385e-06 -2.18083817e-05]]
[2. 2. 2. 2. 2. 2. 2. 2. 2. 2. 2. 2. 2. 2. 2. 2. 0. 0. 0. 0. 0. 0. 0. 0.
 0. 0. 0. 0. 0. 0. 0. 0. 0. 0. 0. 0. 0. 0. 0. 0. 0. 0. 0. 0. 0. 0. 0. 0.
 0. 0. 0. 0. 0. 0. 0. 0. 0. 0. 0. 0. 0. 0. 0. 0. 0. 0. 0. 0. 0. 0. 0. 0.
 0. 0. 0. 0. 0. 0. 0. 0. 0. 0. 0. 0. 0. 0. 0. 0. 0. 0. 0. 0. 0. 0. 0. 0.
 0. 0. 0. 0. 0. 0. 0. 0.]
start SG
end SG -->  0.04152870178222656
    CPU time for vj and vk      0.89 sec, wall time      0.90 sec
E1 = 16.309496048842902  Ecoul = 4.645092195809453  Exc = -12.983186749085503
cycle= 3 E= -43.2640908963773  delta_E= -1.19e-08  |g|= 2.65e-05  |ddm|= 0.000191
    CPU time for cycle= 3      2.17 sec, wall time      2.18 sec
  HOMO = 0.56948345907725  LUMO = 0.849411222710603
  mo_energy =
[-0.26074718  0.06382808  0.06384941  0.06384955  0.06384957  0.06386019
  0.06386033  0.32173141  0.32173163  0.32173196  0.32175575  0.3217559
  0.32175608  0.56948316  0.56948339  0.56948346  0.84941122  0.84941123
  0.84941125  0.87503284  0.87503287  0.87505158  0.87505163  0.87505167
  0.87509013  1.18885995  1.28868361  1.2886837   1.28868375  1.28875683
  1.28875688  1.28875693  1.72486016  1.72491279  1.72491285  1.72491292
  1.72493814  1.72493817  1.76178179  1.76178179  2.04656791  2.046568
  2.04656819  2.04662774  2.04662791  2.04662793  2.35115893  2.35174302
  2.35174306  2.3517431   2.35203413  2.35203416  2.41503104  2.41503104
  2.41503105  2.48155119  2.48155151  2.48155153  2.79656613  2.79656625
  2.79656625  2.79662939  2.79662947  2.7966296   2.9880835   2.98814712
  2.98814717  2.9881472   2.98817806  2.98817809  3.02868073  3.0286812
  3.02868132  3.02877743  3.02877757  3.0287779   3.43655184  3.43655204
  3.4367211   3.43672131  3.43672152  3.43705268  3.56987084  3.56987086
  3.73927037  3.73927044  3.73927108  4.63028848  4.63028849  4.63028853
  4.73135289  4.73135292  4.73135297  4.73164257  4.7316426   4.73164263
  8.68934818  9.01503611  9.02622687  9.03140641  9.03140657  9.03140671
  9.03520687  9.03520694]
nelec by numeric integration = 31.999999998162394
    CPU time for vxc      1.42 sec, wall time      1.43 sec
~/packages/PeriodicIntegrals/PeriodicIntegrals-junjie-benchmark/isdfx/isdfx.py +4733
[[ 5.38611297e-01 -1.50675094e-02 -4.10382090e-07 ...  1.90327242e-05
   6.10833069e-03 -5.55938955e-08]
 [-1.50675094e-02  4.39484187e-04 -2.01714724e-07 ... -4.75471734e-07
  -1.52299698e-04  4.05546517e-09]
 [-4.10382090e-07 -2.01714724e-07  6.47376070e-01 ...  2.17942720e-03
  -1.53855813e-03 -3.83467996e-03]
 ...
 [ 1.90327242e-05 -4.75471734e-07  2.17942720e-03 ...  2.61640461e-04
   1.87045209e-06 -5.13991919e-10]
 [ 6.10833069e-03 -1.52299698e-04 -1.53855813e-03 ...  1.87045209e-06
   2.24317557e-03  3.24454030e-06]
 [-5.55938955e-08  4.05546517e-09 -3.83467996e-03 ... -5.13991919e-10
   3.24454030e-06  2.61641428e-04]]
[[ 2.42236870e-01 -1.52679486e-01 -4.54384356e-03 ...  5.95625600e-06
   1.48428218e+00 -2.86978657e-01]
 [-9.42774903e-03  3.80759339e-03  1.13163388e-04 ...  5.31669505e-06
   1.36543582e+00 -2.64000207e-01]
 [-4.08853229e-08 -4.10414719e-06  2.16522674e-01 ...  3.83350985e-02
  -7.94507107e-07 -1.98588696e-07]
 ...
 [-3.11037985e-08  6.46089250e-06  3.41825995e-05 ... -1.60938956e-02
   2.14666192e-05 -4.26445332e-06]
 [ 3.03262274e-06 -6.66081273e-03 -1.02498758e-04 ... -3.40173596e-05
  -2.87773899e-02  8.33061210e-02]
 [-2.98952779e-08  1.95143117e-06 -8.17510379e-03 ...  2.14560185e-02
  -4.29217605e-06 -2.14487680e-05]]
[2. 2. 2. 2. 2. 2. 2. 2. 2. 2. 2. 2. 2. 2. 2. 2. 0. 0. 0. 0. 0. 0. 0. 0.
 0. 0. 0. 0. 0. 0. 0. 0. 0. 0. 0. 0. 0. 0. 0. 0. 0. 0. 0. 0. 0. 0. 0. 0.
 0. 0. 0. 0. 0. 0. 0. 0. 0. 0. 0. 0. 0. 0. 0. 0. 0. 0. 0. 0. 0. 0. 0. 0.
 0. 0. 0. 0. 0. 0. 0. 0. 0. 0. 0. 0. 0. 0. 0. 0. 0. 0. 0. 0. 0. 0. 0. 0.
 0. 0. 0. 0. 0. 0. 0. 0.]
start SG
end SG -->  0.03689885139465332
    CPU time for vj and vk      0.99 sec, wall time      0.99 sec
E1 = 16.30949471054231  Ecoul = 4.645094174376974  Exc = -12.983187389521394
cycle= 4 E= -43.2640908965463  delta_E= -1.69e-10  |g|= 4.41e-06  |ddm|= 2.88e-05
    CPU time for cycle= 4      2.42 sec, wall time      2.43 sec
  HOMO = 0.569483442462053  LUMO = 0.849411209178862
  mo_energy =
[-0.26074719  0.06382835  0.06384938  0.06384952  0.06384954  0.06386007
  0.06386021  0.32173158  0.3217318   0.32173213  0.32175555  0.3217557
  0.32175588  0.56948314  0.56948338  0.56948344  0.84941121  0.84941122
  0.84941124  0.87503253  0.87503257  0.87505156  0.87505162  0.87505165
  0.87509075  1.18885993  1.28868392  1.28868401  1.28868407  1.28875647
  1.28875652  1.28875657  1.72486017  1.72491288  1.72491294  1.72491301
  1.72493793  1.72493797  1.76178178  1.76178179  2.04656793  2.04656803
  2.04656821  2.04662769  2.04662786  2.04662788  2.35115853  2.35174293
  2.35174297  2.35174301  2.35203444  2.35203448  2.41503102  2.41503103
  2.41503104  2.48155117  2.48155149  2.48155151  2.79656589  2.79656601
  2.79656601  2.79662959  2.79662967  2.7966298   2.98808384  2.98814707
  2.98814713  2.98814716  2.98817791  2.98817794  3.02868086  3.02868133
  3.02868146  3.02877726  3.02877741  3.02877773  3.43655169  3.43655189
  3.43672109  3.4367213   3.43672151  3.43705293  3.56987084  3.56987085
  3.73927035  3.73927042  3.73927107  4.63028846  4.63028847  4.63028851
  4.73135271  4.73135275  4.73135279  4.73164271  4.73164273  4.73164277
  8.68934812  9.01503719  9.02622712  9.03140615  9.0314063   9.03140644
  9.0352063   9.03520637]
nelec by numeric integration = 31.999999998162416
    CPU time for vxc      1.28 sec, wall time      1.28 sec
~/packages/PeriodicIntegrals/PeriodicIntegrals-junjie-benchmark/isdfx/isdfx.py +4733
[[ 5.38611324e-01 -1.50675231e-02 -4.10748839e-07 ...  1.89832717e-05
   6.10834299e-03 -5.56975121e-08]
 [-1.50675231e-02  4.39485086e-04 -2.01583458e-07 ... -4.74239010e-07
  -1.52300421e-04  4.05816882e-09]
 [-4.10748839e-07 -2.01583458e-07  6.47376087e-01 ...  2.17949705e-03
  -1.53856459e-03 -3.83468208e-03]
 ...
 [ 1.89832717e-05 -4.74239010e-07  2.17949705e-03 ...  2.61640531e-04
   1.86796581e-06 -5.13559936e-10]
 [ 6.10834299e-03 -1.52300421e-04 -1.53856459e-03 ...  1.86796581e-06
   2.24317541e-03  3.24022520e-06]
 [-5.56975121e-08  4.05816882e-09 -3.83468208e-03 ... -5.13559936e-10
   3.24022520e-06  2.61641498e-04]]
[[ 2.42236860e-01 -1.52675656e-01 -4.60420957e-03 ...  5.91764787e-06
   1.48756518e+00 -2.69444449e-01]
 [-9.42776586e-03  3.80752188e-03  1.14667980e-04 ...  5.27834873e-06
   1.36845592e+00 -2.47869964e-01]
 [-4.07092269e-08 -1.34110781e-05  2.16555720e-01 ...  3.83955007e-02
  -7.91818377e-07 -2.07660933e-07]
 ...
 [-3.10745258e-08  6.44361495e-06  3.84087781e-05 ... -1.60849570e-02
   2.15069076e-05 -4.00949408e-06]
 [ 3.04934954e-06 -6.66082502e-03 -1.03547841e-04 ... -3.39080957e-05
  -2.97583893e-02  8.29607625e-02]
 [-2.98436838e-08  2.73198649e-06 -8.17412530e-03 ...  2.14753742e-02
  -4.03715672e-06 -2.14894256e-05]]
[2. 2. 2. 2. 2. 2. 2. 2. 2. 2. 2. 2. 2. 2. 2. 2. 0. 0. 0. 0. 0. 0. 0. 0.
 0. 0. 0. 0. 0. 0. 0. 0. 0. 0. 0. 0. 0. 0. 0. 0. 0. 0. 0. 0. 0. 0. 0. 0.
 0. 0. 0. 0. 0. 0. 0. 0. 0. 0. 0. 0. 0. 0. 0. 0. 0. 0. 0. 0. 0. 0. 0. 0.
 0. 0. 0. 0. 0. 0. 0. 0. 0. 0. 0. 0. 0. 0. 0. 0. 0. 0. 0. 0. 0. 0. 0. 0.
 0. 0. 0. 0. 0. 0. 0. 0.]
start SG
end SG -->  0.03770899772644043
    CPU time for vj and vk      0.98 sec, wall time      0.99 sec
E1 = 16.309494668228012  Ecoul = 4.645094234103143  Exc = -12.983187406937255
Extra cycle  E= -43.2640908965503  delta_E= -3.99e-12  |g|= 2.11e-06  |ddm|= 4.74e-06
    CPU time for scf_cycle     15.12 sec, wall time     15.17 sec
    CPU time for SCF     15.30 sec, wall time     15.35 sec
converged SCF energy = -43.2640908965503
Successfully saved all results to /central/scratch/yangjunjie//run-scf-spc-diamond-conv-1-1-1-fftisdf-ks-1-100-rcut_epsilon-1e-05-ke_epsilon-0.01-isdf_thresh-4e-05/48050894/scf.h5
