SLURMD_NODENAME = hpc-54-36
Start time = Tue Mar 18 01:01:05 PM PDT 2025
OMP_NUM_THREADS = 1
MKL_NUM_THREADS = 1
PYSCF_MAX_MEMORY = 409600
TMPDIR = /central/scratch/yangjunjie//run-scf-spc-diamond-prim-1-1-2-fftisdf-ks-1-100-rcut_epsilon-1e-05-ke_epsilon-0.01-isdf_thresh-0.0005/48068298/
PYSCF_TMPDIR = /central/scratch/yangjunjie//run-scf-spc-diamond-prim-1-1-2-fftisdf-ks-1-100-rcut_epsilon-1e-05-ke_epsilon-0.01-isdf_thresh-0.0005/48068298/

/home/junjiey/anaconda3/envs/fftisdf/bin/python
2.8.0
1.13.1
2.0.2
fft_engine = NUMPY+BLAS
name = diamond-prim
ke_cutoff =  1.00e+02
exxdiv = None
df = fftisdf-ks
chk_path = ../../../gdf-32/tmp/scf.h5
mesh = 1,1,2
rcut_epsilon =  1.00e-05
ke_epsilon =  1.00e-02
isdf_thresh =  5.00e-04

Discarded 6 diffused primitive functions, 0 contracted functions
ke_cutoff = 100.0
None

******** <class 'ISDFX'> ********
lin_dep_thresh: 1e-10
alpha_cutoff: 2.8
rcut_epsilon: 1e-05
ke_epsilon: 0.01
isdf_thresh: 0.0005
grid_vol_cutoff: 0.05
ke_step: 2.0
ao_tol: 1e-12
multigrid_on: True
direct_j: True
iterative_build: True
occRI: True
voronoi: True
fit_sparse_grid: False
fit_dense_grid: True
direct_k_sparse: True
direct_k: False
use_kpt_symm: False
kmesh: [1, 1, 1]
isdf_pts_from_q0: True
isdf_pts_from_gamma_point: False
alpha: None
do_real_isdf: False
N_xi: None
use_cell_periodic: False
isdf_thresh_sparse: None
ncopy: [1, 1, 1]
j_grid_mesh: None
k_grid_mesh: None
num_j_grids: 100
get_ao_from_pyscf: False
nuc_pp_version: 0
vppnl_ver: 0
universal_dense_grid: None
same_jk_grids: None
coulomb_only: False
max_memory   409600 MB (current use       90 MB)

Exchange function: getK_occRI  

cell mesh: [23 23 47]
nbas:  48
Grid     keMax    keMin    keGrid   expMax   expMin   nexp     lmax     PWs      mesh        
0        51.6     51.6     105.5    5.6      5.6      1        2        24863    [23 23 47]
1        19.5     3.2      19.5     2.1      0.3      3        2        2541     [11 11 21]
0        77.4     52.8     105.5    5.6      5.6      1        2        24863    [23 23 47]
1        29.2     4.8      29.2     2.1      0.3      3        2        4225     [13 13 25]

ISDF

atm      grid     Ng       NI       Nxi      sharp    on_grid  diffuse  maxexp   minexp   lmax     lmin    
0        0        24863    2021     78       9        108      99       5.61     5.61     2        0       
1        0        24863    2012     75       9        108      99       5.61     5.61     2        0       
2        0        24863    2012     75       9        108      99       5.61     5.61     2        0       
3        0        24863    2021     78       9        108      99       5.61     5.61     2        0       
-        1        2541     2541     2541     108      108      108      2.11     0.35     2        0       
ISDF-pts:       0.32
ISDF-vec:       0.02
Fit dense grids ISDF:       0.34
Fit sparse grids ISDF:       0.00

Grid     PWs      Ng_i     N_xi     N_mu    
0        24863    8066     306      432     
1        2541     2541     2541     108     

nTHC: 2847
Mem Required (MB):       6.69
Curent RAM Use (MB) :        137 

Build W
ISDF-fft dense grids (sec):       0.59
Curent RAM Use (MB) :        203 
ISDF-fft:       0.59

Initial guess from minao.
Big error detected in the electron number of initial guess density matrix (Ne/cell = 16.1866)!
  This can cause huge error in Fock matrix and lead to instability in SCF for low-dimensional systems.
  DM is normalized wrt the number of electrons 16
Successfully loaded dm0 from ../../../gdf-32/tmp/scf.h5
~/packages/PeriodicIntegrals/PeriodicIntegrals-junjie-benchmark/isdfx/isdfx.py +4733
[[ 4.86172193e-01 -1.39157814e-02 -5.48149956e-03 ...  9.13456109e-03
  -1.21802416e-02  1.75790149e-03]
 [-1.39157814e-02  4.75208863e-04  1.59535658e-03 ... -2.68386526e-04
   3.57437715e-04 -5.16897598e-05]
 [-5.48149956e-03  1.59535658e-03  7.83114655e-01 ... -3.52104339e-02
   2.41358660e-03  2.11413002e-02]
 ...
 [ 9.13456109e-03 -2.68386526e-04 -3.52104339e-02 ...  3.43456457e-03
  -5.43261351e-04  7.05178178e-04]
 [-1.21802416e-02  3.57437715e-04  2.41358660e-03 ... -5.43261351e-04
   3.66659588e-03  2.15409911e-04]
 [ 1.75790149e-03 -5.16897598e-05  2.11413002e-02 ...  7.05178178e-04
   2.15409911e-04  4.13531469e-03]]
[[ 3.43138044e-01 -3.21239995e-01  1.48819146e-01 ... -8.35271853e-01
   9.05003501e-01  1.01235205e+00]
 [-1.26902860e-02  8.66516395e-03  1.21082496e-03 ... -8.65349065e-01
   8.82649247e-01  8.22969836e-01]
 [-2.65227932e-04  7.02796132e-02  1.33403637e-01 ... -4.67579473e-05
  -1.52561423e-02  1.44412452e-01]
 ...
 [-1.80384789e-04 -1.52432558e-02 -1.74880003e-03 ... -3.73965876e-04
  -3.82990561e-02 -5.44957798e-02]
 [ 2.40652775e-04  2.03248609e-02  2.33165397e-03 ...  5.15109870e-04
   5.10645343e-02  7.26857653e-02]
 [-3.47635032e-05 -2.93364175e-03 -3.36699731e-04 ... -7.68381247e-05
  -7.37483546e-03 -1.04905210e-02]]
[2. 2. 2. 2. 2. 2. 2. 2. 0. 0. 0. 0. 0. 0. 0. 0. 0. 0. 0. 0. 0. 0. 0. 0.
 0. 0. 0. 0. 0. 0. 0. 0. 0. 0. 0. 0. 0. 0. 0. 0. 0. 0. 0. 0. 0. 0. 0. 0.
 0. 0. 0. 0.]
~/packages/PeriodicIntegrals/PeriodicIntegrals-junjie-benchmark/isdfx/isdfx.py +4733
[[ 4.86172193e-01 -1.39157814e-02 -5.48149956e-03 ...  9.13456109e-03
  -1.21802416e-02  1.75790149e-03]
 [-1.39157814e-02  4.75208863e-04  1.59535658e-03 ... -2.68386526e-04
   3.57437715e-04 -5.16897598e-05]
 [-5.48149956e-03  1.59535658e-03  7.83114655e-01 ... -3.52104339e-02
   2.41358660e-03  2.11413002e-02]
 ...
 [ 9.13456109e-03 -2.68386526e-04 -3.52104339e-02 ...  3.43456457e-03
  -5.43261351e-04  7.05178178e-04]
 [-1.21802416e-02  3.57437715e-04  2.41358660e-03 ... -5.43261351e-04
   3.66659588e-03  2.15409911e-04]
 [ 1.75790149e-03 -5.16897598e-05  2.11413002e-02 ...  7.05178178e-04
   2.15409911e-04  4.13531469e-03]]
[[ 3.43138044e-01 -3.21239995e-01  1.48819146e-01 ... -8.35271853e-01
   9.05003501e-01  1.01235205e+00]
 [-1.26902860e-02  8.66516395e-03  1.21082496e-03 ... -8.65349065e-01
   8.82649247e-01  8.22969836e-01]
 [-2.65227932e-04  7.02796132e-02  1.33403637e-01 ... -4.67579473e-05
  -1.52561423e-02  1.44412452e-01]
 ...
 [-1.80384789e-04 -1.52432558e-02 -1.74880003e-03 ... -3.73965876e-04
  -3.82990561e-02 -5.44957798e-02]
 [ 2.40652775e-04  2.03248609e-02  2.33165397e-03 ...  5.15109870e-04
   5.10645343e-02  7.26857653e-02]
 [-3.47635032e-05 -2.93364175e-03 -3.36699731e-04 ... -7.68381247e-05
  -7.37483546e-03 -1.04905210e-02]]
[2. 2. 2. 2. 2. 2. 2. 2. 0. 0. 0. 0. 0. 0. 0. 0. 0. 0. 0. 0. 0. 0. 0. 0.
 0. 0. 0. 0. 0. 0. 0. 0. 0. 0. 0. 0. 0. 0. 0. 0. 0. 0. 0. 0. 0. 0. 0. 0.
 0. 0. 0. 0.]
start SG
end SG -->  0.00858449935913086


******** <class 'pyscf.pbc.dft.rks.RKS'> ********
method = RKS
initial guess = minao
damping factor = 0
level_shift factor = 0
DIIS = <class 'pyscf.scf.diis.CDIIS'>
diis_start_cycle = 1
diis_space = 8
diis_damp = 0
SCF conv_tol = 1e-08
SCF conv_tol_grad = None
SCF max_cycles = 50
direct_scf = True
direct_scf_tol = 1e-13
chkfile to save SCF result = /central/scratch/yangjunjie/run-scf-spc-diamond-prim-1-1-2-fftisdf-ks-1-100-rcut_epsilon-1e-05-ke_epsilon-0.01-isdf_thresh-0.0005/48068298/tmpi14ka6jz
max_memory 409600 MB (current use 204 MB)
******** PBC SCF flags ********
kpt = [0. 0. 0.]
Exchange divergence treatment (exxdiv) = None
DF object = <isdfx.isdfx.ISDFX object at 0x7ff0be4e27f0>
XC functionals = PBE0
small_rho_cutoff = 1e-07
Set gradient conv threshold to 0.0001
nelec by numeric integration = 15.999999999385878
    CPU time for vxc      0.68 sec, wall time      0.68 sec
~/packages/PeriodicIntegrals/PeriodicIntegrals-junjie-benchmark/isdfx/isdfx.py +4733
[[ 4.86172193e-01 -1.39157814e-02 -5.48149956e-03 ...  9.13456109e-03
  -1.21802416e-02  1.75790149e-03]
 [-1.39157814e-02  4.75208863e-04  1.59535658e-03 ... -2.68386526e-04
   3.57437715e-04 -5.16897598e-05]
 [-5.48149956e-03  1.59535658e-03  7.83114655e-01 ... -3.52104339e-02
   2.41358660e-03  2.11413002e-02]
 ...
 [ 9.13456109e-03 -2.68386526e-04 -3.52104339e-02 ...  3.43456457e-03
  -5.43261351e-04  7.05178178e-04]
 [-1.21802416e-02  3.57437715e-04  2.41358660e-03 ... -5.43261351e-04
   3.66659588e-03  2.15409911e-04]
 [ 1.75790149e-03 -5.16897598e-05  2.11413002e-02 ...  7.05178178e-04
   2.15409911e-04  4.13531469e-03]]
[[ 3.43138044e-01 -3.21239995e-01  1.48819146e-01 ... -8.35271853e-01
   9.05003501e-01  1.01235205e+00]
 [-1.26902860e-02  8.66516395e-03  1.21082496e-03 ... -8.65349065e-01
   8.82649247e-01  8.22969836e-01]
 [-2.65227932e-04  7.02796132e-02  1.33403637e-01 ... -4.67579473e-05
  -1.52561423e-02  1.44412452e-01]
 ...
 [-1.80384789e-04 -1.52432558e-02 -1.74880003e-03 ... -3.73965876e-04
  -3.82990561e-02 -5.44957798e-02]
 [ 2.40652775e-04  2.03248609e-02  2.33165397e-03 ...  5.15109870e-04
   5.10645343e-02  7.26857653e-02]
 [-3.47635032e-05 -2.93364175e-03 -3.36699731e-04 ... -7.68381247e-05
  -7.37483546e-03 -1.04905210e-02]]
[2. 2. 2. 2. 2. 2. 2. 2. 0. 0. 0. 0. 0. 0. 0. 0. 0. 0. 0. 0. 0. 0. 0. 0.
 0. 0. 0. 0. 0. 0. 0. 0. 0. 0. 0. 0. 0. 0. 0. 0. 0. 0. 0. 0. 0. 0. 0. 0.
 0. 0. 0. 0.]
start SG
end SG -->  0.007573843002319336
    CPU time for vj and vk      0.40 sec, wall time      0.40 sec
E1 = 8.784676794060283  Ecoul = 2.827202858991143  Exc = -6.605226934676226
init E= -20.611093477597
    CPU time for initialize scf      1.66 sec, wall time      1.67 sec
  HOMO = 0.617498714539397  LUMO = 0.871931172865139
  mo_energy =
[-2.23598430e-01 -7.28243533e-03  7.95030220e-02  4.86966644e-01
  4.86985653e-01  5.99518787e-01  5.99542503e-01  6.17498715e-01
  8.71931173e-01  8.75239378e-01  8.75253469e-01  9.96349262e-01
  9.96363270e-01  1.02620041e+00  1.22627030e+00  1.38954740e+00
  1.74927056e+00  1.78006739e+00  1.78006755e+00  1.94436693e+00
  1.94439373e+00  2.08926443e+00  2.08926978e+00  2.43893361e+00
  2.44480355e+00  2.44480892e+00  2.51765633e+00  2.51778217e+00
  2.51785602e+00  2.67921353e+00  2.93556134e+00  2.97055901e+00
  2.97061041e+00  3.01082206e+00  3.01086440e+00  3.30313081e+00
  3.59739940e+00  3.59739977e+00  3.64871337e+00  3.64873228e+00
  3.77126342e+00  3.77134280e+00  3.77144278e+00  4.54702680e+00
  4.54704319e+00  4.66024481e+00  4.66443746e+00  4.66445685e+00
  8.76296392e+00  9.08996963e+00  9.10318304e+00  9.14699048e+00]
nelec by numeric integration = 15.999999999385881
    CPU time for vxc      0.64 sec, wall time      0.64 sec
~/packages/PeriodicIntegrals/PeriodicIntegrals-junjie-benchmark/isdfx/isdfx.py +4733
[[ 4.86201161e-01 -1.39109820e-02 -5.47214087e-03 ...  9.13674018e-03
  -1.21801228e-02  1.75792500e-03]
 [-1.39109820e-02  4.74916335e-04  1.59640803e-03 ... -2.68523083e-04
   3.57488178e-04 -5.17011215e-05]
 [-5.47214087e-03  1.59640803e-03  7.83116386e-01 ... -3.52094050e-02
   2.41779464e-03  2.11421428e-02]
 ...
 [ 9.13674018e-03 -2.68523083e-04 -3.52094050e-02 ...  3.43472498e-03
  -5.43731824e-04  7.05184915e-04]
 [-1.21801228e-02  3.57488178e-04  2.41779464e-03 ... -5.43731824e-04
   3.66670316e-03  2.15203263e-04]
 [ 1.75792500e-03 -5.17011215e-05  2.11421428e-02 ...  7.05184915e-04
   2.15203263e-04  4.13502631e-03]]
[[ 3.43152400e-01 -3.21241351e-01 -1.48831777e-01 ...  8.35584528e-01
  -9.04104128e-01  1.01179745e+00]
 [-1.26856180e-02  8.66321196e-03 -1.21316905e-03 ...  8.66002124e-01
  -8.82123629e-01  8.23128921e-01]
 [-2.65133898e-04  7.02717274e-02 -1.33404325e-01 ...  9.28679248e-05
   1.52310773e-02  1.44098358e-01]
 ...
 [-1.78020696e-04 -1.52446811e-02  1.75025452e-03 ...  4.00390231e-04
   3.82708351e-02 -5.44410484e-02]
 [ 2.40091998e-04  2.03251197e-02 -2.33369587e-03 ... -5.47229778e-04
  -5.10297306e-02  7.26122919e-02]
 [-3.51240869e-05 -2.93356318e-03  3.36084558e-04 ...  8.19221296e-05
   7.36930756e-03 -1.04800532e-02]]
[2. 2. 2. 2. 2. 2. 2. 2. 0. 0. 0. 0. 0. 0. 0. 0. 0. 0. 0. 0. 0. 0. 0. 0.
 0. 0. 0. 0. 0. 0. 0. 0. 0. 0. 0. 0. 0. 0. 0. 0. 0. 0. 0. 0. 0. 0. 0. 0.
 0. 0. 0. 0.]
start SG
end SG -->  0.008738994598388672
    CPU time for vj and vk      0.40 sec, wall time      0.41 sec
E1 = 8.784695365420546  Ecoul = 2.8271791510842577  Exc = -6.605221803458894
cycle= 1 E= -20.6110934829263  delta_E= -5.33e-09  |g|= 1.6e-05  |ddm|= 0.000146
    CPU time for cycle= 1      1.05 sec, wall time      1.05 sec
  HOMO = 0.617498709445707  LUMO = 0.871929046352296
  mo_energy =
[-2.23599659e-01 -7.28478767e-03  7.95039118e-02  4.86964543e-01
  4.86984197e-01  5.99515989e-01  5.99540610e-01  6.17498709e-01
  8.71929046e-01  8.75238586e-01  8.75252610e-01  9.96347808e-01
  9.96361343e-01  1.02619728e+00  1.22626813e+00  1.38954601e+00
  1.74926909e+00  1.78006662e+00  1.78006714e+00  1.94436540e+00
  1.94439296e+00  2.08926416e+00  2.08927015e+00  2.43893144e+00
  2.44480257e+00  2.44480763e+00  2.51765466e+00  2.51777947e+00
  2.51785375e+00  2.67921252e+00  2.93556071e+00  2.97055669e+00
  2.97060813e+00  3.01081929e+00  3.01086201e+00  3.30312804e+00
  3.59739773e+00  3.59739861e+00  3.64871168e+00  3.64873099e+00
  3.77126212e+00  3.77134037e+00  3.77144091e+00  4.54702535e+00
  4.54704203e+00  4.66024309e+00  4.66443563e+00  4.66445526e+00
  8.76295859e+00  9.08996419e+00  9.10317800e+00  9.14698563e+00]
nelec by numeric integration = 15.999999999385887
    CPU time for vxc      0.64 sec, wall time      0.64 sec
~/packages/PeriodicIntegrals/PeriodicIntegrals-junjie-benchmark/isdfx/isdfx.py +4733
[[ 4.86200599e-01 -1.39109671e-02 -5.47331243e-03 ...  9.13682339e-03
  -1.21800553e-02  1.75789946e-03]
 [-1.39109671e-02  4.74917382e-04  1.59659634e-03 ... -2.68543331e-04
   3.57508722e-04 -5.17045055e-05]
 [-5.47331243e-03  1.59659634e-03  7.83114378e-01 ... -3.52094635e-02
   2.41759301e-03  2.11424653e-02]
 ...
 [ 9.13682339e-03 -2.68543331e-04 -3.52094635e-02 ...  3.43471037e-03
  -5.43703381e-04  7.05180356e-04]
 [-1.21800553e-02  3.57508722e-04  2.41759301e-03 ... -5.43703381e-04
   3.66664001e-03  2.15205641e-04]
 [ 1.75789946e-03 -5.17045055e-05  2.11424653e-02 ...  7.05180356e-04
   2.15205641e-04  4.13502102e-03]]
[[ 3.43144790e-01 -3.21249468e-01  1.48830864e-01 ... -8.35122235e-01
   9.04531244e-01  1.01181041e+00]
 [-1.26853633e-02  8.66359457e-03  1.21328914e-03 ... -8.65551052e-01
   8.82566251e-01  8.23144096e-01]
 [-2.64315754e-04  7.02711505e-02  1.33403541e-01 ... -1.00646070e-04
  -1.52310566e-02  1.44098475e-01]
 ...
 [-1.78205705e-04 -1.52445769e-02 -1.75042243e-03 ... -4.20034571e-04
  -3.82706790e-02 -5.44411171e-02]
 [ 2.40474170e-04  2.03248202e-02  2.33388705e-03 ...  5.73402466e-04
   5.10295113e-02  7.26123242e-02]
 [-3.51993732e-05 -2.93350142e-03 -3.36113832e-04 ... -8.56995149e-05
  -7.36927231e-03 -1.04800475e-02]]
[2. 2. 2. 2. 2. 2. 2. 2. 0. 0. 0. 0. 0. 0. 0. 0. 0. 0. 0. 0. 0. 0. 0. 0.
 0. 0. 0. 0. 0. 0. 0. 0. 0. 0. 0. 0. 0. 0. 0. 0. 0. 0. 0. 0. 0. 0. 0. 0.
 0. 0. 0. 0.]
start SG
end SG -->  0.00864267349243164
    CPU time for vj and vk      0.41 sec, wall time      0.41 sec
E1 = 8.784693011868633  Ecoul = 2.8271825096007923  Exc = -6.605222808456794
Extra cycle  E= -20.6110934829595  delta_E= -3.33e-11  |g|= 1.01e-05  |ddm|= 2.24e-05
    CPU time for scf_cycle      3.76 sec, wall time      3.77 sec
    CPU time for SCF      3.84 sec, wall time      3.86 sec
converged SCF energy = -20.6110934829595
Successfully saved all results to /central/scratch/yangjunjie//run-scf-spc-diamond-prim-1-1-2-fftisdf-ks-1-100-rcut_epsilon-1e-05-ke_epsilon-0.01-isdf_thresh-0.0005/48068298/scf.h5
