SLURMD_NODENAME = hpc-35-10
Start time = Wed Mar 19 07:04:08 PM PDT 2025
OMP_NUM_THREADS = 1
MKL_NUM_THREADS = 1
PYSCF_MAX_MEMORY = 409600
TMPDIR = /central/scratch/yangjunjie//run-scf-spc-diamond-conv-1-1-1-fftisdf-ks-1-100-rcut_epsilon-1e-05-ke_epsilon-0.05-isdf_thresh-0.0005/48100102/
PYSCF_TMPDIR = /central/scratch/yangjunjie//run-scf-spc-diamond-conv-1-1-1-fftisdf-ks-1-100-rcut_epsilon-1e-05-ke_epsilon-0.05-isdf_thresh-0.0005/48100102/

/home/junjiey/anaconda3/envs/fftisdf/bin/python
2.8.0
1.13.1
2.0.2
fft_engine = NUMPY+BLAS
name = diamond-conv
ke_cutoff =  1.00e+02
exxdiv = None
df = fftisdf-ks
chk_path = ../../../gdf-64/tmp/scf.h5
mesh = 1,1,1
rcut_epsilon =  1.00e-05
ke_epsilon =  5.00e-02
isdf_thresh =  5.00e-04

Discarded 24 diffused primitive functions, 0 contracted functions
ke_cutoff = 100.0
None

******** <class 'ISDFX'> ********
lin_dep_thresh: 1e-10
alpha_cutoff: 2.8
rcut_epsilon: 1e-05
ke_epsilon: 0.05
isdf_thresh: 0.0005
grid_vol_cutoff: 0.05
ke_step: 2.0
ao_tol: 1e-12
multigrid_on: True
direct_j: True
iterative_build: True
occRI: True
voronoi: True
fit_sparse_grid: False
fit_dense_grid: True
direct_k_sparse: True
direct_k: False
use_kpt_symm: False
kmesh: [1, 1, 1]
isdf_pts_from_q0: True
isdf_pts_from_gamma_point: False
alpha: None
do_real_isdf: False
N_xi: None
use_cell_periodic: False
isdf_thresh_sparse: None
ncopy: [1, 1, 1]
j_grid_mesh: None
k_grid_mesh: None
num_j_grids: 100
get_ao_from_pyscf: False
nuc_pp_version: 0
vppnl_ver: 0
universal_dense_grid: None
same_jk_grids: None
coulomb_only: False
max_memory   409600 MB (current use       92 MB)

Exchange function: getK_occRI  

cell mesh: [33 33 33]
nbas:  96
Grid     keMax    keMin    keGrid   expMax   expMin   nexp     lmax     PWs      mesh        
0        33.6     33.6     111.6    5.6      5.6      1        2        35937    [33 33 33]
1        12.7     2.1      12.7     2.1      0.3      3        2        2197     [13 13 13]
0        59.4     55.8     111.6    5.6      5.6      1        2        35937    [33 33 33]
1        22.4     11.2     22.4     2.1      2.1      1        2        4913     [17 17 17]
2        8.2      3.7      8.2      0.8      0.3      2        2        1331     [11 11 11]

ISDF

atm      grid     Ng       NI       Nxi      sharp    on_grid  diffuse  maxexp   minexp   lmax     lmin    
0        0        35937    1462     81       9        198      189      5.61     5.61     2        0       
1        0        35937    1457     80       9        198      189      5.61     5.61     2        0       
2        0        35937    1462     81       9        198      189      5.61     5.61     2        0       
3        0        35937    1457     80       9        198      189      5.61     5.61     2        0       
4        0        35937    1462     81       9        198      189      5.61     5.61     2        0       
5        0        35937    1457     80       9        198      189      5.61     5.61     2        0       
6        0        35937    1472     80       9        198      189      5.61     5.61     2        0       
7        0        35937    1457     80       9        198      189      5.61     5.61     2        0       
-        1        2197     2197     2197     216      216      216      2.11     0.35     2        0       
ISDF-pts:       0.47
ISDF-vec:       0.03
Fit dense grids ISDF:       0.50
Fit sparse grids ISDF:       0.00

Grid     PWs      Ng_i     N_xi     N_mu    
0        35937    11686    643      1584    
1        2197     2197     2197     216     

nTHC: 2840
Mem Required (MB):      13.16
Curent RAM Use (MB) :        144 

Build W
ISDF-fft dense grids (sec):       1.12
Curent RAM Use (MB) :        130 
ISDF-fft:       1.12

Initial guess from minao.
Big error detected in the electron number of initial guess density matrix (Ne/cell = 31.9898)!
  This can cause huge error in Fock matrix and lead to instability in SCF for low-dimensional systems.
  DM is normalized wrt the number of electrons 32
Successfully loaded dm0 from ../../../gdf-64/tmp/scf.h5
Successfully loaded h1e and s1e from ../../../gdf-64/tmp/scf.h5
~/packages/PeriodicIntegrals/PeriodicIntegrals-junjie-benchmark/isdfx/isdfx.py +4733
[[ 5.38614370e-01 -1.50633325e-02 -1.38088700e-10 ...  2.03651275e-06
   6.10606872e-03  7.90547037e-13]
 [-1.50633325e-02  4.39251350e-04  7.08940027e-12 ... -5.07444375e-08
  -1.52141668e-04 -4.13526927e-14]
 [-1.38088700e-10  7.08940027e-12  6.47441210e-01 ...  2.21852154e-03
  -1.53611402e-03 -3.84850915e-03]
 ...
 [ 2.03651275e-06 -5.07444375e-08  2.21852154e-03 ...  2.61686732e-04
   6.27410991e-08 -9.56579945e-15]
 [ 6.10606872e-03 -1.52141668e-04 -1.53611402e-03 ...  6.27410991e-08
   2.24296688e-03  1.08670819e-07]
 [ 7.90547037e-13 -4.13526927e-14 -3.84850915e-03 ... -9.56579945e-15
   1.08670819e-07  2.61686732e-04]]
[[ 2.42245902e-01 -1.52984567e-01 -5.85991709e-07 ... -1.76275652e-08
  -4.42936099e-01  1.44593425e+00]
 [-9.42629767e-03  3.81141176e-03  1.45893293e-08 ... -1.75289586e-08
  -4.07304030e-01  1.32961583e+00]
 [ 1.54482824e-11  5.31639720e-07 -1.18991499e-01 ...  5.36005452e-02
   5.03972825e-11  1.02676674e-10]
 ...
 [-6.10676715e-12  3.55441815e-10  1.17944720e-03 ... -1.59699511e-05
  -3.58310075e-06  1.16967845e-05]
 [ 6.11259860e-08 -6.65319911e-03  5.81353136e-07 ...  1.00183704e-04
   8.59264029e-02 -1.97879073e-02]
 [ 2.02375181e-12 -1.01463572e-09 -5.07643874e-04 ... -2.52301093e-05
  -1.16967812e-05 -3.58309898e-06]]
[2. 2. 2. 2. 2. 2. 2. 2. 2. 2. 2. 2. 2. 2. 2. 2. 0. 0. 0. 0. 0. 0. 0. 0.
 0. 0. 0. 0. 0. 0. 0. 0. 0. 0. 0. 0. 0. 0. 0. 0. 0. 0. 0. 0. 0. 0. 0. 0.
 0. 0. 0. 0. 0. 0. 0. 0. 0. 0. 0. 0. 0. 0. 0. 0. 0. 0. 0. 0. 0. 0. 0. 0.
 0. 0. 0. 0. 0. 0. 0. 0. 0. 0. 0. 0. 0. 0. 0. 0. 0. 0. 0. 0. 0. 0. 0. 0.
 0. 0. 0. 0. 0. 0. 0. 0.]
~/packages/PeriodicIntegrals/PeriodicIntegrals-junjie-benchmark/isdfx/isdfx.py +4733
[[ 5.38614370e-01 -1.50633325e-02 -1.38088700e-10 ...  2.03651275e-06
   6.10606872e-03  7.90547037e-13]
 [-1.50633325e-02  4.39251350e-04  7.08940027e-12 ... -5.07444375e-08
  -1.52141668e-04 -4.13526927e-14]
 [-1.38088700e-10  7.08940027e-12  6.47441210e-01 ...  2.21852154e-03
  -1.53611402e-03 -3.84850915e-03]
 ...
 [ 2.03651275e-06 -5.07444375e-08  2.21852154e-03 ...  2.61686732e-04
   6.27410991e-08 -9.56579945e-15]
 [ 6.10606872e-03 -1.52141668e-04 -1.53611402e-03 ...  6.27410991e-08
   2.24296688e-03  1.08670819e-07]
 [ 7.90547037e-13 -4.13526927e-14 -3.84850915e-03 ... -9.56579945e-15
   1.08670819e-07  2.61686732e-04]]
[[ 2.42245902e-01 -1.52984567e-01 -5.85991709e-07 ... -1.76275652e-08
  -4.42936099e-01  1.44593425e+00]
 [-9.42629767e-03  3.81141176e-03  1.45893293e-08 ... -1.75289586e-08
  -4.07304030e-01  1.32961583e+00]
 [ 1.54482824e-11  5.31639720e-07 -1.18991499e-01 ...  5.36005452e-02
   5.03972825e-11  1.02676674e-10]
 ...
 [-6.10676715e-12  3.55441815e-10  1.17944720e-03 ... -1.59699511e-05
  -3.58310075e-06  1.16967845e-05]
 [ 6.11259860e-08 -6.65319911e-03  5.81353136e-07 ...  1.00183704e-04
   8.59264029e-02 -1.97879073e-02]
 [ 2.02375181e-12 -1.01463572e-09 -5.07643874e-04 ... -2.52301093e-05
  -1.16967812e-05 -3.58309898e-06]]
[2. 2. 2. 2. 2. 2. 2. 2. 2. 2. 2. 2. 2. 2. 2. 2. 0. 0. 0. 0. 0. 0. 0. 0.
 0. 0. 0. 0. 0. 0. 0. 0. 0. 0. 0. 0. 0. 0. 0. 0. 0. 0. 0. 0. 0. 0. 0. 0.
 0. 0. 0. 0. 0. 0. 0. 0. 0. 0. 0. 0. 0. 0. 0. 0. 0. 0. 0. 0. 0. 0. 0. 0.
 0. 0. 0. 0. 0. 0. 0. 0. 0. 0. 0. 0. 0. 0. 0. 0. 0. 0. 0. 0. 0. 0. 0. 0.
 0. 0. 0. 0. 0. 0. 0. 0.]
start SG
end SG -->  0.03492259979248047


******** <class 'pyscf.pbc.dft.rks.RKS'> ********
method = RKS
initial guess = minao
damping factor = 0
level_shift factor = 0
DIIS = <class 'pyscf.scf.diis.CDIIS'>
diis_start_cycle = 1
diis_space = 8
diis_damp = 0
SCF conv_tol = 1e-08
SCF conv_tol_grad = None
SCF max_cycles = 50
direct_scf = True
direct_scf_tol = 1e-13
chkfile to save SCF result = /central/scratch/yangjunjie/run-scf-spc-diamond-conv-1-1-1-fftisdf-ks-1-100-rcut_epsilon-1e-05-ke_epsilon-0.05-isdf_thresh-0.0005/48100102/tmpbo08iymg
max_memory 409600 MB (current use 145 MB)
******** PBC SCF flags ********
kpt = [0. 0. 0.]
Exchange divergence treatment (exxdiv) = None
DF object = <isdfx.isdfx.ISDFX object at 0x7f7d451e14f0>
XC functionals = PBE0
small_rho_cutoff = 1e-07
Overwritten attributes  get_ovlp get_hcore  of <class 'pyscf.pbc.dft.rks.RKS'>
Set gradient conv threshold to 0.0001
nelec by numeric integration = 31.99999999816238
    CPU time for vxc      1.03 sec, wall time      1.03 sec
~/packages/PeriodicIntegrals/PeriodicIntegrals-junjie-benchmark/isdfx/isdfx.py +4733
[[ 5.38614370e-01 -1.50633325e-02 -1.38088700e-10 ...  2.03651275e-06
   6.10606872e-03  7.90547037e-13]
 [-1.50633325e-02  4.39251350e-04  7.08940027e-12 ... -5.07444375e-08
  -1.52141668e-04 -4.13526927e-14]
 [-1.38088700e-10  7.08940027e-12  6.47441210e-01 ...  2.21852154e-03
  -1.53611402e-03 -3.84850915e-03]
 ...
 [ 2.03651275e-06 -5.07444375e-08  2.21852154e-03 ...  2.61686732e-04
   6.27410991e-08 -9.56579945e-15]
 [ 6.10606872e-03 -1.52141668e-04 -1.53611402e-03 ...  6.27410991e-08
   2.24296688e-03  1.08670819e-07]
 [ 7.90547037e-13 -4.13526927e-14 -3.84850915e-03 ... -9.56579945e-15
   1.08670819e-07  2.61686732e-04]]
[[ 2.42245902e-01 -1.52984567e-01 -5.85991709e-07 ... -1.76275652e-08
  -4.42936099e-01  1.44593425e+00]
 [-9.42629767e-03  3.81141176e-03  1.45893293e-08 ... -1.75289586e-08
  -4.07304030e-01  1.32961583e+00]
 [ 1.54482824e-11  5.31639720e-07 -1.18991499e-01 ...  5.36005452e-02
   5.03972825e-11  1.02676674e-10]
 ...
 [-6.10676715e-12  3.55441815e-10  1.17944720e-03 ... -1.59699511e-05
  -3.58310075e-06  1.16967845e-05]
 [ 6.11259860e-08 -6.65319911e-03  5.81353136e-07 ...  1.00183704e-04
   8.59264029e-02 -1.97879073e-02]
 [ 2.02375181e-12 -1.01463572e-09 -5.07643874e-04 ... -2.52301093e-05
  -1.16967812e-05 -3.58309898e-06]]
[2. 2. 2. 2. 2. 2. 2. 2. 2. 2. 2. 2. 2. 2. 2. 2. 0. 0. 0. 0. 0. 0. 0. 0.
 0. 0. 0. 0. 0. 0. 0. 0. 0. 0. 0. 0. 0. 0. 0. 0. 0. 0. 0. 0. 0. 0. 0. 0.
 0. 0. 0. 0. 0. 0. 0. 0. 0. 0. 0. 0. 0. 0. 0. 0. 0. 0. 0. 0. 0. 0. 0. 0.
 0. 0. 0. 0. 0. 0. 0. 0. 0. 0. 0. 0. 0. 0. 0. 0. 0. 0. 0. 0. 0. 0. 0. 0.
 0. 0. 0. 0. 0. 0. 0. 0.]
start SG
end SG -->  0.036138057708740234
    CPU time for vj and vk      0.58 sec, wall time      0.58 sec
E1 = 16.309618171615103  Ecoul = 4.644896370733802  Exc = -12.982961871598913
init E= -43.2639397211942
    CPU time for initialize scf      1.61 sec, wall time      1.62 sec
  HOMO = 0.569496183434163  LUMO = 0.849404377817928
  mo_energy =
[-0.26075896  0.06384565  0.06384585  0.06384712  0.06384734  0.06384792
  0.06384809  0.32175294  0.32175351  0.32175407  0.32175428  0.32175512
  0.32175585  0.56949521  0.5694955   0.56949618  0.84940438  0.84940438
  0.84940442  0.87503242  0.87503245  0.8750479   0.87504792  0.87504795
  0.87507885  1.1888522   1.28865235  1.28865238  1.28865248  1.28876308
  1.28876318  1.28876322  1.7248505   1.7248979   1.72489793  1.72489797
  1.72491952  1.72491961  1.76177983  1.76177984  2.04656174  2.04656198
  2.04656207  2.04661844  2.04661854  2.04661881  2.35114616  2.35174189
  2.35174189  2.35174189  2.35203613  2.35203613  2.41502232  2.41502233
  2.41502234  2.48153477  2.48153478  2.48153527  2.79657517  2.79657538
  2.79657545  2.79658704  2.79658711  2.7965873   2.98805696  2.98814135
  2.9881414   2.98814146  2.98817888  2.98817893  3.02865701  3.02865721
  3.02865776  3.02877771  3.02877829  3.0287785   3.43655089  3.43655112
  3.43671636  3.43671651  3.43671666  3.43703274  3.56986845  3.56986846
  3.73924873  3.73924971  3.73924973  4.63027648  4.63027653  4.63027656
  4.73139096  4.73139097  4.73139099  4.73157123  4.73157132  4.73157136
  8.68942212  9.01530198  9.02633771  9.03147625  9.03147638  9.03147651
  9.03518088  9.03518105]
nelec by numeric integration = 31.999999998162284
    CPU time for vxc      0.92 sec, wall time      0.93 sec
~/packages/PeriodicIntegrals/PeriodicIntegrals-junjie-benchmark/isdfx/isdfx.py +4733
[[ 5.38672488e-01 -1.50644071e-02  1.54384326e-06 ...  2.24329107e-05
   6.10882437e-03  2.22074106e-07]
 [-1.50644071e-02  4.39224754e-04  9.63681043e-08 ... -5.58078311e-07
  -1.52256326e-04 -1.00937881e-08]
 [ 1.54384326e-06  9.63681043e-08  6.47434887e-01 ...  2.17588904e-03
  -1.54194075e-03 -3.83538195e-03]
 ...
 [ 2.24329107e-05 -5.58078311e-07  2.17588904e-03 ...  2.61619935e-04
   1.92821172e-06  2.70769314e-10]
 [ 6.10882437e-03 -1.52256326e-04 -1.54194075e-03 ...  1.92821172e-06
   2.24332338e-03  3.57245017e-06]
 [ 2.22074106e-07 -1.00937881e-08 -3.83538195e-03 ...  2.70769314e-10
   3.57245017e-06  2.61632326e-04]]
[[ 2.42244196e-01  3.46036111e-01 -1.95985775e-01 ... -4.59997656e-06
   1.46026459e+00 -3.91249933e-01]
 [-9.42300390e-03 -8.62322541e-03  4.88385810e-03 ... -4.44519190e-06
   1.34334101e+00 -3.59922421e-01]
 [ 5.27840313e-07 -7.39542639e-02 -5.95419572e-02 ...  2.82490964e-02
   9.97588792e-07 -1.15415215e-06]
 ...
 [-8.77316744e-07 -4.02569881e-03  1.43284851e-03 ...  6.10525496e-03
   1.95839108e-05 -5.45621539e-06]
 [ 2.91580049e-06  3.24107315e-04 -8.71926036e-03 ...  8.77548747e-05
  -6.23214582e-02 -6.23239175e-02]
 [ 2.99853646e-07  2.64890790e-03  4.18362406e-03 ... -7.21356748e-03
   5.45705458e-06  1.95864582e-05]]
[2. 2. 2. 2. 2. 2. 2. 2. 2. 2. 2. 2. 2. 2. 2. 2. 0. 0. 0. 0. 0. 0. 0. 0.
 0. 0. 0. 0. 0. 0. 0. 0. 0. 0. 0. 0. 0. 0. 0. 0. 0. 0. 0. 0. 0. 0. 0. 0.
 0. 0. 0. 0. 0. 0. 0. 0. 0. 0. 0. 0. 0. 0. 0. 0. 0. 0. 0. 0. 0. 0. 0. 0.
 0. 0. 0. 0. 0. 0. 0. 0. 0. 0. 0. 0. 0. 0. 0. 0. 0. 0. 0. 0. 0. 0. 0. 0.
 0. 0. 0. 0. 0. 0. 0. 0.]
start SG
end SG -->  0.034551382064819336
    CPU time for vj and vk      0.49 sec, wall time      0.49 sec
E1 = 16.30952859931035  Ecoul = 4.645031971484777  Exc = -12.9830084053357
cycle= 1 E= -43.2639402264848  delta_E= -5.05e-07  |g|= 0.000266  |ddm|= 0.00131
    CPU time for cycle= 1      1.42 sec, wall time      1.43 sec
  HOMO = 0.569500741094545  LUMO = 0.849407843778924
  mo_energy =
[-0.26075584  0.06380598  0.06385049  0.0638507   0.06385148  0.06387089
  0.06387125  0.32173921  0.3217397   0.32174025  0.32177545  0.32177642
  0.32177703  0.56949965  0.56949998  0.56950074  0.84940784  0.84940798
  0.84940805  0.87503987  0.87504023  0.87505013  0.87505056  0.87505097
  0.87506999  1.18885794  1.28863974  1.28864005  1.28864015  1.28878692
  1.28878745  1.28878773  1.72486318  1.72490115  1.72490133  1.7249015
  1.72492561  1.7249258   1.76178258  1.76178262  2.04654429  2.04654454
  2.04654476  2.04664174  2.04664179  2.04664229  2.35117143  2.35174697
  2.35174702  2.35174749  2.35202596  2.35202611  2.41502617  2.41502627
  2.41502631  2.48154027  2.48154032  2.48154066  2.79655845  2.79655869
  2.79655874  2.79661426  2.79661432  2.79661448  2.98806424  2.98814622
  2.98814646  2.98814661  2.98818081  2.9881811   3.02864425  3.02864447
  3.02864497  3.02879855  3.02879936  3.02879953  3.43654659  3.43654701
  3.43672099  3.43672124  3.43672146  3.43705521  3.56987359  3.56987364
  3.73925339  3.73925454  3.73925457  4.63028047  4.63028054  4.63028057
  4.73141323  4.73141351  4.73141359  4.73155732  4.73155746  4.73155765
  8.68943306  9.01521423  9.02632446  9.0314996   9.03150065  9.03150193
  9.03523993  9.0352406 ]
nelec by numeric integration = 31.999999998162455
    CPU time for vxc      0.93 sec, wall time      0.94 sec
~/packages/PeriodicIntegrals/PeriodicIntegrals-junjie-benchmark/isdfx/isdfx.py +4733
[[ 5.38638951e-01 -1.50605268e-02  1.15369127e-06 ...  2.11431956e-05
   6.10888425e-03  3.04963964e-07]
 [-1.50605268e-02  4.39044594e-04  1.31080420e-07 ... -5.26499597e-07
  -1.52240006e-04 -1.20637516e-08]
 [ 1.15369127e-06  1.31080420e-07  6.47401047e-01 ...  2.17783547e-03
  -1.54203575e-03 -3.83558979e-03]
 ...
 [ 2.11431956e-05 -5.26499597e-07  2.17783547e-03 ...  2.61607504e-04
   1.84727342e-06  5.89265890e-11]
 [ 6.10888425e-03 -1.52240006e-04 -1.54203575e-03 ...  1.84727342e-06
   2.24332214e-03  3.44434205e-06]
 [ 3.04963964e-07 -1.20637516e-08 -3.83558979e-03 ...  5.89265890e-11
   3.44434205e-06  2.61621287e-04]]
[[ 2.42218131e-01 -1.53502784e-01  1.80370575e-03 ... -3.96138188e-05
  -1.22719028e+00 -8.82857071e-01]
 [-9.42179174e-03  3.82685332e-03 -4.47167733e-05 ... -3.89838483e-05
  -1.12893200e+00 -8.12166188e-01]
 [ 4.10603337e-07  1.18987251e-03  3.85867392e-02 ...  2.47380818e-02
  -1.29909964e-06 -5.97739228e-07]
 ...
 [-8.38621464e-07 -2.48653118e-05 -7.97137638e-03 ...  4.81937829e-03
  -1.63303085e-05 -1.15670885e-05]
 [ 2.19472048e-06 -6.69283920e-03 -1.41588918e-05 ...  8.49153941e-05
  -8.80359620e-03  8.76944062e-02]
 [ 2.89528509e-07 -3.57233303e-05 -8.12637610e-03 ... -9.32384353e-03
   1.15168557e-05 -1.64896972e-05]]
[2. 2. 2. 2. 2. 2. 2. 2. 2. 2. 2. 2. 2. 2. 2. 2. 0. 0. 0. 0. 0. 0. 0. 0.
 0. 0. 0. 0. 0. 0. 0. 0. 0. 0. 0. 0. 0. 0. 0. 0. 0. 0. 0. 0. 0. 0. 0. 0.
 0. 0. 0. 0. 0. 0. 0. 0. 0. 0. 0. 0. 0. 0. 0. 0. 0. 0. 0. 0. 0. 0. 0. 0.
 0. 0. 0. 0. 0. 0. 0. 0. 0. 0. 0. 0. 0. 0. 0. 0. 0. 0. 0. 0. 0. 0. 0. 0.
 0. 0. 0. 0. 0. 0. 0. 0.]
start SG
end SG -->  0.034456491470336914
    CPU time for vj and vk      0.55 sec, wall time      0.56 sec
E1 = 16.30954148397672  Ecoul = 4.645013145060247  Exc = -12.98300245552232
cycle= 2 E= -43.2639402184295  delta_E= 8.06e-09  |g|= 0.00033  |ddm|= 0.000476
    CPU time for cycle= 2      1.49 sec, wall time      1.50 sec
  HOMO = 0.569500452952152  LUMO = 0.849407660602688
  mo_energy =
[-0.26075604  0.06383217  0.06385009  0.06385024  0.06385091  0.06385802
  0.06385811  0.32174935  0.32174986  0.32175034  0.32176493  0.32176581
  0.32176641  0.56949938  0.56949968  0.56950045  0.84940766  0.84940779
  0.84940785  0.87503727  0.87503759  0.87504989  0.87505023  0.87505054
  0.8750751   1.18885757  1.28865064  1.2886509   1.28865104  1.28877539
  1.28877574  1.28877605  1.72486202  1.72490223  1.72490242  1.72490258
  1.72492351  1.72492368  1.76178242  1.76178245  2.04655476  2.04655506
  2.0465552   2.04663085  2.046631    2.04663144  2.35115583  2.35174581
  2.35174591  2.35174625  2.35203495  2.35203517  2.41502592  2.41502602
  2.41502606  2.4815399   2.48153995  2.4815403   2.79657017  2.79657025
  2.79657045  2.79660191  2.79660208  2.79660212  2.98806491  2.98814568
  2.98814588  2.98814599  2.98818061  2.98818087  3.02865333  3.02865355
  3.02865401  3.02878902  3.02878971  3.02878986  3.43655078  3.43655111
  3.43672083  3.43672099  3.43672122  3.43704577  3.56987344  3.56987348
  3.73925309  3.73925423  3.73925425  4.63028024  4.63028032  4.63028034
  4.7314027   4.73140282  4.73140291  4.73156735  4.73156744  4.73156756
  8.68943346  9.01527667  9.02633687  9.03149634  9.03149686  9.0314978
  9.03520452  9.03520458]
nelec by numeric integration = 31.99999999816238
    CPU time for vxc      0.94 sec, wall time      0.94 sec
~/packages/PeriodicIntegrals/PeriodicIntegrals-junjie-benchmark/isdfx/isdfx.py +4733
[[ 5.38657239e-01 -1.50626033e-02  1.43349536e-06 ...  2.24230361e-05
   6.10893808e-03  2.81380716e-07]
 [-1.50626033e-02  4.39141529e-04  1.00805940e-07 ... -5.58460880e-07
  -1.52253623e-04 -1.14251824e-08]
 [ 1.43349536e-06  1.00805940e-07  6.47415549e-01 ...  2.17588045e-03
  -1.54184965e-03 -3.83530641e-03]
 ...
 [ 2.24230361e-05 -5.58460880e-07  2.17588045e-03 ...  2.61610328e-04
   1.92881870e-06  1.39053349e-10]
 [ 6.10893808e-03 -1.52253623e-04 -1.54184965e-03 ...  1.92881870e-06
   2.24332057e-03  3.58570217e-06]
 [ 2.81380716e-07 -1.14251824e-08 -3.83530641e-03 ...  1.39053349e-10
   3.58570217e-06  2.61623859e-04]]
[[ 2.42233003e-01 -1.53601125e-01 -1.05073930e-02 ... -4.29194814e-05
  -1.04594719e+00 -1.09154145e+00]
 [-9.42251835e-03  3.82871854e-03  2.61918150e-04 ... -4.19894997e-05
  -9.62199362e-01 -1.00414241e+00]
 [ 3.70019573e-07  1.77958678e-03  1.54264087e-01 ...  3.99988014e-02
  -1.22816198e-06 -7.44233206e-07]
 ...
 [-8.49910043e-07 -8.18004128e-05 -1.18326270e-03 ...  1.37250054e-03
  -1.40494914e-05 -1.44277559e-05]
 [ 2.70709192e-06 -6.70741540e-03  7.13361329e-05 ...  9.21102906e-05
  -2.46220495e-02  8.46281788e-02]
 [ 2.95544855e-07 -8.47855331e-05 -1.13661769e-02 ... -5.21625886e-03
   1.44101050e-05 -1.41757091e-05]]
[2. 2. 2. 2. 2. 2. 2. 2. 2. 2. 2. 2. 2. 2. 2. 2. 0. 0. 0. 0. 0. 0. 0. 0.
 0. 0. 0. 0. 0. 0. 0. 0. 0. 0. 0. 0. 0. 0. 0. 0. 0. 0. 0. 0. 0. 0. 0. 0.
 0. 0. 0. 0. 0. 0. 0. 0. 0. 0. 0. 0. 0. 0. 0. 0. 0. 0. 0. 0. 0. 0. 0. 0.
 0. 0. 0. 0. 0. 0. 0. 0. 0. 0. 0. 0. 0. 0. 0. 0. 0. 0. 0. 0. 0. 0. 0. 0.
 0. 0. 0. 0. 0. 0. 0. 0.]
start SG
end SG -->  0.03526902198791504
    CPU time for vj and vk      0.55 sec, wall time      0.55 sec
E1 = 16.309540514367722  Ecoul = 4.645014604517715  Exc = -12.983002971460364
cycle= 3 E= -43.2639402445191  delta_E= -2.61e-08  |g|= 6.14e-06  |ddm|= 0.000259
    CPU time for cycle= 3      1.49 sec, wall time      1.50 sec
  HOMO = 0.569500142670327  LUMO = 0.849407418216384
  mo_energy =
[-0.26075627  0.0638315   0.0638499   0.06385002  0.06385069  0.06385796
  0.06385808  0.3217488   0.32174929  0.32174982  0.32176498  0.32176586
  0.32176648  0.56949908  0.56949937  0.56950014  0.84940742  0.84940754
  0.84940759  0.87503757  0.8750378   0.87504977  0.87505005  0.87505027
  0.87507397  1.18885717  1.28864987  1.2886501   1.2886502   1.28877541
  1.28877571  1.28877595  1.72486155  1.72490171  1.72490192  1.72490206
  1.72492333  1.72492348  1.76178228  1.76178231  2.04655431  2.04655463
  2.04655476  2.04663091  2.04663105  2.04663147  2.35115598  2.35174573
  2.35174583  2.35174612  2.35203453  2.3520347   2.41502564  2.41502574
  2.41502577  2.48153952  2.48153956  2.48153992  2.79656942  2.79656955
  2.7965697   2.79660191  2.79660207  2.7966021   2.98806445  2.98814547
  2.98814565  2.98814572  2.98818044  2.98818067  3.02865275  3.02865295
  3.02865343  3.02878902  3.02878969  3.02878983  3.43655061  3.43655092
  3.43672056  3.43672068  3.43672089  3.43704528  3.56987319  3.56987324
  3.73925276  3.7392539   3.73925391  4.63027989  4.63027996  4.63027999
  4.73140263  4.73140274  4.73140281  4.73156678  4.73156688  4.73156698
  8.68943253  9.01527468  9.02633549  9.03149594  9.03149644  9.03149723
  9.03520376  9.03520392]
nelec by numeric integration = 31.99999999816237
    CPU time for vxc      0.94 sec, wall time      0.94 sec
~/packages/PeriodicIntegrals/PeriodicIntegrals-junjie-benchmark/isdfx/isdfx.py +4733
[[ 5.38657224e-01 -1.50626150e-02  1.55429921e-06 ...  2.24778183e-05
   6.10893685e-03  2.69555023e-07]
 [-1.50626150e-02  4.39142068e-04  8.62784912e-08 ... -5.59738125e-07
  -1.52253851e-04 -1.11655660e-08]
 [ 1.55429921e-06  8.62784912e-08  6.47414104e-01 ...  2.17576618e-03
  -1.54184029e-03 -3.83522393e-03]
 ...
 [ 2.24778183e-05 -5.59738125e-07  2.17576618e-03 ...  2.61610569e-04
   1.93356414e-06  1.28900035e-10]
 [ 6.10893685e-03 -1.52253851e-04 -1.54184029e-03 ...  1.93356414e-06
   2.24332158e-03  3.59436928e-06]
 [ 2.69555023e-07 -1.11655660e-08 -3.83522393e-03 ...  1.28900035e-10
   3.59436928e-06  2.61624055e-04]]
[[ 2.42232916e-01 -1.53649042e-01 -7.75417707e-03 ... -3.37350480e-05
  -1.28934852e+00 -7.89327113e-01]
 [-9.42251234e-03  3.82993024e-03  1.93322319e-04 ... -3.29983306e-05
  -1.18611160e+00 -7.26125699e-01]
 [ 4.25135741e-07  9.46854690e-04  1.52712058e-01 ...  3.45901316e-02
  -1.39243243e-06 -3.24020381e-07]
 ...
 [-8.54331048e-07 -9.50897481e-05 -1.27561405e-03 ...  2.90678058e-03
  -1.72521651e-05 -1.03616101e-05]
 [ 2.69531325e-06 -6.70857044e-03  1.87575794e-04 ...  8.97946797e-05
  -2.26846136e-03  8.81077265e-02]
 [ 2.95168404e-07 -8.06925818e-05 -1.13536222e-02 ... -6.57985537e-03
   1.03208457e-05 -1.73440237e-05]]
[2. 2. 2. 2. 2. 2. 2. 2. 2. 2. 2. 2. 2. 2. 2. 2. 0. 0. 0. 0. 0. 0. 0. 0.
 0. 0. 0. 0. 0. 0. 0. 0. 0. 0. 0. 0. 0. 0. 0. 0. 0. 0. 0. 0. 0. 0. 0. 0.
 0. 0. 0. 0. 0. 0. 0. 0. 0. 0. 0. 0. 0. 0. 0. 0. 0. 0. 0. 0. 0. 0. 0. 0.
 0. 0. 0. 0. 0. 0. 0. 0. 0. 0. 0. 0. 0. 0. 0. 0. 0. 0. 0. 0. 0. 0. 0. 0.
 0. 0. 0. 0. 0. 0. 0. 0.]
start SG
end SG -->  0.03692793846130371
    CPU time for vj and vk      0.53 sec, wall time      0.53 sec
E1 = 16.309539445634538  Ecoul = 4.645016214241641  Exc = -12.983003512465395
cycle= 4 E= -43.2639402445334  delta_E= -1.43e-11  |g|= 2.55e-06  |ddm|= 1.32e-05
    CPU time for cycle= 4      1.47 sec, wall time      1.48 sec
  HOMO = 0.569500203746793  LUMO = 0.849407464884504
  mo_energy =
[-0.26075622  0.06383164  0.06384991  0.06385005  0.06385072  0.063858
  0.06385811  0.32174893  0.32174943  0.32174994  0.32176495  0.32176584
  0.32176645  0.56949913  0.56949943  0.5695002   0.84940746  0.84940759
  0.84940764  0.87503743  0.8750377   0.87504976  0.87505007  0.87505034
  0.87507435  1.18885724  1.28865009  1.28865033  1.28865046  1.2887753
  1.28877564  1.28877591  1.72486159  1.72490192  1.72490212  1.72490227
  1.72492323  1.72492339  1.76178231  1.76178234  2.04655436  2.04655467
  2.0465548   2.04663094  2.04663108  2.04663152  2.3511559   2.35174567
  2.35174577  2.35174608  2.35203475  2.35203495  2.4150257   2.41502579
  2.41502582  2.48153959  2.48153963  2.48153999  2.79656959  2.79656969
  2.79656987  2.79660189  2.79660207  2.79660207  2.9880647   2.98814548
  2.98814567  2.98814576  2.98818043  2.98818068  3.02865286  3.02865308
  3.02865354  3.028789    3.02878969  3.02878983  3.43655058  3.43655089
  3.43672061  3.43672075  3.43672097  3.4370455   3.56987325  3.5698733
  3.73925282  3.73925396  3.73925398  4.63027996  4.63028003  4.63028005
  4.73140263  4.73140274  4.73140282  4.7315669   4.731567    4.7315671
  8.68943269  9.01527529  9.02633591  9.03149579  9.0314963   9.03149717
  9.03520395  9.03520406]
nelec by numeric integration = 31.999999998162366
    CPU time for vxc      0.96 sec, wall time      0.97 sec
~/packages/PeriodicIntegrals/PeriodicIntegrals-junjie-benchmark/isdfx/isdfx.py +4733
[[ 5.38657054e-01 -1.50625973e-02  1.50849076e-06 ...  2.24539379e-05
   6.10894249e-03  2.75547824e-07]
 [-1.50625973e-02  4.39141323e-04  9.03564064e-08 ... -5.59180188e-07
  -1.52254037e-04 -1.12963405e-08]
 [ 1.50849076e-06  9.03564064e-08  6.47413945e-01 ...  2.17580194e-03
  -1.54183982e-03 -3.83523690e-03]
 ...
 [ 2.24539379e-05 -5.59180188e-07  2.17580194e-03 ...  2.61610515e-04
   1.93261731e-06  1.36065729e-10]
 [ 6.10894249e-03 -1.52254037e-04 -1.54183982e-03 ...  1.93261731e-06
   2.24332122e-03  3.59299904e-06]
 [ 2.75547824e-07 -1.12963405e-08 -3.83523690e-03 ...  1.36065729e-10
   3.59299904e-06  2.61624032e-04]]
[[ 2.42232851e-01 -1.53625788e-01 -9.22247242e-03 ... -3.83163826e-05
  -1.22710576e+00 -8.82991596e-01]
 [-9.42251285e-03  3.82936019e-03  2.29903912e-04 ... -3.74844018e-05
  -1.12885265e+00 -8.12290729e-01]
 [ 3.91765273e-07  1.42075608e-03  1.53696402e-01 ...  3.73717967e-02
  -1.35877737e-06 -4.73028966e-07]
 ...
 [-8.52258861e-07 -8.75019957e-05 -1.21514637e-03 ...  2.13473697e-03
  -1.64309629e-05 -1.16199858e-05]
 [ 2.70280141e-06 -6.70803406e-03  1.23094635e-04 ...  9.10509657e-05
  -8.81177890e-03  8.76954821e-02]
 [ 2.95522541e-07 -8.27301057e-05 -1.13620265e-02 ... -5.88187004e-03
   1.15819446e-05 -1.65425665e-05]]
[2. 2. 2. 2. 2. 2. 2. 2. 2. 2. 2. 2. 2. 2. 2. 2. 0. 0. 0. 0. 0. 0. 0. 0.
 0. 0. 0. 0. 0. 0. 0. 0. 0. 0. 0. 0. 0. 0. 0. 0. 0. 0. 0. 0. 0. 0. 0. 0.
 0. 0. 0. 0. 0. 0. 0. 0. 0. 0. 0. 0. 0. 0. 0. 0. 0. 0. 0. 0. 0. 0. 0. 0.
 0. 0. 0. 0. 0. 0. 0. 0. 0. 0. 0. 0. 0. 0. 0. 0. 0. 0. 0. 0. 0. 0. 0. 0.
 0. 0. 0. 0. 0. 0. 0. 0.]
start SG
end SG -->  0.03461813926696777
    CPU time for vj and vk      0.57 sec, wall time      0.57 sec
E1 = 16.309539631725663  Ecoul = 4.64501593943641  Exc = -12.983003423752116
Extra cycle  E= -43.2639402445342  delta_E= -8.24e-13  |g|= 1.61e-06  |ddm|= 3.3e-06
    CPU time for scf_cycle      9.02 sec, wall time      9.06 sec
    CPU time for SCF      9.07 sec, wall time      9.12 sec
converged SCF energy = -43.2639402445342
Successfully saved all results to /central/scratch/yangjunjie//run-scf-spc-diamond-conv-1-1-1-fftisdf-ks-1-100-rcut_epsilon-1e-05-ke_epsilon-0.05-isdf_thresh-0.0005/48100102/scf.h5
