SLURMD_NODENAME = hpc-54-06
Start time = Tue Mar 18 01:58:04 PM PDT 2025
OMP_NUM_THREADS = 1
MKL_NUM_THREADS = 1
PYSCF_MAX_MEMORY = 409600
TMPDIR = /central/scratch/yangjunjie//run-scf-spc-diamond-conv-1-1-1-fftisdf-ks-1-100-rcut_epsilon-1e-05-ke_epsilon-0.05-isdf_thresh-0.0005/48068324/
PYSCF_TMPDIR = /central/scratch/yangjunjie//run-scf-spc-diamond-conv-1-1-1-fftisdf-ks-1-100-rcut_epsilon-1e-05-ke_epsilon-0.05-isdf_thresh-0.0005/48068324/

/home/junjiey/anaconda3/envs/fftisdf/bin/python
2.8.0
1.13.1
2.0.2
fft_engine = NUMPY+BLAS
name = diamond-conv
ke_cutoff =  1.00e+02
exxdiv = None
df = fftisdf-ks
chk_path = ../../../gdf-32/tmp/scf.h5
mesh = 1,1,1
rcut_epsilon =  1.00e-05
ke_epsilon =  5.00e-02
isdf_thresh =  5.00e-04

Discarded 24 diffused primitive functions, 0 contracted functions
ke_cutoff = 100.0
None

******** <class 'ISDFX'> ********
lin_dep_thresh: 1e-10
alpha_cutoff: 2.8
rcut_epsilon: 1e-05
ke_epsilon: 0.05
isdf_thresh: 0.0005
grid_vol_cutoff: 0.05
ke_step: 2.0
ao_tol: 1e-12
multigrid_on: True
direct_j: True
iterative_build: True
occRI: True
voronoi: True
fit_sparse_grid: False
fit_dense_grid: True
direct_k_sparse: True
direct_k: False
use_kpt_symm: False
kmesh: [1, 1, 1]
isdf_pts_from_q0: True
isdf_pts_from_gamma_point: False
alpha: None
do_real_isdf: False
N_xi: None
use_cell_periodic: False
isdf_thresh_sparse: None
ncopy: [1, 1, 1]
j_grid_mesh: None
k_grid_mesh: None
num_j_grids: 100
get_ao_from_pyscf: False
nuc_pp_version: 0
vppnl_ver: 0
universal_dense_grid: None
same_jk_grids: None
coulomb_only: False
max_memory   409600 MB (current use       92 MB)

Exchange function: getK_occRI  

cell mesh: [33 33 33]
nbas:  96
Grid     keMax    keMin    keGrid   expMax   expMin   nexp     lmax     PWs      mesh        
0        33.6     33.6     111.6    5.6      5.6      1        2        35937    [33 33 33]
1        12.7     2.1      12.7     2.1      0.3      3        2        2197     [13 13 13]
0        59.4     55.8     111.6    5.6      5.6      1        2        35937    [33 33 33]
1        22.4     11.2     22.4     2.1      2.1      1        2        4913     [17 17 17]
2        8.2      3.7      8.2      0.8      0.3      2        2        1331     [11 11 11]

ISDF

atm      grid     Ng       NI       Nxi      sharp    on_grid  diffuse  maxexp   minexp   lmax     lmin    
0        0        35937    1462     81       9        198      189      5.61     5.61     2        0       
1        0        35937    1457     80       9        198      189      5.61     5.61     2        0       
2        0        35937    1462     81       9        198      189      5.61     5.61     2        0       
3        0        35937    1457     80       9        198      189      5.61     5.61     2        0       
4        0        35937    1462     81       9        198      189      5.61     5.61     2        0       
5        0        35937    1457     80       9        198      189      5.61     5.61     2        0       
6        0        35937    1472     80       9        198      189      5.61     5.61     2        0       
7        0        35937    1457     80       9        198      189      5.61     5.61     2        0       
-        1        2197     2197     2197     216      216      216      2.11     0.35     2        0       
ISDF-pts:       0.32
ISDF-vec:       0.04
Fit dense grids ISDF:       0.36
Fit sparse grids ISDF:       0.00

Grid     PWs      Ng_i     N_xi     N_mu    
0        35937    11686    643      1584    
1        2197     2197     2197     216     

nTHC: 2840
Mem Required (MB):      13.16
Curent RAM Use (MB) :        144 

Build W
ISDF-fft dense grids (sec):       1.09
Curent RAM Use (MB) :        130 
ISDF-fft:       1.09

Initial guess from minao.
Big error detected in the electron number of initial guess density matrix (Ne/cell = 31.9898)!
  This can cause huge error in Fock matrix and lead to instability in SCF for low-dimensional systems.
  DM is normalized wrt the number of electrons 32
Successfully loaded dm0 from ../../../gdf-32/tmp/scf.h5
~/packages/PeriodicIntegrals/PeriodicIntegrals-junjie-benchmark/isdfx/isdfx.py +4733
[[ 5.38614370e-01 -1.50633325e-02 -1.38087743e-10 ...  2.03651275e-06
   6.10606872e-03  7.90526395e-13]
 [-1.50633325e-02  4.39251350e-04  7.08964274e-12 ... -5.07444375e-08
  -1.52141668e-04 -4.13580975e-14]
 [-1.38087743e-10  7.08964274e-12  6.47441210e-01 ...  2.21852154e-03
  -1.53611402e-03 -3.84850915e-03]
 ...
 [ 2.03651275e-06 -5.07444375e-08  2.21852154e-03 ...  2.61686732e-04
   6.27410991e-08 -9.56146188e-15]
 [ 6.10606872e-03 -1.52141668e-04 -1.53611402e-03 ...  6.27410991e-08
   2.24296688e-03  1.08670819e-07]
 [ 7.90526395e-13 -4.13580975e-14 -3.84850915e-03 ... -9.56146188e-15
   1.08670819e-07  2.61686732e-04]]
[[ 2.42245902e-01 -1.52984567e-01 -5.86005138e-07 ... -1.76275068e-08
  -4.42991460e-01  1.44591729e+00]
 [-9.42629767e-03  3.81141176e-03  1.45896636e-08 ... -1.75288939e-08
  -4.07354937e-01  1.32960023e+00]
 [ 1.54483343e-11  5.31642048e-07 -1.18993057e-01 ...  5.36001426e-02
   5.04221703e-11  1.02693838e-10]
 ...
 [-6.10673153e-12  3.55709445e-10  1.17938535e-03 ... -1.59103731e-05
  -3.58354859e-06  1.16966473e-05]
 [ 6.11259859e-08 -6.65319911e-03  5.81347630e-07 ...  1.00183520e-04
   8.59271605e-02 -1.97846174e-02]
 [ 2.02371638e-12 -1.01459459e-09 -5.07581181e-04 ... -2.53858582e-05
  -1.16966440e-05 -3.58354682e-06]]
[2. 2. 2. 2. 2. 2. 2. 2. 2. 2. 2. 2. 2. 2. 2. 2. 0. 0. 0. 0. 0. 0. 0. 0.
 0. 0. 0. 0. 0. 0. 0. 0. 0. 0. 0. 0. 0. 0. 0. 0. 0. 0. 0. 0. 0. 0. 0. 0.
 0. 0. 0. 0. 0. 0. 0. 0. 0. 0. 0. 0. 0. 0. 0. 0. 0. 0. 0. 0. 0. 0. 0. 0.
 0. 0. 0. 0. 0. 0. 0. 0. 0. 0. 0. 0. 0. 0. 0. 0. 0. 0. 0. 0. 0. 0. 0. 0.
 0. 0. 0. 0. 0. 0. 0. 0.]
~/packages/PeriodicIntegrals/PeriodicIntegrals-junjie-benchmark/isdfx/isdfx.py +4733
[[ 5.38614370e-01 -1.50633325e-02 -1.38087743e-10 ...  2.03651275e-06
   6.10606872e-03  7.90526395e-13]
 [-1.50633325e-02  4.39251350e-04  7.08964274e-12 ... -5.07444375e-08
  -1.52141668e-04 -4.13580975e-14]
 [-1.38087743e-10  7.08964274e-12  6.47441210e-01 ...  2.21852154e-03
  -1.53611402e-03 -3.84850915e-03]
 ...
 [ 2.03651275e-06 -5.07444375e-08  2.21852154e-03 ...  2.61686732e-04
   6.27410991e-08 -9.56146188e-15]
 [ 6.10606872e-03 -1.52141668e-04 -1.53611402e-03 ...  6.27410991e-08
   2.24296688e-03  1.08670819e-07]
 [ 7.90526395e-13 -4.13580975e-14 -3.84850915e-03 ... -9.56146188e-15
   1.08670819e-07  2.61686732e-04]]
[[ 2.42245902e-01 -1.52984567e-01 -5.86005138e-07 ... -1.76275068e-08
  -4.42991460e-01  1.44591729e+00]
 [-9.42629767e-03  3.81141176e-03  1.45896636e-08 ... -1.75288939e-08
  -4.07354937e-01  1.32960023e+00]
 [ 1.54483343e-11  5.31642048e-07 -1.18993057e-01 ...  5.36001426e-02
   5.04221703e-11  1.02693838e-10]
 ...
 [-6.10673153e-12  3.55709445e-10  1.17938535e-03 ... -1.59103731e-05
  -3.58354859e-06  1.16966473e-05]
 [ 6.11259859e-08 -6.65319911e-03  5.81347630e-07 ...  1.00183520e-04
   8.59271605e-02 -1.97846174e-02]
 [ 2.02371638e-12 -1.01459459e-09 -5.07581181e-04 ... -2.53858582e-05
  -1.16966440e-05 -3.58354682e-06]]
[2. 2. 2. 2. 2. 2. 2. 2. 2. 2. 2. 2. 2. 2. 2. 2. 0. 0. 0. 0. 0. 0. 0. 0.
 0. 0. 0. 0. 0. 0. 0. 0. 0. 0. 0. 0. 0. 0. 0. 0. 0. 0. 0. 0. 0. 0. 0. 0.
 0. 0. 0. 0. 0. 0. 0. 0. 0. 0. 0. 0. 0. 0. 0. 0. 0. 0. 0. 0. 0. 0. 0. 0.
 0. 0. 0. 0. 0. 0. 0. 0. 0. 0. 0. 0. 0. 0. 0. 0. 0. 0. 0. 0. 0. 0. 0. 0.
 0. 0. 0. 0. 0. 0. 0. 0.]
start SG
end SG -->  0.04325747489929199


******** <class 'pyscf.pbc.dft.rks.RKS'> ********
method = RKS
initial guess = minao
damping factor = 0
level_shift factor = 0
DIIS = <class 'pyscf.scf.diis.CDIIS'>
diis_start_cycle = 1
diis_space = 8
diis_damp = 0
SCF conv_tol = 1e-08
SCF conv_tol_grad = None
SCF max_cycles = 50
direct_scf = True
direct_scf_tol = 1e-13
chkfile to save SCF result = /central/scratch/yangjunjie/run-scf-spc-diamond-conv-1-1-1-fftisdf-ks-1-100-rcut_epsilon-1e-05-ke_epsilon-0.05-isdf_thresh-0.0005/48068324/tmp90p_yvw2
max_memory 409600 MB (current use 145 MB)
******** PBC SCF flags ********
kpt = [0. 0. 0.]
Exchange divergence treatment (exxdiv) = None
DF object = <isdfx.isdfx.ISDFX object at 0x7f6c41e18850>
XC functionals = PBE0
small_rho_cutoff = 1e-07
Set gradient conv threshold to 0.0001
nelec by numeric integration = 31.99999999816239
    CPU time for vxc      1.12 sec, wall time      1.12 sec
~/packages/PeriodicIntegrals/PeriodicIntegrals-junjie-benchmark/isdfx/isdfx.py +4733
[[ 5.38614370e-01 -1.50633325e-02 -1.38087743e-10 ...  2.03651275e-06
   6.10606872e-03  7.90526395e-13]
 [-1.50633325e-02  4.39251350e-04  7.08964274e-12 ... -5.07444375e-08
  -1.52141668e-04 -4.13580975e-14]
 [-1.38087743e-10  7.08964274e-12  6.47441210e-01 ...  2.21852154e-03
  -1.53611402e-03 -3.84850915e-03]
 ...
 [ 2.03651275e-06 -5.07444375e-08  2.21852154e-03 ...  2.61686732e-04
   6.27410991e-08 -9.56146188e-15]
 [ 6.10606872e-03 -1.52141668e-04 -1.53611402e-03 ...  6.27410991e-08
   2.24296688e-03  1.08670819e-07]
 [ 7.90526395e-13 -4.13580975e-14 -3.84850915e-03 ... -9.56146188e-15
   1.08670819e-07  2.61686732e-04]]
[[ 2.42245902e-01 -1.52984567e-01 -5.86005138e-07 ... -1.76275068e-08
  -4.42991460e-01  1.44591729e+00]
 [-9.42629767e-03  3.81141176e-03  1.45896636e-08 ... -1.75288939e-08
  -4.07354937e-01  1.32960023e+00]
 [ 1.54483343e-11  5.31642048e-07 -1.18993057e-01 ...  5.36001426e-02
   5.04221703e-11  1.02693838e-10]
 ...
 [-6.10673153e-12  3.55709445e-10  1.17938535e-03 ... -1.59103731e-05
  -3.58354859e-06  1.16966473e-05]
 [ 6.11259859e-08 -6.65319911e-03  5.81347630e-07 ...  1.00183520e-04
   8.59271605e-02 -1.97846174e-02]
 [ 2.02371638e-12 -1.01459459e-09 -5.07581181e-04 ... -2.53858582e-05
  -1.16966440e-05 -3.58354682e-06]]
[2. 2. 2. 2. 2. 2. 2. 2. 2. 2. 2. 2. 2. 2. 2. 2. 0. 0. 0. 0. 0. 0. 0. 0.
 0. 0. 0. 0. 0. 0. 0. 0. 0. 0. 0. 0. 0. 0. 0. 0. 0. 0. 0. 0. 0. 0. 0. 0.
 0. 0. 0. 0. 0. 0. 0. 0. 0. 0. 0. 0. 0. 0. 0. 0. 0. 0. 0. 0. 0. 0. 0. 0.
 0. 0. 0. 0. 0. 0. 0. 0. 0. 0. 0. 0. 0. 0. 0. 0. 0. 0. 0. 0. 0. 0. 0. 0.
 0. 0. 0. 0. 0. 0. 0. 0.]
start SG
end SG -->  0.0430450439453125
    CPU time for vj and vk      0.60 sec, wall time      0.60 sec
E1 = 16.30961814060373  Ecoul = 4.644896370733801  Exc = -12.98296187159892
init E= -43.2639397522056
    CPU time for initialize scf      2.81 sec, wall time      2.82 sec
  HOMO = 0.569496182089952  LUMO = 0.849404379110387
  mo_energy =
[-0.26075896  0.06384562  0.06384582  0.06384713  0.06384733  0.06384792
  0.06384815  0.32175281  0.32175338  0.32175395  0.32175438  0.32175525
  0.32175599  0.56949521  0.5694955   0.56949618  0.84940438  0.84940438
  0.84940442  0.87503241  0.87503244  0.87504789  0.87504792  0.87504795
  0.87507886  1.18885217  1.28865187  1.2886519   1.288652    1.28876356
  1.28876366  1.28876369  1.72485062  1.7248979   1.72489793  1.72489797
  1.72491946  1.72491955  1.76177983  1.76177983  2.0465615   2.04656175
  2.04656184  2.04661868  2.04661878  2.04661904  2.35114461  2.35174189
  2.35174189  2.35174189  2.35203691  2.35203691  2.41502232  2.41502233
  2.41502234  2.48153478  2.48153479  2.48153528  2.79657415  2.79657436
  2.79657443  2.79658805  2.79658812  2.79658832  2.98805741  2.98814132
  2.98814137  2.98814143  2.98817862  2.98817867  3.02865655  3.02865675
  3.0286573   3.02877816  3.02877874  3.02877895  3.43655075  3.43655098
  3.43671636  3.43671652  3.43671666  3.43703303  3.56986845  3.56986846
  3.73924871  3.73924969  3.7392497   4.63027651  4.63027657  4.6302766
  4.73139155  4.73139156  4.73139158  4.73157049  4.73157057  4.73157062
  8.68942229  9.01530954  9.02633935  9.03147628  9.03147641  9.03147654
  9.03517629  9.03517646]
nelec by numeric integration = 31.999999998162295
    CPU time for vxc      1.06 sec, wall time      1.06 sec
~/packages/PeriodicIntegrals/PeriodicIntegrals-junjie-benchmark/isdfx/isdfx.py +4733
[[ 5.38672748e-01 -1.50643491e-02  1.54394751e-06 ...  2.23716409e-05
   6.10882292e-03  2.22074567e-07]
 [-1.50643491e-02  4.39221226e-04  9.63620346e-08 ... -5.56549380e-07
  -1.52255635e-04 -1.00938110e-08]
 [ 1.54394751e-06  9.63620346e-08  6.47434504e-01 ...  2.17602415e-03
  -1.54193248e-03 -3.83541610e-03]
 ...
 [ 2.23716409e-05 -5.56549380e-07  2.17602415e-03 ...  2.61619875e-04
   1.92256327e-06  2.71805382e-10]
 [ 6.10882292e-03 -1.52255635e-04 -1.54193248e-03 ...  1.92256327e-06
   2.24332334e-03  3.56266729e-06]
 [ 2.22074567e-07 -1.00938110e-08 -3.83541610e-03 ...  2.71805382e-10
   3.56266729e-06  2.61632265e-04]]
[[ 2.42244214e-01  3.48788826e-01 -1.93874095e-01 ... -4.60427307e-06
   1.46017662e+00 -3.91577478e-01]
 [-9.42296949e-03 -8.69178132e-03  4.83121302e-03 ... -4.44914635e-06
   1.34326028e+00 -3.60223793e-01]
 [ 5.27847281e-07 -7.23160768e-02 -5.91016307e-02 ...  2.82490063e-02
   9.98547750e-07 -1.15551919e-06]
 ...
 [-8.77321124e-07 -3.96788953e-03  1.37554510e-03 ...  6.10458360e-03
   1.93768655e-05 -5.40567538e-06]
 [ 2.90863790e-06  3.92648537e-04 -8.74849280e-03 ...  8.75496505e-05
  -6.23354593e-02 -6.23099552e-02]
 [ 2.99854461e-07  2.58086182e-03  4.12253004e-03 ... -7.21401599e-03
   5.40651065e-06  1.93794312e-05]]
[2. 2. 2. 2. 2. 2. 2. 2. 2. 2. 2. 2. 2. 2. 2. 2. 0. 0. 0. 0. 0. 0. 0. 0.
 0. 0. 0. 0. 0. 0. 0. 0. 0. 0. 0. 0. 0. 0. 0. 0. 0. 0. 0. 0. 0. 0. 0. 0.
 0. 0. 0. 0. 0. 0. 0. 0. 0. 0. 0. 0. 0. 0. 0. 0. 0. 0. 0. 0. 0. 0. 0. 0.
 0. 0. 0. 0. 0. 0. 0. 0. 0. 0. 0. 0. 0. 0. 0. 0. 0. 0. 0. 0. 0. 0. 0. 0.
 0. 0. 0. 0. 0. 0. 0. 0.]
start SG
end SG -->  0.04207754135131836
    CPU time for vj and vk      0.60 sec, wall time      0.60 sec
E1 = 16.309528552993665  Ecoul = 4.645031988538872  Exc = -12.983008407932608
cycle= 1 E= -43.2639402583443  delta_E= -5.06e-07  |g|= 0.000265  |ddm|= 0.00131
    CPU time for cycle= 1      1.66 sec, wall time      1.79 sec
  HOMO = 0.569500740232018  LUMO = 0.849407845438553
  mo_energy =
[-0.26075584  0.06380626  0.06385049  0.0638507   0.06385148  0.06387075
  0.06387111  0.32173913  0.32173962  0.32174017  0.32177553  0.3217765
  0.3217771   0.56949965  0.56949998  0.56950074  0.84940785  0.84940798
  0.84940805  0.87503986  0.87504022  0.87505013  0.87505056  0.87505097
  0.87507     1.18885792  1.28863933  1.28863965  1.28863975  1.28878732
  1.28878786  1.28878814  1.72486332  1.72490115  1.72490133  1.7249015
  1.72492555  1.72492574  1.76178258  1.76178261  2.04654413  2.04654439
  2.0465446   2.04664189  2.04664194  2.04664245  2.35116976  2.35174697
  2.35174702  2.35174749  2.35202681  2.35202695  2.41502617  2.41502627
  2.41502631  2.48154028  2.48154032  2.48154066  2.79655751  2.79655775
  2.7965578   2.7966152   2.79661525  2.79661542  2.98806468  2.98814619
  2.98814643  2.98814658  2.98818055  2.98818085  3.02864386  3.02864408
  3.02864457  3.02879894  3.02879975  3.02879992  3.43654649  3.43654691
  3.436721    3.43672124  3.43672146  3.43705542  3.5698736   3.56987364
  3.73925337  3.73925452  3.73925455  4.63028051  4.63028058  4.63028061
  4.73141374  4.73141403  4.7314141   4.73155665  4.73155679  4.73155698
  8.6894332   9.01522234  9.02632603  9.03149956  9.03150061  9.03150188
  9.035235    9.03523567]
nelec by numeric integration = 31.999999998162476
    CPU time for vxc      1.09 sec, wall time      1.10 sec
~/packages/PeriodicIntegrals/PeriodicIntegrals-junjie-benchmark/isdfx/isdfx.py +4733
[[ 5.38639381e-01 -1.50604871e-02  1.15382305e-06 ...  2.10943440e-05
   6.10888243e-03  3.04964255e-07]
 [-1.50604871e-02  4.39041908e-04  1.31071370e-07 ... -5.25281473e-07
  -1.52239397e-04 -1.20637671e-08]
 [ 1.15382305e-06  1.31071370e-07  6.47400718e-01 ...  2.17795076e-03
  -1.54202295e-03 -3.83562030e-03]
 ...
 [ 2.10943440e-05 -5.25281473e-07  2.17795076e-03 ...  2.61607461e-04
   1.84250515e-06  5.96719548e-11]
 [ 6.10888243e-03 -1.52239397e-04 -1.54202295e-03 ...  1.84250515e-06
   2.24332209e-03  3.43608358e-06]
 [ 3.04964255e-07 -1.20637671e-08 -3.83562030e-03 ...  5.96719548e-11
   3.43608358e-06  2.61621243e-04]]
[[ 2.42218283e-01 -1.53505506e-01  1.81726912e-03 ... -3.95923473e-05
  -1.22708084e+00 -8.83008902e-01]
 [-9.42176312e-03  3.82690621e-03 -4.50545269e-05 ... -3.89620411e-05
  -1.12883148e+00 -8.12305975e-01]
 [ 4.10583221e-07  1.19720871e-03  3.85660384e-02 ...  2.47311110e-02
  -1.30045157e-06 -5.98904637e-07]
 ...
 [-8.38625627e-07 -2.50233052e-05 -7.97234458e-03 ...  4.82049388e-03
  -1.61569626e-05 -1.14451472e-05]
 [ 2.19086013e-06 -6.69301337e-03 -1.42677188e-05 ...  8.47122081e-05
  -8.81445649e-03  8.76933464e-02]
 [ 2.89529535e-07 -3.59493502e-05 -8.12543695e-03 ... -9.32581941e-03
   1.13948911e-05 -1.63165522e-05]]
[2. 2. 2. 2. 2. 2. 2. 2. 2. 2. 2. 2. 2. 2. 2. 2. 0. 0. 0. 0. 0. 0. 0. 0.
 0. 0. 0. 0. 0. 0. 0. 0. 0. 0. 0. 0. 0. 0. 0. 0. 0. 0. 0. 0. 0. 0. 0. 0.
 0. 0. 0. 0. 0. 0. 0. 0. 0. 0. 0. 0. 0. 0. 0. 0. 0. 0. 0. 0. 0. 0. 0. 0.
 0. 0. 0. 0. 0. 0. 0. 0. 0. 0. 0. 0. 0. 0. 0. 0. 0. 0. 0. 0. 0. 0. 0. 0.
 0. 0. 0. 0. 0. 0. 0. 0.]
start SG
end SG -->  0.0424497127532959
    CPU time for vj and vk      0.59 sec, wall time      0.59 sec
E1 = 16.309541438567365  Ecoul = 4.645013160562372  Exc = -12.983002457572992
cycle= 2 E= -43.2639402503874  delta_E= 7.96e-09  |g|= 0.000329  |ddm|= 0.000474
    CPU time for cycle= 2      1.69 sec, wall time      1.70 sec
  HOMO = 0.56950045203927  LUMO = 0.849407662179672
  mo_energy =
[-0.26075604  0.06383233  0.06385009  0.06385024  0.06385091  0.06385793
  0.06385803  0.32174923  0.32174973  0.32175022  0.32176506  0.32176594
  0.32176653  0.56949938  0.56949968  0.56950045  0.84940766  0.84940779
  0.84940785  0.87503727  0.87503758  0.87504989  0.87505023  0.87505054
  0.8750751   1.18885754  1.28865019  1.28865044  1.28865058  1.28877584
  1.28877619  1.2887765   1.72486216  1.72490222  1.72490242  1.72490258
  1.72492344  1.72492362  1.76178241  1.76178245  2.04655456  2.04655486
  2.046555    2.04663105  2.0466312   2.04663164  2.35115423  2.35174582
  2.35174592  2.35174625  2.35203576  2.35203598  2.41502592  2.41502602
  2.41502605  2.48153991  2.48153996  2.48154031  2.79656918  2.79656926
  2.79656946  2.79660289  2.79660307  2.7966031   2.98806535  2.98814565
  2.98814586  2.98814596  2.98818035  2.98818062  3.02865289  3.02865311
  3.02865357  3.02878945  3.02879014  3.02879029  3.43655066  3.43655099
  3.43672083  3.43672099  3.43672123  3.43704602  3.56987344  3.56987349
  3.73925306  3.73925421  3.73925423  4.63028028  4.63028035  4.63028038
  4.73140326  4.73140337  4.73140347  4.73156664  4.73156673  4.73156684
  8.68943359  9.01528443  9.02633846  9.0314963   9.03149682  9.03149776
  9.03519975  9.03519981]
nelec by numeric integration = 31.999999998162377
    CPU time for vxc      1.08 sec, wall time      1.09 sec
~/packages/PeriodicIntegrals/PeriodicIntegrals-junjie-benchmark/isdfx/isdfx.py +4733
[[ 5.38657576e-01 -1.50625533e-02  1.43368109e-06 ...  2.23674246e-05
   6.10893619e-03  2.81375056e-07]
 [-1.50625533e-02  4.39138370e-04  1.00791088e-07 ... -5.57073557e-07
  -1.52252955e-04 -1.14250337e-08]
 [ 1.43368109e-06  1.00791088e-07  6.47415137e-01 ...  2.17600600e-03
  -1.54183775e-03 -3.83533817e-03]
 ...
 [ 2.23674246e-05 -5.57073557e-07  2.17600600e-03 ...  2.61610275e-04
   1.92361517e-06  1.39941996e-10]
 [ 6.10893619e-03 -1.52252955e-04 -1.54183775e-03 ...  1.92361517e-06
   2.24332052e-03  3.57668990e-06]
 [ 2.81375056e-07 -1.14250337e-08 -3.83533817e-03 ...  1.39941996e-10
   3.57668990e-06  2.61623805e-04]]
[[ 2.42233083e-01 -1.53606018e-01 -1.06508996e-02 ... -4.29139996e-05
  -1.04385033e+00 -1.09354665e+00]
 [-9.42248633e-03  3.82882845e-03  2.65492300e-04 ... -4.19830780e-05
  -9.60270533e-01 -1.00598719e+00]
 [ 3.70004602e-07  1.79491074e-03  1.54431441e-01 ...  4.00021777e-02
  -1.22799935e-06 -7.47658221e-07]
 ...
 [-8.49916945e-07 -8.25488686e-05 -1.16886234e-03 ...  1.37127212e-03
  -1.38750228e-05 -1.43006374e-05]
 [ 2.70106112e-06 -6.70783020e-03  7.19143817e-05 ...  9.18966897e-05
  -2.47844259e-02  8.45807999e-02]
 [ 2.95547341e-07 -8.55610729e-05 -1.13675409e-02 ... -5.21551447e-03
   1.42832259e-05 -1.40014126e-05]]
[2. 2. 2. 2. 2. 2. 2. 2. 2. 2. 2. 2. 2. 2. 2. 2. 0. 0. 0. 0. 0. 0. 0. 0.
 0. 0. 0. 0. 0. 0. 0. 0. 0. 0. 0. 0. 0. 0. 0. 0. 0. 0. 0. 0. 0. 0. 0. 0.
 0. 0. 0. 0. 0. 0. 0. 0. 0. 0. 0. 0. 0. 0. 0. 0. 0. 0. 0. 0. 0. 0. 0. 0.
 0. 0. 0. 0. 0. 0. 0. 0. 0. 0. 0. 0. 0. 0. 0. 0. 0. 0. 0. 0. 0. 0. 0. 0.
 0. 0. 0. 0. 0. 0. 0. 0.]
start SG
end SG -->  0.04298996925354004
    CPU time for vj and vk      0.60 sec, wall time      0.60 sec
E1 = 16.30954046886727  Ecoul = 4.645014620361677  Exc = -12.983002973511356
cycle= 3 E= -43.2639402762266  delta_E= -2.58e-08  |g|= 6.15e-06  |ddm|= 0.000257
    CPU time for cycle= 3      1.69 sec, wall time      1.70 sec
  HOMO = 0.569500141419687  LUMO = 0.849407419515009
  mo_energy =
[-0.26075627  0.06383166  0.0638499   0.06385002  0.06385069  0.06385788
  0.063858    0.32174868  0.32174917  0.3217497   0.3217651   0.32176599
  0.32176661  0.56949908  0.56949937  0.56950014  0.84940742  0.84940754
  0.84940759  0.87503756  0.8750378   0.87504977  0.87505005  0.87505027
  0.87507398  1.18885714  1.28864942  1.28864965  1.28864975  1.28877585
  1.28877616  1.2887764   1.72486168  1.72490171  1.72490192  1.72490205
  1.72492326  1.72492341  1.76178227  1.76178231  2.04655411  2.04655443
  2.04655456  2.04663111  2.04663125  2.04663167  2.35115437  2.35174573
  2.35174584  2.35174612  2.35203534  2.35203552  2.41502564  2.41502573
  2.41502576  2.48153952  2.48153956  2.48153993  2.79656843  2.79656856
  2.79656871  2.7966029   2.79660306  2.79660309  2.9880649   2.98814544
  2.98814562  2.98814569  2.98818017  2.98818041  3.02865231  3.02865252
  3.02865299  3.02878945  3.02879011  3.02879026  3.43655049  3.4365508
  3.43672056  3.43672069  3.4367209   3.43704553  3.5698732   3.56987324
  3.73925273  3.73925387  3.73925388  4.63027993  4.63028     4.63028003
  4.73140319  4.73140329  4.73140337  4.73156607  4.73156616  4.73156627
  8.68943265  9.01528244  9.02633708  9.03149589  9.03149639  9.03149719
  9.03519899  9.03519915]
nelec by numeric integration = 31.99999999816238
    CPU time for vxc      1.08 sec, wall time      1.08 sec
~/packages/PeriodicIntegrals/PeriodicIntegrals-junjie-benchmark/isdfx/isdfx.py +4733
[[ 5.38657562e-01 -1.50625652e-02  1.55456728e-06 ...  2.24209590e-05
   6.10893515e-03  2.69540497e-07]
 [-1.50625652e-02  4.39138919e-04  8.62530653e-08 ... -5.58319601e-07
  -1.52253194e-04 -1.11652466e-08]
 [ 1.55456728e-06  8.62530653e-08  6.47413693e-01 ...  2.17589357e-03
  -1.54182846e-03 -3.83525592e-03]
 ...
 [ 2.24209590e-05 -5.58319601e-07  2.17589357e-03 ...  2.61610514e-04
   1.92828419e-06  1.29797787e-10]
 [ 6.10893515e-03 -1.52253194e-04 -1.54182846e-03 ...  1.92828419e-06
   2.24332153e-03  3.58522517e-06]
 [ 2.69540497e-07 -1.11652466e-08 -3.83525592e-03 ...  1.29797787e-10
   3.58522517e-06  2.61623999e-04]]
[[ 2.42232994e-01 -1.53654219e-01 -7.86579725e-03 ... -3.37177578e-05
  -1.28907889e+00 -7.89767047e-01]
 [-9.42248052e-03  3.83004777e-03  1.96102304e-04 ... -3.29806147e-05
  -1.18586373e+00 -7.26530512e-01]
 [ 4.25195091e-07  9.53663289e-04  1.52883077e-01 ...  3.45800995e-02
  -1.39386103e-06 -3.25020379e-07]
 ...
 [-8.54340724e-07 -9.59421093e-05 -1.26151267e-03 ...  2.90899454e-03
  -1.70671421e-05 -1.02560334e-05]
 [ 2.68941098e-06 -6.70898513e-03  1.89334289e-04 ...  8.95799040e-05
  -2.29853426e-03  8.81069775e-02]
 [ 2.95169173e-07 -8.13968847e-05 -1.13550704e-02 ... -6.58263741e-03
   1.02152787e-05 -1.71590954e-05]]
[2. 2. 2. 2. 2. 2. 2. 2. 2. 2. 2. 2. 2. 2. 2. 2. 0. 0. 0. 0. 0. 0. 0. 0.
 0. 0. 0. 0. 0. 0. 0. 0. 0. 0. 0. 0. 0. 0. 0. 0. 0. 0. 0. 0. 0. 0. 0. 0.
 0. 0. 0. 0. 0. 0. 0. 0. 0. 0. 0. 0. 0. 0. 0. 0. 0. 0. 0. 0. 0. 0. 0. 0.
 0. 0. 0. 0. 0. 0. 0. 0. 0. 0. 0. 0. 0. 0. 0. 0. 0. 0. 0. 0. 0. 0. 0. 0.
 0. 0. 0. 0. 0. 0. 0. 0.]
start SG
end SG -->  0.04250597953796387
    CPU time for vj and vk      0.60 sec, wall time      0.60 sec
E1 = 16.30953939895851  Ecoul = 4.645016231844674  Exc = -12.983003515099924
cycle= 4 E= -43.2639402762409  delta_E= -1.43e-11  |g|= 2.53e-06  |ddm|= 1.32e-05
    CPU time for cycle= 4      1.68 sec, wall time      1.69 sec
  HOMO = 0.569500202944936  LUMO = 0.849407466531687
  mo_energy =
[-0.26075623  0.0638318   0.06384991  0.06385005  0.06385072  0.06385792
  0.06385803  0.32174881  0.32174931  0.32174982  0.32176507  0.32176596
  0.32176657  0.56949913  0.56949943  0.5695002   0.84940747  0.84940759
  0.84940765  0.87503742  0.87503769  0.87504976  0.87505007  0.87505033
  0.87507436  1.18885722  1.28864964  1.28864988  1.28865     1.28877576
  1.28877609  1.28877636  1.72486172  1.72490192  1.72490212  1.72490227
  1.72492316  1.72492332  1.7617823   1.76178234  2.04655416  2.04655446
  2.0465546   2.04663114  2.04663129  2.04663172  2.3511543   2.35174568
  2.35174577  2.35174609  2.35203556  2.35203576  2.41502569  2.41502579
  2.41502582  2.4815396   2.48153964  2.48154     2.7965686   2.7965687
  2.79656888  2.79660288  2.79660306  2.79660306  2.98806515  2.98814545
  2.98814565  2.98814573  2.98818017  2.98818042  3.02865243  3.02865264
  3.02865311  3.02878943  3.02879012  3.02879026  3.43655046  3.43655077
  3.43672061  3.43672075  3.43672098  3.43704576  3.56987326  3.5698733
  3.7392528   3.73925394  3.73925395  4.63027999  4.63028006  4.63028009
  4.73140319  4.7314033   4.73140338  4.73156619  4.73156628  4.73156639
  8.68943282  9.01528305  9.02633751  9.03149575  9.03149626  9.03149713
  9.03519919  9.0351993 ]
nelec by numeric integration = 31.999999998162387
    CPU time for vxc      1.06 sec, wall time      1.06 sec
~/packages/PeriodicIntegrals/PeriodicIntegrals-junjie-benchmark/isdfx/isdfx.py +4733
[[ 5.38657389e-01 -1.50625471e-02  1.50854989e-06 ...  2.23973391e-05
   6.10894071e-03  2.75555293e-07]
 [-1.50625471e-02  4.39138156e-04  9.03541926e-08 ... -5.57768292e-07
  -1.52253374e-04 -1.12965106e-08]
 [ 1.50854989e-06  9.03541926e-08  6.47413530e-01 ...  2.17592890e-03
  -1.54182794e-03 -3.83526882e-03]
 ...
 [ 2.23973391e-05 -5.57768292e-07  2.17592890e-03 ...  2.61610460e-04
   1.92735805e-06  1.36960254e-10]
 [ 6.10894071e-03 -1.52253374e-04 -1.54182794e-03 ...  1.92735805e-06
   2.24332117e-03  3.58389056e-06]
 [ 2.75555293e-07 -1.12965106e-08 -3.83526882e-03 ...  1.36960254e-10
   3.58389056e-06  2.61623976e-04]]
[[ 2.42232928e-01 -1.53630723e-01 -9.34758814e-03 ... -3.83155640e-05
  -1.22636915e+00 -8.84014104e-01]
 [-9.42248087e-03  3.82947154e-03  2.33019994e-04 ... -3.74827372e-05
  -1.12817518e+00 -8.13231483e-01]
 [ 3.91724922e-07  1.43311785e-03  1.53850443e-01 ...  3.73717322e-02
  -1.35983035e-06 -4.75012417e-07]
 ...
 [-8.52260356e-07 -8.82528381e-05 -1.20228607e-03 ...  2.13427204e-03
  -1.62486725e-05 -1.15090034e-05]
 [ 2.69680856e-06 -6.70844023e-03  1.24020924e-04 ...  9.08383161e-05
  -8.88488108e-03  8.76881369e-02]
 [ 2.95523773e-07 -8.34537650e-05 -1.13632819e-02 ... -5.88214459e-03
   1.14710218e-05 -1.63604625e-05]]
[2. 2. 2. 2. 2. 2. 2. 2. 2. 2. 2. 2. 2. 2. 2. 2. 0. 0. 0. 0. 0. 0. 0. 0.
 0. 0. 0. 0. 0. 0. 0. 0. 0. 0. 0. 0. 0. 0. 0. 0. 0. 0. 0. 0. 0. 0. 0. 0.
 0. 0. 0. 0. 0. 0. 0. 0. 0. 0. 0. 0. 0. 0. 0. 0. 0. 0. 0. 0. 0. 0. 0. 0.
 0. 0. 0. 0. 0. 0. 0. 0. 0. 0. 0. 0. 0. 0. 0. 0. 0. 0. 0. 0. 0. 0. 0. 0.
 0. 0. 0. 0. 0. 0. 0. 0.]
start SG
end SG -->  0.04252052307128906
    CPU time for vj and vk      0.60 sec, wall time      0.60 sec
E1 = 16.309539586562103  Ecoul = 4.645015954760757  Exc = -12.983003425620417
Extra cycle  E= -43.2639402762417  delta_E= -8.17e-13  |g|= 1.6e-06  |ddm|= 3.28e-06
    CPU time for scf_cycle     11.19 sec, wall time     11.37 sec
    CPU time for SCF     11.33 sec, wall time     11.51 sec
converged SCF energy = -43.2639402762417
Successfully saved all results to /central/scratch/yangjunjie//run-scf-spc-diamond-conv-1-1-1-fftisdf-ks-1-100-rcut_epsilon-1e-05-ke_epsilon-0.05-isdf_thresh-0.0005/48068324/scf.h5
