SLURMD_NODENAME = hpc-54-06
Start time = Tue Mar 18 01:59:30 PM PDT 2025
OMP_NUM_THREADS = 1
MKL_NUM_THREADS = 1
PYSCF_MAX_MEMORY = 409600
TMPDIR = /central/scratch/yangjunjie//run-scf-spc-diamond-conv-1-1-2-fftisdf-ks-1-100-rcut_epsilon-1e-05-ke_epsilon-0.01-isdf_thresh-5e-05/48068327/
PYSCF_TMPDIR = /central/scratch/yangjunjie//run-scf-spc-diamond-conv-1-1-2-fftisdf-ks-1-100-rcut_epsilon-1e-05-ke_epsilon-0.01-isdf_thresh-5e-05/48068327/

/home/junjiey/anaconda3/envs/fftisdf/bin/python
2.8.0
1.13.1
2.0.2
fft_engine = NUMPY+BLAS
name = diamond-conv
ke_cutoff =  1.00e+02
exxdiv = None
df = fftisdf-ks
chk_path = ../../../gdf-32/tmp/scf.h5
mesh = 1,1,2
rcut_epsilon =  1.00e-05
ke_epsilon =  1.00e-02
isdf_thresh =  5.00e-05

Discarded 24 diffused primitive functions, 0 contracted functions
ke_cutoff = 100.0
None

******** <class 'ISDFX'> ********
lin_dep_thresh: 1e-10
alpha_cutoff: 2.8
rcut_epsilon: 1e-05
ke_epsilon: 0.01
isdf_thresh: 5e-05
grid_vol_cutoff: 0.05
ke_step: 2.0
ao_tol: 1e-12
multigrid_on: True
direct_j: True
iterative_build: True
occRI: True
voronoi: True
fit_sparse_grid: False
fit_dense_grid: True
direct_k_sparse: True
direct_k: False
use_kpt_symm: False
kmesh: [1, 1, 1]
isdf_pts_from_q0: True
isdf_pts_from_gamma_point: False
alpha: None
do_real_isdf: False
N_xi: None
use_cell_periodic: False
isdf_thresh_sparse: None
ncopy: [1, 1, 1]
j_grid_mesh: None
k_grid_mesh: None
num_j_grids: 100
get_ao_from_pyscf: False
nuc_pp_version: 0
vppnl_ver: 0
universal_dense_grid: None
same_jk_grids: None
coulomb_only: False
max_memory   409600 MB (current use       92 MB)

Exchange function: getK_occRI  

cell mesh: [33 33 67]
nbas:  192
Grid     keMax    keMin    keGrid   expMax   expMin   nexp     lmax     PWs      mesh        
0        51.6     51.6     111.6    5.6      5.6      1        2        72963    [33 33 67]
1        19.5     3.2      19.5     2.1      0.3      3        2        6525     [15 15 29]
0        77.4     55.8     111.6    5.6      5.6      1        2        72963    [33 33 67]
1        29.2     14.6     29.2     2.1      2.1      1        2        12635    [19 19 35]
2        10.6     4.8      10.6     0.8      0.3      2        2        2541     [11 11 21]

ISDF

atm      grid     Ng       NI       Nxi      sharp    on_grid  diffuse  maxexp   minexp   lmax     lmin    
0        0        72963    1458     115      9        279      270      5.61     5.61     2        0       
1        0        72963    1474     112      9        279      270      5.61     5.61     2        0       
2        0        72963    1470     114      9        279      270      5.61     5.61     2        0       
3        0        72963    1487     114      9        279      270      5.61     5.61     2        0       
4        0        72963    1470     114      9        279      270      5.61     5.61     2        0       
5        0        72963    1487     114      9        279      270      5.61     5.61     2        0       
6        0        72963    1464     115      9        279      270      5.61     5.61     2        0       
7        0        72963    1474     112      9        279      270      5.61     5.61     2        0       
8        0        72963    1458     115      9        279      270      5.61     5.61     2        0       
9        0        72963    1487     114      9        279      270      5.61     5.61     2        0       
10       0        72963    1484     113      9        279      270      5.61     5.61     2        0       
11       0        72963    1474     112      9        279      270      5.61     5.61     2        0       
12       0        72963    1484     113      9        279      270      5.61     5.61     2        0       
13       0        72963    1474     112      9        279      270      5.61     5.61     2        0       
14       0        72963    1464     115      9        279      270      5.61     5.61     2        0       
15       0        72963    1487     114      9        279      270      5.61     5.61     2        0       
-        1        6525     6525     6525     432      432      432      2.11     0.35     2        0       
ISDF-pts:       0.75
ISDF-vec:       0.13
Fit dense grids ISDF:       0.88
Fit sparse grids ISDF:       0.00

Grid     PWs      Ng_i     N_xi     N_mu    
0        72963    23596    1818     4464    
1        6525     6525     6525     432     

nTHC: 8343
Mem Required (MB):     108.95
Curent RAM Use (MB) :        216 

Build W
ISDF-fft dense grids (sec):      11.42
Curent RAM Use (MB) :        295 
ISDF-fft:      11.42

Initial guess from minao.
Big error detected in the electron number of initial guess density matrix (Ne/cell = 63.9864)!
  This can cause huge error in Fock matrix and lead to instability in SCF for low-dimensional systems.
  DM is normalized wrt the number of electrons 64
Successfully loaded dm0 from ../../../gdf-32/tmp/scf.h5
~/packages/PeriodicIntegrals/PeriodicIntegrals-junjie-benchmark/isdfx/isdfx.py +4733
[[ 5.92609815e-01 -2.07733389e-02 -1.49374411e-10 ...  3.29312158e-03
  -3.30285561e-03  3.70086867e-13]
 [-2.07733389e-02  8.44685909e-04 -2.19531692e-13 ... -2.09902515e-04
   1.65272475e-04 -3.14121417e-14]
 [-1.49374411e-10 -2.19531692e-13  6.49906929e-01 ...  1.14960616e-04
   2.10995193e-03  3.14505479e-03]
 ...
 [ 3.29312158e-03 -2.09902515e-04  1.14960616e-04 ...  4.46214761e-04
   2.63029861e-08  5.06489513e-15]
 [-3.30285561e-03  1.65272475e-04  2.10995193e-03 ...  2.63029861e-08
   2.26887108e-03  4.99288212e-08]
 [ 3.70086867e-13 -3.14121417e-14  3.14505479e-03 ...  5.06489513e-15
   4.99288212e-08  6.71985021e-04]]
[[ 1.71226849e-01 -1.71868037e-05  2.07241950e-01 ...  2.53723403e-09
  -1.69503661e-11 -1.15456586e+00]
 [-6.74284167e-03  7.43617044e-06 -4.11327152e-03 ...  2.30836473e-09
  -1.52694452e-11 -1.06092267e+00]
 [-9.60288977e-11 -1.84902267e-10 -1.78613800e-11 ... -5.27918257e-02
   1.48520477e-11 -1.18363527e-10]
 ...
 [-6.95558329e-05  1.20762008e-03  1.20741071e-03 ... -1.84653773e-02
  -3.83714359e-12 -4.53892981e-03]
 [ 1.02250060e-07  6.87865355e-08  1.96724149e-07 ...  3.72783696e-05
  -5.79794753e-02 -4.16962067e-02]
 [ 1.72642797e-13 -1.25175997e-14 -4.37896978e-13 ... -2.06932479e-04
   8.52717544e-06 -2.00410681e-13]]
[2. 2. 2. 2. 2. 2. 2. 2. 2. 2. 2. 2. 2. 2. 2. 2. 2. 2. 2. 2. 2. 2. 2. 2.
 2. 2. 2. 2. 2. 2. 2. 2. 0. 0. 0. 0. 0. 0. 0. 0. 0. 0. 0. 0. 0. 0. 0. 0.
 0. 0. 0. 0. 0. 0. 0. 0. 0. 0. 0. 0. 0. 0. 0. 0. 0. 0. 0. 0. 0. 0. 0. 0.
 0. 0. 0. 0. 0. 0. 0. 0. 0. 0. 0. 0. 0. 0. 0. 0. 0. 0. 0. 0. 0. 0. 0. 0.
 0. 0. 0. 0. 0. 0. 0. 0. 0. 0. 0. 0. 0. 0. 0. 0. 0. 0. 0. 0. 0. 0. 0. 0.
 0. 0. 0. 0. 0. 0. 0. 0. 0. 0. 0. 0. 0. 0. 0. 0. 0. 0. 0. 0. 0. 0. 0. 0.
 0. 0. 0. 0. 0. 0. 0. 0. 0. 0. 0. 0. 0. 0. 0. 0. 0. 0. 0. 0. 0. 0. 0. 0.
 0. 0. 0. 0. 0. 0. 0. 0. 0. 0. 0. 0. 0. 0. 0. 0. 0. 0. 0. 0. 0. 0. 0. 0.
 0. 0. 0. 0. 0. 0. 0. 0. 0. 0. 0. 0. 0. 0. 0. 0.]
~/packages/PeriodicIntegrals/PeriodicIntegrals-junjie-benchmark/isdfx/isdfx.py +4733
[[ 5.92609815e-01 -2.07733389e-02 -1.49374411e-10 ...  3.29312158e-03
  -3.30285561e-03  3.70086867e-13]
 [-2.07733389e-02  8.44685909e-04 -2.19531692e-13 ... -2.09902515e-04
   1.65272475e-04 -3.14121417e-14]
 [-1.49374411e-10 -2.19531692e-13  6.49906929e-01 ...  1.14960616e-04
   2.10995193e-03  3.14505479e-03]
 ...
 [ 3.29312158e-03 -2.09902515e-04  1.14960616e-04 ...  4.46214761e-04
   2.63029861e-08  5.06489513e-15]
 [-3.30285561e-03  1.65272475e-04  2.10995193e-03 ...  2.63029861e-08
   2.26887108e-03  4.99288212e-08]
 [ 3.70086867e-13 -3.14121417e-14  3.14505479e-03 ...  5.06489513e-15
   4.99288212e-08  6.71985021e-04]]
[[ 1.71226849e-01 -1.71868037e-05  2.07241950e-01 ...  2.53723403e-09
  -1.69503661e-11 -1.15456586e+00]
 [-6.74284167e-03  7.43617044e-06 -4.11327152e-03 ...  2.30836473e-09
  -1.52694452e-11 -1.06092267e+00]
 [-9.60288977e-11 -1.84902267e-10 -1.78613800e-11 ... -5.27918257e-02
   1.48520477e-11 -1.18363527e-10]
 ...
 [-6.95558329e-05  1.20762008e-03  1.20741071e-03 ... -1.84653773e-02
  -3.83714359e-12 -4.53892981e-03]
 [ 1.02250060e-07  6.87865355e-08  1.96724149e-07 ...  3.72783696e-05
  -5.79794753e-02 -4.16962067e-02]
 [ 1.72642797e-13 -1.25175997e-14 -4.37896978e-13 ... -2.06932479e-04
   8.52717544e-06 -2.00410681e-13]]
[2. 2. 2. 2. 2. 2. 2. 2. 2. 2. 2. 2. 2. 2. 2. 2. 2. 2. 2. 2. 2. 2. 2. 2.
 2. 2. 2. 2. 2. 2. 2. 2. 0. 0. 0. 0. 0. 0. 0. 0. 0. 0. 0. 0. 0. 0. 0. 0.
 0. 0. 0. 0. 0. 0. 0. 0. 0. 0. 0. 0. 0. 0. 0. 0. 0. 0. 0. 0. 0. 0. 0. 0.
 0. 0. 0. 0. 0. 0. 0. 0. 0. 0. 0. 0. 0. 0. 0. 0. 0. 0. 0. 0. 0. 0. 0. 0.
 0. 0. 0. 0. 0. 0. 0. 0. 0. 0. 0. 0. 0. 0. 0. 0. 0. 0. 0. 0. 0. 0. 0. 0.
 0. 0. 0. 0. 0. 0. 0. 0. 0. 0. 0. 0. 0. 0. 0. 0. 0. 0. 0. 0. 0. 0. 0. 0.
 0. 0. 0. 0. 0. 0. 0. 0. 0. 0. 0. 0. 0. 0. 0. 0. 0. 0. 0. 0. 0. 0. 0. 0.
 0. 0. 0. 0. 0. 0. 0. 0. 0. 0. 0. 0. 0. 0. 0. 0. 0. 0. 0. 0. 0. 0. 0. 0.
 0. 0. 0. 0. 0. 0. 0. 0. 0. 0. 0. 0. 0. 0. 0. 0.]
start SG
end SG -->  0.3722264766693115


******** <class 'pyscf.pbc.dft.rks.RKS'> ********
method = RKS
initial guess = minao
damping factor = 0
level_shift factor = 0
DIIS = <class 'pyscf.scf.diis.CDIIS'>
diis_start_cycle = 1
diis_space = 8
diis_damp = 0
SCF conv_tol = 1e-08
SCF conv_tol_grad = None
SCF max_cycles = 50
direct_scf = True
direct_scf_tol = 1e-13
chkfile to save SCF result = /central/scratch/yangjunjie/run-scf-spc-diamond-conv-1-1-2-fftisdf-ks-1-100-rcut_epsilon-1e-05-ke_epsilon-0.01-isdf_thresh-5e-05/48068327/tmpup4l7om8
max_memory 409600 MB (current use 274 MB)
******** PBC SCF flags ********
kpt = [0. 0. 0.]
Exchange divergence treatment (exxdiv) = None
DF object = <isdfx.isdfx.ISDFX object at 0x7fbb7432d7f0>
XC functionals = PBE0
small_rho_cutoff = 1e-07
Set gradient conv threshold to 0.0001
nelec by numeric integration = 63.999999995674415
    CPU time for vxc      4.06 sec, wall time      4.07 sec
~/packages/PeriodicIntegrals/PeriodicIntegrals-junjie-benchmark/isdfx/isdfx.py +4733
[[ 5.92609815e-01 -2.07733389e-02 -1.49374411e-10 ...  3.29312158e-03
  -3.30285561e-03  3.70086867e-13]
 [-2.07733389e-02  8.44685909e-04 -2.19531692e-13 ... -2.09902515e-04
   1.65272475e-04 -3.14121417e-14]
 [-1.49374411e-10 -2.19531692e-13  6.49906929e-01 ...  1.14960616e-04
   2.10995193e-03  3.14505479e-03]
 ...
 [ 3.29312158e-03 -2.09902515e-04  1.14960616e-04 ...  4.46214761e-04
   2.63029861e-08  5.06489513e-15]
 [-3.30285561e-03  1.65272475e-04  2.10995193e-03 ...  2.63029861e-08
   2.26887108e-03  4.99288212e-08]
 [ 3.70086867e-13 -3.14121417e-14  3.14505479e-03 ...  5.06489513e-15
   4.99288212e-08  6.71985021e-04]]
[[ 1.71226849e-01 -1.71868037e-05  2.07241950e-01 ...  2.53723403e-09
  -1.69503661e-11 -1.15456586e+00]
 [-6.74284167e-03  7.43617044e-06 -4.11327152e-03 ...  2.30836473e-09
  -1.52694452e-11 -1.06092267e+00]
 [-9.60288977e-11 -1.84902267e-10 -1.78613800e-11 ... -5.27918257e-02
   1.48520477e-11 -1.18363527e-10]
 ...
 [-6.95558329e-05  1.20762008e-03  1.20741071e-03 ... -1.84653773e-02
  -3.83714359e-12 -4.53892981e-03]
 [ 1.02250060e-07  6.87865355e-08  1.96724149e-07 ...  3.72783696e-05
  -5.79794753e-02 -4.16962067e-02]
 [ 1.72642797e-13 -1.25175997e-14 -4.37896978e-13 ... -2.06932479e-04
   8.52717544e-06 -2.00410681e-13]]
[2. 2. 2. 2. 2. 2. 2. 2. 2. 2. 2. 2. 2. 2. 2. 2. 2. 2. 2. 2. 2. 2. 2. 2.
 2. 2. 2. 2. 2. 2. 2. 2. 0. 0. 0. 0. 0. 0. 0. 0. 0. 0. 0. 0. 0. 0. 0. 0.
 0. 0. 0. 0. 0. 0. 0. 0. 0. 0. 0. 0. 0. 0. 0. 0. 0. 0. 0. 0. 0. 0. 0. 0.
 0. 0. 0. 0. 0. 0. 0. 0. 0. 0. 0. 0. 0. 0. 0. 0. 0. 0. 0. 0. 0. 0. 0. 0.
 0. 0. 0. 0. 0. 0. 0. 0. 0. 0. 0. 0. 0. 0. 0. 0. 0. 0. 0. 0. 0. 0. 0. 0.
 0. 0. 0. 0. 0. 0. 0. 0. 0. 0. 0. 0. 0. 0. 0. 0. 0. 0. 0. 0. 0. 0. 0. 0.
 0. 0. 0. 0. 0. 0. 0. 0. 0. 0. 0. 0. 0. 0. 0. 0. 0. 0. 0. 0. 0. 0. 0. 0.
 0. 0. 0. 0. 0. 0. 0. 0. 0. 0. 0. 0. 0. 0. 0. 0. 0. 0. 0. 0. 0. 0. 0. 0.
 0. 0. 0. 0. 0. 0. 0. 0. 0. 0. 0. 0. 0. 0. 0. 0.]
start SG
end SG -->  0.3722686767578125
    CPU time for vj and vk      2.15 sec, wall time      2.16 sec
E1 = 32.24977427473257  Ecoul = 8.78255097695386  Exc = -26.901101729375384
init E= -88.3397612615774
    CPU time for initialize scf     10.24 sec, wall time     10.28 sec
  HOMO = 0.53607101949202  LUMO = 0.809435745498267
  mo_energy =
[-0.3070429  -0.2303812  -0.23038007  0.01819601  0.01819611  0.01819654
  0.01819814  0.02074173  0.02074301  0.04982551  0.04982559  0.04982606
  0.049828    0.20941531  0.20941549  0.20941557  0.20941602  0.27474249
  0.27474281  0.28470919  0.28470932  0.28470941  0.28470999  0.35003594
  0.35003642  0.36704282  0.36704303  0.36704406  0.36704444  0.53175361
  0.53607054  0.53607102  0.80943575  0.80943642  0.84213356  0.84353787
  0.84353789  0.86872865  0.86872918  0.86987392  0.86987392  0.8698741
  0.86987463  1.07968484  1.07968487  1.07968768  1.07968769  1.08825455
  1.08825483  1.08825484  1.08825594  1.11764364  1.11764467  1.1176447
  1.11764601  1.1350069   1.13500731  1.17884348  1.27842803  1.27842811
  1.27842842  1.27843303  1.27938163  1.27938167  1.59326122  1.59326316
  1.59326318  1.5932677   1.63353002  1.63353148  1.71408149  1.71408581
  1.7149492   1.71495294  1.71495296  1.71496108  1.75642909  1.75799241
  1.87335783  1.87336078  1.90147614  1.90147761  2.04010309  2.04010317
  2.04018391  2.04018392  2.04019131  2.04019145  2.06112723  2.06112948
  2.0611295   2.06113318  2.25906887  2.25906895  2.25907224  2.25907227
  2.34568164  2.3458016   2.34580236  2.34580236  2.3472139   2.34733457
  2.40765157  2.40765157  2.40805498  2.47230706  2.4726437   2.47264393
  2.49628961  2.49628975  2.49629015  2.49629095  2.53729004  2.53729006
  2.53729419  2.53729429  2.768707    2.76870736  2.76870752  2.76870944
  2.78765079  2.78765092  2.7876648   2.78766924  2.7877318   2.78773186
  2.79524065  2.79524129  2.88460084  2.88460161  2.88460165  2.88460496
  2.98052063  2.98052996  2.98053003  2.98053044  2.98075935  2.98076893
  3.02121465  3.02121487  3.02150409  3.02150433  3.0215104   3.02151077
  3.07447423  3.07447429  3.10636196  3.10636198  3.10636208  3.10636351
  3.26842822  3.26843134  3.2684315   3.26843471  3.28599818  3.28600204
  3.35178441  3.35178687  3.41724502  3.41724514  3.41725126  3.41725137
  3.42814217  3.42821298  3.42901555  3.42901648  3.42901653  3.42908437
  3.56124428  3.56379307  3.73143572  3.73165951  3.73165997  3.83440032
  3.83440834  4.3391518   4.33915511  4.33915517  4.33915935  4.62138589
  4.62138593  4.62243872  4.72312818  4.72312876  4.72324692  4.72324712
  4.72362683  4.7236269   4.72370425  4.7237095   4.72392278  4.72392307
  8.67247094  8.85902269  8.85904052  9.00050428  9.01011898  9.014484
  9.01453887  9.01453888  9.01465391  9.02133397  9.0277252   9.03150284
  9.03630374  9.03630376  9.03651447  9.0405501 ]
nelec by numeric integration = 63.999999995674386
    CPU time for vxc      3.87 sec, wall time      3.89 sec
~/packages/PeriodicIntegrals/PeriodicIntegrals-junjie-benchmark/isdfx/isdfx.py +4733
[[ 5.92606901e-01 -2.07807367e-02  1.30317069e-06 ...  3.28464964e-03
  -3.30307629e-03  3.79162880e-09]
 [-2.07807367e-02  8.45267343e-04  3.34117115e-07 ... -2.09145354e-04
   1.65343448e-04  2.92242111e-09]
 [ 1.30317069e-06  3.34117115e-07  6.49884704e-01 ...  1.11179485e-04
   2.10720800e-03  3.15772692e-03]
 ...
 [ 3.28464964e-03 -2.09145354e-04  1.11179485e-04 ...  4.45814009e-04
   1.39731048e-06 -1.60400002e-09]
 [-3.30307629e-03  1.65343448e-04  2.10720800e-03 ...  1.39731048e-06
   2.26921933e-03  2.47595049e-06]
 [ 3.79162880e-09  2.92242111e-09  3.15772692e-03 ... -1.60400002e-09
   2.47595049e-06  6.71864250e-04]]
[[ 1.71213110e-01  6.07348940e-03  2.07130704e-01 ...  6.20274312e-07
  -2.90490299e-06  1.15356728e+00]
 [-6.74372622e-03 -1.12037129e-04 -4.11218739e-03 ...  5.36816995e-07
  -2.65073324e-06  1.05978782e+00]
 [ 6.46545607e-08 -1.24264053e-07  1.54123183e-07 ...  3.79785329e-02
   3.21020269e-06 -1.35520075e-07]
 ...
 [-7.63547210e-05  1.25152825e-03  1.17423799e-03 ... -2.68437780e-03
  -4.90721275e-08  4.51112987e-03]
 [ 1.74111367e-06 -2.34343286e-06  8.22581606e-07 ...  5.34953305e-05
  -5.70369783e-02  4.21179113e-02]
 [-1.02795245e-08  1.78914139e-08  1.19883716e-08 ... -2.19789748e-03
   1.43676512e-05  8.28126161e-10]]
[2. 2. 2. 2. 2. 2. 2. 2. 2. 2. 2. 2. 2. 2. 2. 2. 2. 2. 2. 2. 2. 2. 2. 2.
 2. 2. 2. 2. 2. 2. 2. 2. 0. 0. 0. 0. 0. 0. 0. 0. 0. 0. 0. 0. 0. 0. 0. 0.
 0. 0. 0. 0. 0. 0. 0. 0. 0. 0. 0. 0. 0. 0. 0. 0. 0. 0. 0. 0. 0. 0. 0. 0.
 0. 0. 0. 0. 0. 0. 0. 0. 0. 0. 0. 0. 0. 0. 0. 0. 0. 0. 0. 0. 0. 0. 0. 0.
 0. 0. 0. 0. 0. 0. 0. 0. 0. 0. 0. 0. 0. 0. 0. 0. 0. 0. 0. 0. 0. 0. 0. 0.
 0. 0. 0. 0. 0. 0. 0. 0. 0. 0. 0. 0. 0. 0. 0. 0. 0. 0. 0. 0. 0. 0. 0. 0.
 0. 0. 0. 0. 0. 0. 0. 0. 0. 0. 0. 0. 0. 0. 0. 0. 0. 0. 0. 0. 0. 0. 0. 0.
 0. 0. 0. 0. 0. 0. 0. 0. 0. 0. 0. 0. 0. 0. 0. 0. 0. 0. 0. 0. 0. 0. 0. 0.
 0. 0. 0. 0. 0. 0. 0. 0. 0. 0. 0. 0. 0. 0. 0. 0.]
start SG
end SG -->  0.3799755573272705
    CPU time for vj and vk      2.14 sec, wall time      2.15 sec
E1 = 32.24954191913281  Ecoul = 8.782891034360375  Exc = -26.901210624524104
cycle= 1 E= -88.3397624549194  delta_E= -1.19e-06  |g|= 0.000216  |ddm|= 0.00175
    CPU time for cycle= 1      6.03 sec, wall time      6.06 sec
  HOMO = 0.536076723286549  LUMO = 0.809438991825662
  mo_energy =
[-0.30703867 -0.23037779 -0.2303755   0.01820007  0.01820023  0.01820041
  0.01820325  0.02074602  0.02074737  0.04982969  0.04982992  0.04983009
  0.04983346  0.20941924  0.20941935  0.20941958  0.20942036  0.27474729
  0.2747476   0.28471329  0.2847137   0.28471396  0.28471507  0.35004108
  0.35004142  0.36704796  0.36704833  0.36704892  0.36704912  0.53175904
  0.5360762   0.53607672  0.80943899  0.80944049  0.84213817  0.84354262
  0.84354265  0.86873172  0.86873243  0.86987715  0.86987726  0.8698773
  0.86987866  1.07969121  1.07969125  1.07969388  1.07969395  1.08825827
  1.08825905  1.08825913  1.08826075  1.1176496   1.11765112  1.11765122
  1.11765295  1.13501243  1.13501368  1.178851    1.2784353   1.27843612
  1.27843616  1.27844144  1.27938916  1.2793892   1.59326721  1.59326948
  1.5932695   1.59327415  1.63353449  1.63353622  1.71408924  1.71409308
  1.71495667  1.71496061  1.71496064  1.71496821  1.75643262  1.75799566
  1.8733641   1.87336827  1.9014791   1.90148158  2.04010508  2.04010515
  2.04018692  2.04018822  2.04019664  2.04019686  2.06113214  2.06113486
  2.06113493  2.06113901  2.25907456  2.2590746   2.2590772   2.25907724
  2.34568209  2.34580663  2.34580676  2.34580685  2.347218    2.34734258
  2.40765667  2.40765668  2.40806006  2.47231385  2.47265092  2.47265115
  2.4962947   2.49629472  2.49629516  2.49629607  2.53729603  2.53729605
  2.53730002  2.53730015  2.76871272  2.76871361  2.76871382  2.76871619
  2.78765714  2.78765737  2.78767076  2.78767677  2.7877391   2.78773918
  2.79524576  2.79524753  2.8846057   2.88460684  2.88460689  2.88461066
  2.9805285   2.98053527  2.98053533  2.98053567  2.98076525  2.98077263
  3.02121992  3.02122014  3.02150871  3.02151029  3.02151582  3.0215161
  3.07447946  3.07448011  3.10636753  3.10636787  3.10636795  3.10636983
  3.26843347  3.26843667  3.26843692  3.26844039  3.28600486  3.28600848
  3.35179     3.35179313  3.41725167  3.41725188  3.41725699  3.41725705
  3.42814548  3.42821911  3.4290215   3.42902238  3.4290224   3.42909314
  3.56125151  3.56379954  3.73144185  3.7316658   3.73166626  3.83440727
  3.83441467  4.33915773  4.33916017  4.33916033  4.33916359  4.62139107
  4.6213911   4.62244454  4.723138    4.72313941  4.72325185  4.72325211
  4.7236303   4.72363079  4.72371066  4.72371429  4.72392541  4.72392626
  8.67248524  8.85904004  8.85905205  9.00052187  9.01013537  9.01449804
  9.01456066  9.0145607   9.01467415  9.02134162  9.02774497  9.0315086
  9.03631544  9.03631617  9.03650714  9.04055842]
nelec by numeric integration = 63.9999999956745
    CPU time for vxc      3.78 sec, wall time      3.80 sec
~/packages/PeriodicIntegrals/PeriodicIntegrals-junjie-benchmark/isdfx/isdfx.py +4733
[[ 5.92599776e-01 -2.07800832e-02  1.39823475e-06 ...  3.28447208e-03
  -3.30298341e-03  3.23299198e-09]
 [-2.07800832e-02  8.45215407e-04  3.29976880e-07 ... -2.09122486e-04
   1.65331554e-04  2.95680005e-09]
 [ 1.39823475e-06  3.29976880e-07  6.49878778e-01 ...  1.11121837e-04
   2.10730402e-03  3.15757498e-03]
 ...
 [ 3.28447208e-03 -2.09122486e-04  1.11121837e-04 ...  4.45749851e-04
   1.40438324e-06 -1.62601941e-09]
 [-3.30298341e-03  1.65331554e-04  2.10730402e-03 ...  1.40438324e-06
   2.26921844e-03  2.49939583e-06]
 [ 3.23299198e-09  2.95680005e-09  3.15757498e-03 ... -1.62601941e-09
   2.49939583e-06  6.71890538e-04]]
[[ 1.71210298e-01  7.48751645e-03 -2.07076906e-01 ... -1.38605329e-05
  -1.74998547e-06 -1.15351141e+00]
 [-6.74405374e-03 -1.40228410e-04  4.11128680e-03 ... -1.22654692e-05
  -1.50250315e-06 -1.05972533e+00]
 [ 4.91308007e-08 -1.87196546e-07 -1.38831555e-07 ... -4.63971521e-02
  -3.24339185e-06 -6.91714352e-07]
 ...
 [-7.58034277e-05  1.25920926e-03 -1.16513601e-03 ...  5.50773001e-05
  -1.25880356e-07 -4.51580389e-03]
 [ 1.94870003e-06 -2.93959404e-06 -1.09768528e-06 ... -4.97962972e-05
   5.69488309e-02 -4.21274391e-02]
 [-6.32197482e-09  1.42377796e-08 -6.80824189e-09 ...  2.19782725e-03
  -1.40869585e-05  2.79277658e-08]]
[2. 2. 2. 2. 2. 2. 2. 2. 2. 2. 2. 2. 2. 2. 2. 2. 2. 2. 2. 2. 2. 2. 2. 2.
 2. 2. 2. 2. 2. 2. 2. 2. 0. 0. 0. 0. 0. 0. 0. 0. 0. 0. 0. 0. 0. 0. 0. 0.
 0. 0. 0. 0. 0. 0. 0. 0. 0. 0. 0. 0. 0. 0. 0. 0. 0. 0. 0. 0. 0. 0. 0. 0.
 0. 0. 0. 0. 0. 0. 0. 0. 0. 0. 0. 0. 0. 0. 0. 0. 0. 0. 0. 0. 0. 0. 0. 0.
 0. 0. 0. 0. 0. 0. 0. 0. 0. 0. 0. 0. 0. 0. 0. 0. 0. 0. 0. 0. 0. 0. 0. 0.
 0. 0. 0. 0. 0. 0. 0. 0. 0. 0. 0. 0. 0. 0. 0. 0. 0. 0. 0. 0. 0. 0. 0. 0.
 0. 0. 0. 0. 0. 0. 0. 0. 0. 0. 0. 0. 0. 0. 0. 0. 0. 0. 0. 0. 0. 0. 0. 0.
 0. 0. 0. 0. 0. 0. 0. 0. 0. 0. 0. 0. 0. 0. 0. 0. 0. 0. 0. 0. 0. 0. 0. 0.
 0. 0. 0. 0. 0. 0. 0. 0. 0. 0. 0. 0. 0. 0. 0. 0.]
start SG
end SG -->  0.37919139862060547
    CPU time for vj and vk      2.18 sec, wall time      2.19 sec
E1 = 32.24957506430263  Ecoul = 8.782841838325673  Exc = -26.901194585688273
cycle= 2 E= -88.3397624669484  delta_E= -1.2e-08  |g|= 0.000123  |ddm|= 0.000268
    CPU time for cycle= 2      5.98 sec, wall time      6.00 sec
  HOMO = 0.536076174869583  LUMO = 0.809439023914104
  mo_energy =
[-0.30703907 -0.23037766 -0.2303764   0.01819985  0.01819997  0.01820028
  0.01820222  0.02074561  0.02074693  0.04982953  0.04982962  0.04982998
  0.04983228  0.20941897  0.20941914  0.20941916  0.20941969  0.27474684
  0.27474715  0.28471327  0.28471334  0.2847135   0.28471413  0.35004051
  0.35004097  0.36704739  0.36704764  0.36704849  0.36704889  0.53175847
  0.53607565  0.53607617  0.80943902  0.80943974  0.8421377   0.84354217
  0.8435422   0.86873148  0.8687321   0.86987692  0.86987695  0.869877
  0.86987804  1.07969059  1.07969062  1.07969332  1.07969334  1.08825819
  1.08825866  1.08825869  1.0882599   1.11764936  1.1176505   1.11765055
  1.117652    1.13501223  1.13501269  1.17885027  1.27843514  1.27843538
  1.27843543  1.27844009  1.27938839  1.27938843  1.59326681  1.59326885
  1.59326886  1.59327341  1.63353421  1.63353567  1.71408849  1.71409227
  1.71495602  1.71495984  1.71495986  1.71496753  1.75643237  1.7579954
  1.87336387  1.87336712  1.90147939  1.90148073  2.04010537  2.04010544
  2.04018706  2.0401873   2.0401956   2.04019575  2.06113213  2.06113443
  2.06113443  2.06113813  2.25907372  2.25907379  2.25907698  2.259077
  2.34568186  2.34580587  2.34580651  2.34580655  2.3472177   2.34734257
  2.40765615  2.40765616  2.40805954  2.47231315  2.47265023  2.47265046
  2.49629418  2.4962943   2.4962949   2.49629529  2.53729543  2.53729545
  2.53729944  2.53729955  2.76871242  2.76871303  2.7687132   2.76871527
  2.78765607  2.78765623  2.78767069  2.78767549  2.78773887  2.78773893
  2.79524557  2.79524659  2.8846058   2.88460645  2.88460646  2.88460973
  2.98052774  2.9805348   2.98053486  2.98053524  2.98076481  2.98077243
  3.02121952  3.02121974  3.02150863  3.02150927  3.02151509  3.02151543
  3.0744792   3.07447956  3.10636728  3.10636728  3.10636731  3.1063689
  3.26843348  3.26843625  3.26843643  3.26843946  3.28600414  3.28600838
  3.35178978  3.35179234  3.4172507   3.41725084  3.41725674  3.41725684
  3.42814593  3.42821857  3.42902078  3.42902185  3.42902189  3.42909183
  3.56125113  3.5637991   3.73144124  3.7316652   3.73166565  3.83440658
  3.8344142   4.33915667  4.33915964  4.33915973  4.3391635   4.62139039
  4.62139042  4.62244391  4.72313522  4.72313543  4.72325157  4.7232518
  4.72363028  4.72363033  4.72370954  4.72371418  4.72392721  4.72392728
  8.67248341  8.85903767  8.8590504   9.00052208  9.01013483  9.01449009
  9.01455675  9.01455691  9.0146711   9.02133265  9.02774725  9.03151077
  9.03631686  9.03631688  9.03651433  9.04055177]
nelec by numeric integration = 63.99999999567451
    CPU time for vxc      3.91 sec, wall time      3.93 sec
~/packages/PeriodicIntegrals/PeriodicIntegrals-junjie-benchmark/isdfx/isdfx.py +4733
[[ 5.92604212e-01 -2.07805824e-02  1.40269374e-06 ...  3.28444890e-03
  -3.30302266e-03  5.02782152e-09]
 [-2.07805824e-02  8.45247625e-04  3.28810254e-07 ... -2.09123196e-04
   1.65341014e-04  2.77973051e-09]
 [ 1.40269374e-06  3.28810254e-07  6.49881293e-01 ...  1.11081443e-04
   2.10717117e-03  3.15784188e-03]
 ...
 [ 3.28444890e-03 -2.09123196e-04  1.11081443e-04 ...  4.45752494e-04
   1.43281212e-06 -1.51746628e-09]
 [-3.30302266e-03  1.65341014e-04  2.10717117e-03 ...  1.43281212e-06
   2.26924519e-03  2.54497848e-06]
 [ 5.02782152e-09  2.77973051e-09  3.15784188e-03 ... -1.51746628e-09
   2.54497848e-06  6.71911018e-04]]
[[ 1.71211301e-01  7.17499363e-03  2.07094623e-01 ...  6.16667806e-06
   2.04802162e-06  1.15357276e+00]
 [-6.74409222e-03 -1.33848278e-04 -4.11178135e-03 ...  5.50856811e-06
   1.88724498e-06  1.05978036e+00]
 [ 5.38294932e-08 -1.41323408e-07  1.42369094e-07 ... -4.70626541e-02
  -3.06978040e-06  9.73465474e-08]
 ...
 [-7.57137941e-05  1.25742626e-03  1.16698954e-03 ... -1.84208014e-02
   2.39686686e-08  4.51208962e-03]
 [ 1.97471936e-06 -2.83353809e-06  9.02932442e-07 ...  4.50971149e-05
   5.70116296e-02  4.21251430e-02]
 [-4.22889928e-09  1.16348443e-08  6.53897209e-09 ... -3.85338251e-04
  -1.41420490e-05 -7.64861235e-09]]
[2. 2. 2. 2. 2. 2. 2. 2. 2. 2. 2. 2. 2. 2. 2. 2. 2. 2. 2. 2. 2. 2. 2. 2.
 2. 2. 2. 2. 2. 2. 2. 2. 0. 0. 0. 0. 0. 0. 0. 0. 0. 0. 0. 0. 0. 0. 0. 0.
 0. 0. 0. 0. 0. 0. 0. 0. 0. 0. 0. 0. 0. 0. 0. 0. 0. 0. 0. 0. 0. 0. 0. 0.
 0. 0. 0. 0. 0. 0. 0. 0. 0. 0. 0. 0. 0. 0. 0. 0. 0. 0. 0. 0. 0. 0. 0. 0.
 0. 0. 0. 0. 0. 0. 0. 0. 0. 0. 0. 0. 0. 0. 0. 0. 0. 0. 0. 0. 0. 0. 0. 0.
 0. 0. 0. 0. 0. 0. 0. 0. 0. 0. 0. 0. 0. 0. 0. 0. 0. 0. 0. 0. 0. 0. 0. 0.
 0. 0. 0. 0. 0. 0. 0. 0. 0. 0. 0. 0. 0. 0. 0. 0. 0. 0. 0. 0. 0. 0. 0. 0.
 0. 0. 0. 0. 0. 0. 0. 0. 0. 0. 0. 0. 0. 0. 0. 0. 0. 0. 0. 0. 0. 0. 0. 0.
 0. 0. 0. 0. 0. 0. 0. 0. 0. 0. 0. 0. 0. 0. 0. 0.]
start SG
end SG -->  0.373060941696167
    CPU time for vj and vk      2.15 sec, wall time      2.16 sec
E1 = 32.24957181912368  Ecoul = 8.782846656148816  Exc = -26.901196161378532
cycle= 3 E= -88.3397624699945  delta_E= -3.05e-09  |g|= 5.58e-05  |ddm|= 0.000144
    CPU time for cycle= 3      6.09 sec, wall time      6.11 sec
  HOMO = 0.536075990859103  LUMO = 0.809438614136815
  mo_energy =
[-0.30703921 -0.23037817 -0.23037615  0.01819968  0.01819971  0.01819984
  0.01820251  0.02074546  0.02074681  0.04982931  0.04982935  0.04982949
  0.04983266  0.20941882  0.20941883  0.20941905  0.20941973  0.27474668
  0.27474699  0.28471285  0.28471312  0.28471337  0.28471431  0.35004045
  0.35004068  0.36704737  0.36704773  0.36704818  0.36704849  0.53175827
  0.53607546  0.53607599  0.80943861  0.8094399   0.84213755  0.84354201
  0.84354204  0.86873141  0.86873198  0.86987678  0.8698768   0.86987684
  0.869878    1.07969041  1.07969045  1.07969306  1.07969311  1.08825782
  1.08825847  1.08825854  1.08826001  1.11764891  1.11765029  1.11765037
  1.117652    1.13501174  1.13501279  1.17885002  1.27843448  1.27843505
  1.27843506  1.27844023  1.27938822  1.27938826  1.59326647  1.59326866
  1.59326868  1.5932733   1.63353399  1.6335356   1.71408819  1.71409207
  1.71495572  1.71495963  1.71495965  1.71496728  1.7564323   1.75799531
  1.87336331  1.87336717  1.9014789   1.90148105  2.04010462  2.04010469
  2.04018656  2.04018753  2.0401961   2.04019629  2.06113166  2.06113423
  2.06113429  2.06113826  2.25907377  2.25907382  2.25907659  2.25907662
  2.34568204  2.34580607  2.34580638  2.34580646  2.34721757  2.34734196
  2.40765597  2.40765598  2.40805936  2.4723129   2.47265     2.47265022
  2.49629403  2.49629408  2.49629467  2.49629522  2.53729525  2.53729525
  2.53729923  2.53729935  2.76871201  2.7687128   2.768713    2.76871528
  2.78765672  2.78765693  2.78767003  2.78767567  2.78773774  2.78773781
  2.79524511  2.79524669  2.88460535  2.8846063   2.88460633  2.88460993
  2.9805276   2.98053463  2.98053469  2.98053504  2.98076467  2.98077229
  3.02121905  3.02121927  3.02150812  3.02150939  3.02151522  3.02151552
  3.0744791   3.07447942  3.10636683  3.10636705  3.10636712  3.10636892
  3.268433    3.26843606  3.26843629  3.26843963  3.2860042   3.28600804
  3.35178941  3.35179237  3.41725075  3.41725094  3.41725627  3.41725634
  3.42814554  3.42821841  3.42902076  3.42902166  3.42902168  3.42909177
  3.56125102  3.56379896  3.73144103  3.731665    3.73166545  3.83440648
  3.8344139   4.33915682  4.33915942  4.33915956  4.33916296  4.62139016
  4.62139019  4.62244368  4.72313551  4.72313786  4.72325104  4.72325128
  4.72362993  4.72363075  4.7237097   4.72371363  4.72392479  4.72392622
  8.67248275  8.85903746  8.85904949  9.00051914  9.01013217  9.01449421
  9.0145563   9.01455673  9.01467067  9.02133954  9.02774311  9.03150694
  9.03631545  9.03631641  9.03650581  9.04055686]
nelec by numeric integration = 63.99999999567449
    CPU time for vxc      3.87 sec, wall time      3.89 sec
~/packages/PeriodicIntegrals/PeriodicIntegrals-junjie-benchmark/isdfx/isdfx.py +4733
[[ 5.92600643e-01 -2.07801532e-02  1.41934419e-06 ...  3.28437862e-03
  -3.30299480e-03  3.96577280e-09]
 [-2.07801532e-02  8.45221342e-04  3.26563636e-07 ... -2.09112737e-04
   1.65335021e-04  2.87511029e-09]
 [ 1.41934419e-06  3.26563636e-07  6.49876900e-01 ...  1.11052818e-04
   2.10729602e-03  3.15783975e-03]
 ...
 [ 3.28437862e-03 -2.09112737e-04  1.11052818e-04 ...  4.45748486e-04
   1.43122918e-06 -1.58184467e-09]
 [-3.30299480e-03  1.65335021e-04  2.10729602e-03 ...  1.43122918e-06
   2.26925068e-03  2.54508606e-06]
 [ 3.96577280e-09  2.87511029e-09  3.15783975e-03 ... -1.58184467e-09
   2.54508606e-06  6.71912675e-04]]
[[ 1.71213893e-01  7.36047772e-03 -2.07082196e-01 ... -1.05788049e-05
  -3.41358881e-07 -1.15343787e+00]
 [-6.74407538e-03 -1.37874587e-04  4.11132654e-03 ... -9.36355370e-06
  -2.45675452e-07 -1.05965919e+00]
 [ 4.97730605e-08 -1.70573558e-07 -1.38037253e-07 ... -4.64100800e-02
  -3.21381458e-06 -4.82715260e-07]
 ...
 [-7.57740889e-05  1.25842878e-03 -1.16578581e-03 ...  4.18669305e-05
  -6.78648575e-08 -4.51328996e-03]
 [ 1.94923069e-06 -2.84747991e-06 -9.90023606e-07 ... -4.94998201e-05
   5.69591866e-02 -4.21278774e-02]
 [-4.92983183e-09  1.25933090e-08 -6.17453047e-09 ...  2.20912033e-03
  -1.41085543e-05  1.93006174e-08]]
[2. 2. 2. 2. 2. 2. 2. 2. 2. 2. 2. 2. 2. 2. 2. 2. 2. 2. 2. 2. 2. 2. 2. 2.
 2. 2. 2. 2. 2. 2. 2. 2. 0. 0. 0. 0. 0. 0. 0. 0. 0. 0. 0. 0. 0. 0. 0. 0.
 0. 0. 0. 0. 0. 0. 0. 0. 0. 0. 0. 0. 0. 0. 0. 0. 0. 0. 0. 0. 0. 0. 0. 0.
 0. 0. 0. 0. 0. 0. 0. 0. 0. 0. 0. 0. 0. 0. 0. 0. 0. 0. 0. 0. 0. 0. 0. 0.
 0. 0. 0. 0. 0. 0. 0. 0. 0. 0. 0. 0. 0. 0. 0. 0. 0. 0. 0. 0. 0. 0. 0. 0.
 0. 0. 0. 0. 0. 0. 0. 0. 0. 0. 0. 0. 0. 0. 0. 0. 0. 0. 0. 0. 0. 0. 0. 0.
 0. 0. 0. 0. 0. 0. 0. 0. 0. 0. 0. 0. 0. 0. 0. 0. 0. 0. 0. 0. 0. 0. 0. 0.
 0. 0. 0. 0. 0. 0. 0. 0. 0. 0. 0. 0. 0. 0. 0. 0. 0. 0. 0. 0. 0. 0. 0. 0.
 0. 0. 0. 0. 0. 0. 0. 0. 0. 0. 0. 0. 0. 0. 0. 0.]
start SG
end SG -->  0.3710503578186035
    CPU time for vj and vk      2.16 sec, wall time      2.17 sec
E1 = 32.24957070933106  Ecoul = 8.782848311934863  Exc = -26.901196706590977
Extra cycle  E= -88.3397624692135  delta_E= 7.81e-10  |g|= 8.36e-05  |ddm|= 9.94e-05
    CPU time for scf_cycle     34.37 sec, wall time     34.52 sec
    CPU time for SCF     34.68 sec, wall time     34.83 sec
converged SCF energy = -88.3397624692135
Successfully saved all results to /central/scratch/yangjunjie//run-scf-spc-diamond-conv-1-1-2-fftisdf-ks-1-100-rcut_epsilon-1e-05-ke_epsilon-0.01-isdf_thresh-5e-05/48068327/scf.h5
