SLURMD_NODENAME = hpc-35-14
Start time = Wed Mar 19 07:04:41 PM PDT 2025
OMP_NUM_THREADS = 1
MKL_NUM_THREADS = 1
PYSCF_MAX_MEMORY = 409600
TMPDIR = /central/scratch/yangjunjie//run-scf-spc-diamond-conv-1-1-2-fftisdf-ks-1-100-rcut_epsilon-1e-05-ke_epsilon-0.01-isdf_thresh-5e-05/48100105/
PYSCF_TMPDIR = /central/scratch/yangjunjie//run-scf-spc-diamond-conv-1-1-2-fftisdf-ks-1-100-rcut_epsilon-1e-05-ke_epsilon-0.01-isdf_thresh-5e-05/48100105/

/home/junjiey/anaconda3/envs/fftisdf/bin/python
2.8.0
1.13.1
2.0.2
fft_engine = NUMPY+BLAS
name = diamond-conv
ke_cutoff =  1.00e+02
exxdiv = None
df = fftisdf-ks
chk_path = ../../../gdf-64/tmp/scf.h5
mesh = 1,1,2
rcut_epsilon =  1.00e-05
ke_epsilon =  1.00e-02
isdf_thresh =  5.00e-05

Discarded 24 diffused primitive functions, 0 contracted functions
ke_cutoff = 100.0
None

******** <class 'ISDFX'> ********
lin_dep_thresh: 1e-10
alpha_cutoff: 2.8
rcut_epsilon: 1e-05
ke_epsilon: 0.01
isdf_thresh: 5e-05
grid_vol_cutoff: 0.05
ke_step: 2.0
ao_tol: 1e-12
multigrid_on: True
direct_j: True
iterative_build: True
occRI: True
voronoi: True
fit_sparse_grid: False
fit_dense_grid: True
direct_k_sparse: True
direct_k: False
use_kpt_symm: False
kmesh: [1, 1, 1]
isdf_pts_from_q0: True
isdf_pts_from_gamma_point: False
alpha: None
do_real_isdf: False
N_xi: None
use_cell_periodic: False
isdf_thresh_sparse: None
ncopy: [1, 1, 1]
j_grid_mesh: None
k_grid_mesh: None
num_j_grids: 100
get_ao_from_pyscf: False
nuc_pp_version: 0
vppnl_ver: 0
universal_dense_grid: None
same_jk_grids: None
coulomb_only: False
max_memory   409600 MB (current use       94 MB)

Exchange function: getK_occRI  

cell mesh: [33 33 67]
nbas:  192
Grid     keMax    keMin    keGrid   expMax   expMin   nexp     lmax     PWs      mesh        
0        51.6     51.6     111.6    5.6      5.6      1        2        72963    [33 33 67]
1        19.5     3.2      19.5     2.1      0.3      3        2        6525     [15 15 29]
0        77.4     55.8     111.6    5.6      5.6      1        2        72963    [33 33 67]
1        29.2     14.6     29.2     2.1      2.1      1        2        12635    [19 19 35]
2        10.6     4.8      10.6     0.8      0.3      2        2        2541     [11 11 21]

ISDF

atm      grid     Ng       NI       Nxi      sharp    on_grid  diffuse  maxexp   minexp   lmax     lmin    
0        0        72963    1458     115      9        279      270      5.61     5.61     2        0       
1        0        72963    1474     112      9        279      270      5.61     5.61     2        0       
2        0        72963    1470     114      9        279      270      5.61     5.61     2        0       
3        0        72963    1487     114      9        279      270      5.61     5.61     2        0       
4        0        72963    1470     114      9        279      270      5.61     5.61     2        0       
5        0        72963    1487     114      9        279      270      5.61     5.61     2        0       
6        0        72963    1464     115      9        279      270      5.61     5.61     2        0       
7        0        72963    1474     112      9        279      270      5.61     5.61     2        0       
8        0        72963    1458     115      9        279      270      5.61     5.61     2        0       
9        0        72963    1487     114      9        279      270      5.61     5.61     2        0       
10       0        72963    1484     113      9        279      270      5.61     5.61     2        0       
11       0        72963    1474     112      9        279      270      5.61     5.61     2        0       
12       0        72963    1484     113      9        279      270      5.61     5.61     2        0       
13       0        72963    1474     112      9        279      270      5.61     5.61     2        0       
14       0        72963    1464     115      9        279      270      5.61     5.61     2        0       
15       0        72963    1487     114      9        279      270      5.61     5.61     2        0       
-        1        6525     6525     6525     432      432      432      2.11     0.35     2        0       
ISDF-pts:       0.62
ISDF-vec:       0.11
Fit dense grids ISDF:       0.73
Fit sparse grids ISDF:       0.00

Grid     PWs      Ng_i     N_xi     N_mu    
0        72963    23596    1818     4464    
1        6525     6525     6525     432     

nTHC: 8343
Mem Required (MB):     108.95
Curent RAM Use (MB) :        215 

Build W
ISDF-fft dense grids (sec):       9.69
Curent RAM Use (MB) :        294 
ISDF-fft:       9.69

Initial guess from minao.
Big error detected in the electron number of initial guess density matrix (Ne/cell = 63.9864)!
  This can cause huge error in Fock matrix and lead to instability in SCF for low-dimensional systems.
  DM is normalized wrt the number of electrons 64
Successfully loaded dm0 from ../../../gdf-64/tmp/scf.h5
Successfully loaded h1e and s1e from ../../../gdf-64/tmp/scf.h5
~/packages/PeriodicIntegrals/PeriodicIntegrals-junjie-benchmark/isdfx/isdfx.py +4733
[[ 5.92609815e-01 -2.07733389e-02 -1.49372130e-10 ...  3.29312158e-03
  -3.30285561e-03  3.70092513e-13]
 [-2.07733389e-02  8.44685909e-04 -2.19985986e-13 ... -2.09902515e-04
   1.65272475e-04 -3.14162051e-14]
 [-1.49372130e-10 -2.19985986e-13  6.49906929e-01 ...  1.14960616e-04
   2.10995193e-03  3.14505479e-03]
 ...
 [ 3.29312158e-03 -2.09902515e-04  1.14960616e-04 ...  4.46214761e-04
   2.63029861e-08  5.06136808e-15]
 [-3.30285561e-03  1.65272475e-04  2.10995193e-03 ...  2.63029861e-08
   2.26887108e-03  4.99288212e-08]
 [ 3.70092513e-13 -3.14162051e-14  3.14505479e-03 ...  5.06136808e-15
   4.99288212e-08  6.71985021e-04]]
[[ 1.71226849e-01 -1.71868240e-05  2.07241950e-01 ...  2.53713975e-09
  -1.68779379e-11 -1.15456586e+00]
 [-6.74284167e-03  7.43617084e-06 -4.11327152e-03 ...  2.30828178e-09
  -1.52033296e-11 -1.06092267e+00]
 [-9.60292207e-11 -1.84901929e-10 -1.78625099e-11 ... -5.27919961e-02
   1.46195141e-11 -1.18363862e-10]
 ...
 [-6.95558329e-05  1.20762008e-03  1.20741071e-03 ... -1.84653824e-02
  -3.87304918e-12 -4.53892981e-03]
 [ 1.02250060e-07  6.87865353e-08  1.96724149e-07 ...  3.72782486e-05
  -5.79794753e-02 -4.16962067e-02]
 [ 1.72659611e-13 -1.25212434e-14 -4.37909030e-13 ... -2.06923938e-04
   8.52717545e-06 -2.00889116e-13]]
[2. 2. 2. 2. 2. 2. 2. 2. 2. 2. 2. 2. 2. 2. 2. 2. 2. 2. 2. 2. 2. 2. 2. 2.
 2. 2. 2. 2. 2. 2. 2. 2. 0. 0. 0. 0. 0. 0. 0. 0. 0. 0. 0. 0. 0. 0. 0. 0.
 0. 0. 0. 0. 0. 0. 0. 0. 0. 0. 0. 0. 0. 0. 0. 0. 0. 0. 0. 0. 0. 0. 0. 0.
 0. 0. 0. 0. 0. 0. 0. 0. 0. 0. 0. 0. 0. 0. 0. 0. 0. 0. 0. 0. 0. 0. 0. 0.
 0. 0. 0. 0. 0. 0. 0. 0. 0. 0. 0. 0. 0. 0. 0. 0. 0. 0. 0. 0. 0. 0. 0. 0.
 0. 0. 0. 0. 0. 0. 0. 0. 0. 0. 0. 0. 0. 0. 0. 0. 0. 0. 0. 0. 0. 0. 0. 0.
 0. 0. 0. 0. 0. 0. 0. 0. 0. 0. 0. 0. 0. 0. 0. 0. 0. 0. 0. 0. 0. 0. 0. 0.
 0. 0. 0. 0. 0. 0. 0. 0. 0. 0. 0. 0. 0. 0. 0. 0. 0. 0. 0. 0. 0. 0. 0. 0.
 0. 0. 0. 0. 0. 0. 0. 0. 0. 0. 0. 0. 0. 0. 0. 0.]
~/packages/PeriodicIntegrals/PeriodicIntegrals-junjie-benchmark/isdfx/isdfx.py +4733
[[ 5.92609815e-01 -2.07733389e-02 -1.49372130e-10 ...  3.29312158e-03
  -3.30285561e-03  3.70092513e-13]
 [-2.07733389e-02  8.44685909e-04 -2.19985986e-13 ... -2.09902515e-04
   1.65272475e-04 -3.14162051e-14]
 [-1.49372130e-10 -2.19985986e-13  6.49906929e-01 ...  1.14960616e-04
   2.10995193e-03  3.14505479e-03]
 ...
 [ 3.29312158e-03 -2.09902515e-04  1.14960616e-04 ...  4.46214761e-04
   2.63029861e-08  5.06136808e-15]
 [-3.30285561e-03  1.65272475e-04  2.10995193e-03 ...  2.63029861e-08
   2.26887108e-03  4.99288212e-08]
 [ 3.70092513e-13 -3.14162051e-14  3.14505479e-03 ...  5.06136808e-15
   4.99288212e-08  6.71985021e-04]]
[[ 1.71226849e-01 -1.71868240e-05  2.07241950e-01 ...  2.53713975e-09
  -1.68779379e-11 -1.15456586e+00]
 [-6.74284167e-03  7.43617084e-06 -4.11327152e-03 ...  2.30828178e-09
  -1.52033296e-11 -1.06092267e+00]
 [-9.60292207e-11 -1.84901929e-10 -1.78625099e-11 ... -5.27919961e-02
   1.46195141e-11 -1.18363862e-10]
 ...
 [-6.95558329e-05  1.20762008e-03  1.20741071e-03 ... -1.84653824e-02
  -3.87304918e-12 -4.53892981e-03]
 [ 1.02250060e-07  6.87865353e-08  1.96724149e-07 ...  3.72782486e-05
  -5.79794753e-02 -4.16962067e-02]
 [ 1.72659611e-13 -1.25212434e-14 -4.37909030e-13 ... -2.06923938e-04
   8.52717545e-06 -2.00889116e-13]]
[2. 2. 2. 2. 2. 2. 2. 2. 2. 2. 2. 2. 2. 2. 2. 2. 2. 2. 2. 2. 2. 2. 2. 2.
 2. 2. 2. 2. 2. 2. 2. 2. 0. 0. 0. 0. 0. 0. 0. 0. 0. 0. 0. 0. 0. 0. 0. 0.
 0. 0. 0. 0. 0. 0. 0. 0. 0. 0. 0. 0. 0. 0. 0. 0. 0. 0. 0. 0. 0. 0. 0. 0.
 0. 0. 0. 0. 0. 0. 0. 0. 0. 0. 0. 0. 0. 0. 0. 0. 0. 0. 0. 0. 0. 0. 0. 0.
 0. 0. 0. 0. 0. 0. 0. 0. 0. 0. 0. 0. 0. 0. 0. 0. 0. 0. 0. 0. 0. 0. 0. 0.
 0. 0. 0. 0. 0. 0. 0. 0. 0. 0. 0. 0. 0. 0. 0. 0. 0. 0. 0. 0. 0. 0. 0. 0.
 0. 0. 0. 0. 0. 0. 0. 0. 0. 0. 0. 0. 0. 0. 0. 0. 0. 0. 0. 0. 0. 0. 0. 0.
 0. 0. 0. 0. 0. 0. 0. 0. 0. 0. 0. 0. 0. 0. 0. 0. 0. 0. 0. 0. 0. 0. 0. 0.
 0. 0. 0. 0. 0. 0. 0. 0. 0. 0. 0. 0. 0. 0. 0. 0.]
start SG
end SG -->  0.32475733757019043


******** <class 'pyscf.pbc.dft.rks.RKS'> ********
method = RKS
initial guess = minao
damping factor = 0
level_shift factor = 0
DIIS = <class 'pyscf.scf.diis.CDIIS'>
diis_start_cycle = 1
diis_space = 8
diis_damp = 0
SCF conv_tol = 1e-08
SCF conv_tol_grad = None
SCF max_cycles = 50
direct_scf = True
direct_scf_tol = 1e-13
chkfile to save SCF result = /central/scratch/yangjunjie/run-scf-spc-diamond-conv-1-1-2-fftisdf-ks-1-100-rcut_epsilon-1e-05-ke_epsilon-0.01-isdf_thresh-5e-05/48100105/tmpy46e1_df
max_memory 409600 MB (current use 273 MB)
******** PBC SCF flags ********
kpt = [0. 0. 0.]
Exchange divergence treatment (exxdiv) = None
DF object = <isdfx.isdfx.ISDFX object at 0x7f97e3a1e4f0>
XC functionals = PBE0
small_rho_cutoff = 1e-07
Overwritten attributes  get_ovlp get_hcore  of <class 'pyscf.pbc.dft.rks.RKS'>
Set gradient conv threshold to 0.0001
nelec by numeric integration = 63.999999995674436
    CPU time for vxc      3.44 sec, wall time      3.45 sec
~/packages/PeriodicIntegrals/PeriodicIntegrals-junjie-benchmark/isdfx/isdfx.py +4733
[[ 5.92609815e-01 -2.07733389e-02 -1.49372130e-10 ...  3.29312158e-03
  -3.30285561e-03  3.70092513e-13]
 [-2.07733389e-02  8.44685909e-04 -2.19985986e-13 ... -2.09902515e-04
   1.65272475e-04 -3.14162051e-14]
 [-1.49372130e-10 -2.19985986e-13  6.49906929e-01 ...  1.14960616e-04
   2.10995193e-03  3.14505479e-03]
 ...
 [ 3.29312158e-03 -2.09902515e-04  1.14960616e-04 ...  4.46214761e-04
   2.63029861e-08  5.06136808e-15]
 [-3.30285561e-03  1.65272475e-04  2.10995193e-03 ...  2.63029861e-08
   2.26887108e-03  4.99288212e-08]
 [ 3.70092513e-13 -3.14162051e-14  3.14505479e-03 ...  5.06136808e-15
   4.99288212e-08  6.71985021e-04]]
[[ 1.71226849e-01 -1.71868240e-05  2.07241950e-01 ...  2.53713975e-09
  -1.68779379e-11 -1.15456586e+00]
 [-6.74284167e-03  7.43617084e-06 -4.11327152e-03 ...  2.30828178e-09
  -1.52033296e-11 -1.06092267e+00]
 [-9.60292207e-11 -1.84901929e-10 -1.78625099e-11 ... -5.27919961e-02
   1.46195141e-11 -1.18363862e-10]
 ...
 [-6.95558329e-05  1.20762008e-03  1.20741071e-03 ... -1.84653824e-02
  -3.87304918e-12 -4.53892981e-03]
 [ 1.02250060e-07  6.87865353e-08  1.96724149e-07 ...  3.72782486e-05
  -5.79794753e-02 -4.16962067e-02]
 [ 1.72659611e-13 -1.25212434e-14 -4.37909030e-13 ... -2.06923938e-04
   8.52717545e-06 -2.00889116e-13]]
[2. 2. 2. 2. 2. 2. 2. 2. 2. 2. 2. 2. 2. 2. 2. 2. 2. 2. 2. 2. 2. 2. 2. 2.
 2. 2. 2. 2. 2. 2. 2. 2. 0. 0. 0. 0. 0. 0. 0. 0. 0. 0. 0. 0. 0. 0. 0. 0.
 0. 0. 0. 0. 0. 0. 0. 0. 0. 0. 0. 0. 0. 0. 0. 0. 0. 0. 0. 0. 0. 0. 0. 0.
 0. 0. 0. 0. 0. 0. 0. 0. 0. 0. 0. 0. 0. 0. 0. 0. 0. 0. 0. 0. 0. 0. 0. 0.
 0. 0. 0. 0. 0. 0. 0. 0. 0. 0. 0. 0. 0. 0. 0. 0. 0. 0. 0. 0. 0. 0. 0. 0.
 0. 0. 0. 0. 0. 0. 0. 0. 0. 0. 0. 0. 0. 0. 0. 0. 0. 0. 0. 0. 0. 0. 0. 0.
 0. 0. 0. 0. 0. 0. 0. 0. 0. 0. 0. 0. 0. 0. 0. 0. 0. 0. 0. 0. 0. 0. 0. 0.
 0. 0. 0. 0. 0. 0. 0. 0. 0. 0. 0. 0. 0. 0. 0. 0. 0. 0. 0. 0. 0. 0. 0. 0.
 0. 0. 0. 0. 0. 0. 0. 0. 0. 0. 0. 0. 0. 0. 0. 0.]
start SG
end SG -->  0.32048559188842773
    CPU time for vj and vk      1.80 sec, wall time      1.80 sec
E1 = 32.24977431280603  Ecoul = 8.782550976953864  Exc = -26.90110172937538
init E= -88.339761223504
    CPU time for initialize scf      5.25 sec, wall time      5.27 sec
  HOMO = 0.53607102074551  LUMO = 0.809435749109917
  mo_energy =
[-0.30704289 -0.2303812  -0.23038007  0.01819601  0.01819611  0.01819654
  0.01819814  0.02074173  0.02074301  0.04982551  0.04982559  0.04982606
  0.049828    0.20941531  0.20941549  0.20941557  0.20941602  0.27474249
  0.27474281  0.28470919  0.28470932  0.28470941  0.28470999  0.35003594
  0.35003642  0.36704282  0.36704303  0.36704406  0.36704444  0.53175361
  0.53607054  0.53607102  0.80943575  0.80943642  0.84213356  0.84353787
  0.84353789  0.86872865  0.86872918  0.86987392  0.86987392  0.8698741
  0.86987463  1.07968484  1.07968487  1.07968768  1.07968769  1.08825455
  1.08825483  1.08825484  1.08825593  1.11764364  1.11764467  1.1176447
  1.11764601  1.13500689  1.1350073   1.1788435   1.27842808  1.27842816
  1.27842843  1.27843303  1.27938159  1.27938164  1.59326122  1.59326317
  1.59326318  1.5932677   1.63353002  1.63353148  1.71408149  1.71408581
  1.71494919  1.71495294  1.71495296  1.71496109  1.7564291   1.75799242
  1.87335784  1.87336079  1.90147614  1.90147761  2.04010323  2.04010331
  2.04018391  2.04018392  2.04019117  2.04019131  2.06112723  2.06112949
  2.0611295   2.06113318  2.25906886  2.25906895  2.25907224  2.25907226
  2.34568221  2.3458016   2.34580235  2.34580235  2.34721389  2.34733399
  2.40765157  2.40765158  2.40805498  2.47230705  2.47264369  2.47264392
  2.4962896   2.49628974  2.49629015  2.49629094  2.53729004  2.53729007
  2.53729419  2.53729429  2.76870701  2.76870737  2.76870752  2.76870944
  2.78765001  2.78765014  2.7876648   2.78766924  2.78773258  2.78773264
  2.79524064  2.79524128  2.88460084  2.8846016   2.88460165  2.88460495
  2.98052053  2.98052999  2.98053005  2.98053047  2.98075938  2.98076908
  3.02121479  3.02121502  3.0215041   3.02150434  3.02151027  3.02151064
  3.07447422  3.0744743   3.10636196  3.10636198  3.10636208  3.10636351
  3.26842824  3.26843134  3.26843149  3.2684347   3.28599816  3.286002
  3.35178443  3.3517869   3.41724503  3.41724514  3.41725125  3.41725137
  3.42814226  3.42821298  3.42901555  3.42901648  3.42901652  3.42908426
  3.56124428  3.56379307  3.73143575  3.73165954  3.73165999  3.83440035
  3.83440837  4.33915175  4.33915506  4.33915513  4.33915931  4.62138584
  4.62138587  4.62243866  4.72312831  4.72312889  4.72324694  4.72324715
  4.72362634  4.72362642  4.72370433  4.72370958  4.72392333  4.72392361
  8.67247079  8.85902225  8.8590404   9.00050105  9.01011473  9.01448321
  9.01453841  9.01453842  9.01465354  9.02134116  9.02771945  9.03150317
  9.03630413  9.03630414  9.03651518  9.04055651]
nelec by numeric integration = 63.999999995674365
    CPU time for vxc      3.38 sec, wall time      3.39 sec
~/packages/PeriodicIntegrals/PeriodicIntegrals-junjie-benchmark/isdfx/isdfx.py +4733
[[ 5.92606391e-01 -2.07808643e-02  1.30303685e-06 ...  3.28463808e-03
  -3.30307489e-03  3.79187638e-09]
 [-2.07808643e-02  8.45276840e-04  3.34111149e-07 ... -2.09145333e-04
   1.65344599e-04  2.92241628e-09]
 [ 1.30303685e-06  3.34111149e-07  6.49884970e-01 ...  1.11167833e-04
   2.10720659e-03  3.15778373e-03]
 ...
 [ 3.28463808e-03 -2.09145333e-04  1.11167833e-04 ...  4.45814636e-04
   1.40123482e-06 -1.60402013e-09]
 [-3.30307489e-03  1.65344599e-04  2.10720659e-03 ...  1.40123482e-06
   2.26921876e-03  2.48310653e-06]
 [ 3.79187638e-09  2.92241628e-09  3.15778373e-03 ... -1.60402013e-09
   2.48310653e-06  6.71864368e-04]]
[[ 1.71213086e-01  6.05555578e-03  2.07131165e-01 ...  6.20666535e-07
  -2.90298601e-06  1.15358107e+00]
 [-6.74377491e-03 -1.11674632e-04 -4.11225366e-03 ...  5.37120545e-07
  -2.64902043e-06  1.05980815e+00]
 [ 6.45651358e-08 -1.24457547e-07  1.54103850e-07 ...  3.80156564e-02
   3.20466103e-06 -1.35596400e-07]
 ...
 [-7.63668157e-05  1.25143951e-03  1.17435365e-03 ... -2.67151144e-03
  -4.89768395e-08  4.51190964e-03]
 [ 1.74626868e-06 -2.34067394e-06  8.20010411e-07 ...  5.35782589e-05
  -5.70431401e-02  4.21124094e-02]
 [-1.02799027e-08  1.78905179e-08  1.19894415e-08 ... -2.20019839e-03
   1.45113988e-05  8.29724609e-10]]
[2. 2. 2. 2. 2. 2. 2. 2. 2. 2. 2. 2. 2. 2. 2. 2. 2. 2. 2. 2. 2. 2. 2. 2.
 2. 2. 2. 2. 2. 2. 2. 2. 0. 0. 0. 0. 0. 0. 0. 0. 0. 0. 0. 0. 0. 0. 0. 0.
 0. 0. 0. 0. 0. 0. 0. 0. 0. 0. 0. 0. 0. 0. 0. 0. 0. 0. 0. 0. 0. 0. 0. 0.
 0. 0. 0. 0. 0. 0. 0. 0. 0. 0. 0. 0. 0. 0. 0. 0. 0. 0. 0. 0. 0. 0. 0. 0.
 0. 0. 0. 0. 0. 0. 0. 0. 0. 0. 0. 0. 0. 0. 0. 0. 0. 0. 0. 0. 0. 0. 0. 0.
 0. 0. 0. 0. 0. 0. 0. 0. 0. 0. 0. 0. 0. 0. 0. 0. 0. 0. 0. 0. 0. 0. 0. 0.
 0. 0. 0. 0. 0. 0. 0. 0. 0. 0. 0. 0. 0. 0. 0. 0. 0. 0. 0. 0. 0. 0. 0. 0.
 0. 0. 0. 0. 0. 0. 0. 0. 0. 0. 0. 0. 0. 0. 0. 0. 0. 0. 0. 0. 0. 0. 0. 0.
 0. 0. 0. 0. 0. 0. 0. 0. 0. 0. 0. 0. 0. 0. 0. 0.]
start SG
end SG -->  0.31256532669067383
    CPU time for vj and vk      2.03 sec, wall time      2.04 sec
E1 = 32.249541977122135  Ecoul = 8.78289101422958  Exc = -26.90121062291947
cycle= 1 E= -88.3397624154562  delta_E= -1.19e-06  |g|= 0.000215  |ddm|= 0.00174
    CPU time for cycle= 1      5.42 sec, wall time      5.44 sec
  HOMO = 0.536076724211485  LUMO = 0.809438995207391
  mo_energy =
[-0.30703866 -0.23037779 -0.2303755   0.01820007  0.01820023  0.01820041
  0.01820325  0.02074602  0.02074738  0.04982969  0.04982992  0.04983009
  0.04983346  0.20941924  0.20941935  0.20941958  0.20942036  0.27474729
  0.2747476   0.28471329  0.2847137   0.28471396  0.28471507  0.35004108
  0.35004142  0.36704796  0.36704833  0.36704892  0.36704912  0.53175904
  0.5360762   0.53607672  0.809439    0.80944049  0.84213817  0.84354262
  0.84354265  0.86873173  0.86873243  0.86987715  0.86987726  0.8698773
  0.86987866  1.07969121  1.07969125  1.07969388  1.07969395  1.08825827
  1.08825905  1.08825913  1.08826075  1.1176496   1.11765112  1.11765121
  1.11765295  1.13501243  1.13501367  1.17885102  1.27843531  1.27843616
  1.27843619  1.27844144  1.27938913  1.27938917  1.59326722  1.59326948
  1.59326951  1.59327415  1.63353449  1.63353622  1.71408923  1.71409309
  1.71495666  1.71496062  1.71496064  1.71496821  1.75643263  1.75799567
  1.87336411  1.87336828  1.9014791   1.90148158  2.04010517  2.04010524
  2.04018692  2.04018821  2.04019655  2.04019676  2.06113214  2.06113487
  2.06113494  2.06113901  2.25907456  2.2590746   2.25907719  2.25907723
  2.34568271  2.34580662  2.34580676  2.34580685  2.347218    2.34734195
  2.40765667  2.40765668  2.40806006  2.47231385  2.47265091  2.47265114
  2.49629469  2.49629472  2.49629515  2.49629607  2.53729604  2.53729605
  2.53730002  2.53730016  2.76871272  2.76871361  2.76871382  2.76871619
  2.78765642  2.78765665  2.78767076  2.78767677  2.78773983  2.78773991
  2.79524575  2.79524753  2.88460569  2.88460683  2.88460689  2.88461065
  2.98052841  2.9805353   2.98053536  2.98053569  2.98076527  2.98077277
  3.02122005  3.02122027  3.02150872  3.0215103   3.02151571  3.02151599
  3.07447945  3.07448012  3.10636753  3.10636787  3.10636795  3.10636983
  3.26843348  3.26843667  3.26843692  3.26844038  3.28600484  3.28600845
  3.35179003  3.35179316  3.41725167  3.41725189  3.41725699  3.41725705
  3.42814554  3.42821911  3.4290215   3.42902238  3.4290224   3.42909307
  3.56125151  3.56379954  3.73144187  3.73166582  3.73166628  3.8344073
  3.8344147   4.33915769  4.33916012  4.33916028  4.33916355  4.62139101
  4.62139105  4.62244449  4.72313812  4.72313953  4.72325188  4.72325214
  4.72362987  4.72363036  4.72371073  4.72371438  4.72392591  4.72392676
  8.67248513  8.85903962  8.85905198  9.00051849  9.0101309   9.01449725
  9.01456023  9.01456028  9.01467382  9.02134931  9.02773892  9.03150899
  9.03631592  9.03631664  9.03650793  9.04056528]
nelec by numeric integration = 63.99999999567447
    CPU time for vxc      3.48 sec, wall time      3.49 sec
~/packages/PeriodicIntegrals/PeriodicIntegrals-junjie-benchmark/isdfx/isdfx.py +4733
[[ 5.92598914e-01 -2.07801709e-02  1.39810602e-06 ...  3.28446063e-03
  -3.30298096e-03  3.23328506e-09]
 [-2.07801709e-02  8.45222369e-04  3.29969728e-07 ... -2.09122298e-04
   1.65332376e-04  2.95679298e-09]
 [ 1.39810602e-06  3.29969728e-07  6.49878777e-01 ...  1.11111751e-04
   2.10730039e-03  3.15762631e-03]
 ...
 [ 3.28446063e-03 -2.09122298e-04  1.11111751e-04 ...  4.45750576e-04
   1.40756800e-06 -1.62603355e-09]
 [-3.30298096e-03  1.65332376e-04  2.10730039e-03 ...  1.40756800e-06
   2.26921817e-03  2.50548139e-06]
 [ 3.23328506e-09  2.95679298e-09  3.15762631e-03 ... -1.62603355e-09
   2.50548139e-06  6.71890873e-04]]
[[ 1.71210084e-01  7.47900783e-03 -2.07076858e-01 ... -1.38449393e-05
  -1.75644880e-06 -1.15352615e+00]
 [-6.74409437e-03 -1.40052877e-04  4.11133390e-03 ... -1.22516182e-05
  -1.50839557e-06 -1.05974707e+00]
 [ 4.90341373e-08 -1.87386429e-07 -1.38808334e-07 ... -4.63926707e-02
  -3.23714282e-06 -6.91262064e-07]
 ...
 [-7.58154952e-05  1.25917383e-03 -1.16519445e-03 ...  5.48524792e-05
  -1.26003670e-07 -4.51663425e-03]
 [ 1.95143543e-06 -2.94063741e-06 -1.10548971e-06 ... -4.98912747e-05
   5.69554453e-02 -4.21215770e-02]
 [-6.32229151e-09  1.42375896e-08 -6.80830466e-09 ...  2.20007754e-03
  -1.42298945e-05  2.79365343e-08]]
[2. 2. 2. 2. 2. 2. 2. 2. 2. 2. 2. 2. 2. 2. 2. 2. 2. 2. 2. 2. 2. 2. 2. 2.
 2. 2. 2. 2. 2. 2. 2. 2. 0. 0. 0. 0. 0. 0. 0. 0. 0. 0. 0. 0. 0. 0. 0. 0.
 0. 0. 0. 0. 0. 0. 0. 0. 0. 0. 0. 0. 0. 0. 0. 0. 0. 0. 0. 0. 0. 0. 0. 0.
 0. 0. 0. 0. 0. 0. 0. 0. 0. 0. 0. 0. 0. 0. 0. 0. 0. 0. 0. 0. 0. 0. 0. 0.
 0. 0. 0. 0. 0. 0. 0. 0. 0. 0. 0. 0. 0. 0. 0. 0. 0. 0. 0. 0. 0. 0. 0. 0.
 0. 0. 0. 0. 0. 0. 0. 0. 0. 0. 0. 0. 0. 0. 0. 0. 0. 0. 0. 0. 0. 0. 0. 0.
 0. 0. 0. 0. 0. 0. 0. 0. 0. 0. 0. 0. 0. 0. 0. 0. 0. 0. 0. 0. 0. 0. 0. 0.
 0. 0. 0. 0. 0. 0. 0. 0. 0. 0. 0. 0. 0. 0. 0. 0. 0. 0. 0. 0. 0. 0. 0. 0.
 0. 0. 0. 0. 0. 0. 0. 0. 0. 0. 0. 0. 0. 0. 0. 0.]
start SG
end SG -->  0.31256699562072754
    CPU time for vj and vk      1.92 sec, wall time      1.93 sec
E1 = 32.24957512085995  Ecoul = 8.782841820394976  Exc = -26.901194584827685
cycle= 2 E= -88.3397624274612  delta_E= -1.2e-08  |g|= 0.000122  |ddm|= 0.000267
    CPU time for cycle= 2      5.42 sec, wall time      5.44 sec
  HOMO = 0.536076175650587  LUMO = 0.809439027322109
  mo_energy =
[-0.30703907 -0.23037766 -0.2303764   0.01819985  0.01819997  0.01820028
  0.01820222  0.02074561  0.02074693  0.04982953  0.04982962  0.04982998
  0.04983228  0.20941897  0.20941914  0.20941917  0.20941969  0.27474684
  0.27474715  0.28471327  0.28471334  0.2847135   0.28471413  0.35004051
  0.35004097  0.36704739  0.36704764  0.36704849  0.36704889  0.53175847
  0.53607565  0.53607618  0.80943903  0.80943974  0.8421377   0.84354217
  0.84354219  0.86873149  0.86873211  0.86987692  0.86987695  0.869877
  0.86987804  1.07969059  1.07969062  1.07969332  1.07969334  1.08825819
  1.08825865  1.08825869  1.0882599   1.11764936  1.1176505   1.11765055
  1.11765199  1.13501223  1.13501268  1.1788503   1.27843515  1.27843542
  1.27843546  1.27844009  1.27938836  1.2793884   1.59326681  1.59326885
  1.59326886  1.59327341  1.63353421  1.63353567  1.71408849  1.71409228
  1.71495601  1.71495985  1.71495987  1.71496753  1.75643237  1.7579954
  1.87336388  1.87336713  1.90147939  1.90148073  2.0401055   2.04010557
  2.04018706  2.0401873   2.04019547  2.04019562  2.06113212  2.06113443
  2.06113444  2.06113813  2.25907372  2.25907379  2.25907698  2.25907699
  2.34568244  2.34580586  2.34580651  2.34580655  2.3472177   2.34734197
  2.40765615  2.40765616  2.40805954  2.47231315  2.47265022  2.47265045
  2.49629418  2.49629429  2.4962949   2.49629529  2.53729543  2.53729546
  2.53729945  2.53729955  2.76871243  2.76871303  2.7687132   2.76871527
  2.78765529  2.78765544  2.78767069  2.78767549  2.78773966  2.78773973
  2.79524556  2.79524658  2.88460579  2.88460644  2.88460646  2.88460973
  2.98052765  2.98053482  2.98053489  2.98053526  2.98076484  2.98077257
  3.02121966  3.02121989  3.02150864  3.02150928  3.02151496  3.0215153
  3.07447921  3.07447955  3.10636728  3.10636728  3.10636731  3.1063689
  3.2684335   3.26843625  3.26843643  3.26843945  3.28600412  3.28600834
  3.35178981  3.35179237  3.4172507   3.41725084  3.41725674  3.41725684
  3.42814602  3.42821856  3.42902078  3.42902184  3.42902188  3.42909173
  3.56125113  3.5637991   3.73144127  3.73166522  3.73166568  3.83440661
  3.83441423  4.33915663  4.3391596   4.33915969  4.33916346  4.62139034
  4.62139037  4.62244386  4.72313534  4.72313555  4.7232516   4.72325182
  4.7236298   4.72362985  4.72370962  4.72371427  4.72392775  4.72392782
  8.67248331  8.85903727  8.85905033  9.00051887  9.01013058  9.01448934
  9.01455635  9.01455651  9.01467078  9.02133995  9.0277415   9.03151115
  9.03631731  9.03631733  9.0365151   9.04055829]
nelec by numeric integration = 63.99999999567452
    CPU time for vxc      3.34 sec, wall time      3.35 sec
~/packages/PeriodicIntegrals/PeriodicIntegrals-junjie-benchmark/isdfx/isdfx.py +4733
[[ 5.92603611e-01 -2.07807015e-02  1.40256084e-06 ...  3.28443735e-03
  -3.30302059e-03  5.02860884e-09]
 [-2.07807015e-02  8.45256588e-04  3.28803280e-07 ... -2.09123141e-04
   1.65342046e-04  2.77967438e-09]
 [ 1.40256084e-06  3.28803280e-07  6.49881568e-01 ...  1.11070391e-04
   2.10716848e-03  3.15789722e-03]
 ...
 [ 3.28443735e-03 -2.09123141e-04  1.11070391e-04 ...  4.45753168e-04
   1.43657571e-06 -1.51746134e-09]
 [-3.30302059e-03  1.65342046e-04  2.10716848e-03 ...  1.43657571e-06
   2.26924466e-03  2.55187142e-06]
 [ 5.02860884e-09  2.77967438e-09  3.15789722e-03 ... -1.51746134e-09
   2.55187142e-06  6.71911213e-04]]
[[ 1.71211232e-01  7.15868640e-03  2.07095057e-01 ...  6.14469100e-06
   2.04615176e-06  1.15358675e+00]
 [-6.74413995e-03 -1.33517939e-04 -4.11184606e-03 ...  5.48903217e-06
   1.88555038e-06  1.05980100e+00]
 [ 5.37392165e-08 -1.41504648e-07  1.42350304e-07 ... -4.73010213e-02
  -3.06416892e-06  9.69939481e-08]
 ...
 [-7.57263267e-05  1.25734757e-03  1.16709587e-03 ... -1.84328677e-02
   2.39019250e-08  4.51287878e-03]
 [ 1.97976371e-06 -2.83309459e-06  9.03115764e-07 ...  4.50054788e-05
   5.70179293e-02  4.21195571e-02]
 [-4.22864987e-09  1.16337266e-08  6.53928974e-09 ... -3.76564960e-04
  -1.42858433e-05 -7.64357647e-09]]
[2. 2. 2. 2. 2. 2. 2. 2. 2. 2. 2. 2. 2. 2. 2. 2. 2. 2. 2. 2. 2. 2. 2. 2.
 2. 2. 2. 2. 2. 2. 2. 2. 0. 0. 0. 0. 0. 0. 0. 0. 0. 0. 0. 0. 0. 0. 0. 0.
 0. 0. 0. 0. 0. 0. 0. 0. 0. 0. 0. 0. 0. 0. 0. 0. 0. 0. 0. 0. 0. 0. 0. 0.
 0. 0. 0. 0. 0. 0. 0. 0. 0. 0. 0. 0. 0. 0. 0. 0. 0. 0. 0. 0. 0. 0. 0. 0.
 0. 0. 0. 0. 0. 0. 0. 0. 0. 0. 0. 0. 0. 0. 0. 0. 0. 0. 0. 0. 0. 0. 0. 0.
 0. 0. 0. 0. 0. 0. 0. 0. 0. 0. 0. 0. 0. 0. 0. 0. 0. 0. 0. 0. 0. 0. 0. 0.
 0. 0. 0. 0. 0. 0. 0. 0. 0. 0. 0. 0. 0. 0. 0. 0. 0. 0. 0. 0. 0. 0. 0. 0.
 0. 0. 0. 0. 0. 0. 0. 0. 0. 0. 0. 0. 0. 0. 0. 0. 0. 0. 0. 0. 0. 0. 0. 0.
 0. 0. 0. 0. 0. 0. 0. 0. 0. 0. 0. 0. 0. 0. 0. 0.]
start SG
end SG -->  0.3166463375091553
    CPU time for vj and vk      1.79 sec, wall time      1.79 sec
E1 = 32.249571874928186  Ecoul = 8.782846639624571  Exc = -26.90119616116107
cycle= 3 E= -88.3397624304968  delta_E= -3.04e-09  |g|= 5.58e-05  |ddm|= 0.000144
    CPU time for cycle= 3      5.14 sec, wall time      5.16 sec
  HOMO = 0.536075991834537  LUMO = 0.809438617410229
  mo_energy =
[-0.3070392  -0.23037817 -0.23037616  0.01819968  0.01819971  0.01819985
  0.01820251  0.02074546  0.02074682  0.04982931  0.04982935  0.04982949
  0.04983266  0.20941882  0.20941883  0.20941905  0.20941973  0.27474668
  0.27474699  0.28471285  0.28471312  0.28471337  0.28471431  0.35004045
  0.35004068  0.36704737  0.36704773  0.36704818  0.36704849  0.53175827
  0.53607546  0.53607599  0.80943862  0.80943991  0.84213755  0.84354201
  0.84354204  0.86873141  0.86873199  0.86987678  0.8698768   0.86987684
  0.869878    1.07969041  1.07969045  1.07969306  1.07969311  1.08825782
  1.08825847  1.08825854  1.08826     1.11764891  1.11765029  1.11765037
  1.117652    1.13501173  1.13501278  1.17885005  1.27843448  1.27843509
  1.2784351   1.27844023  1.27938819  1.27938823  1.59326647  1.59326867
  1.59326869  1.5932733   1.63353399  1.6335356   1.71408819  1.71409207
  1.71495572  1.71495963  1.71495965  1.71496729  1.7564323   1.75799532
  1.87336332  1.87336718  1.90147889  1.90148105  2.04010473  2.0401048
  2.04018656  2.04018752  2.04019599  2.04019618  2.06113166  2.06113423
  2.06113429  2.06113826  2.25907376  2.25907381  2.25907658  2.25907661
  2.34568265  2.34580607  2.34580637  2.34580645  2.34721757  2.34734134
  2.40765597  2.40765599  2.40805936  2.4723129   2.47264999  2.47265021
  2.49629403  2.49629407  2.49629467  2.49629521  2.53729525  2.53729526
  2.53729923  2.53729936  2.76871201  2.7687128   2.768713    2.76871527
  2.78765598  2.78765619  2.78767003  2.78767567  2.78773848  2.78773855
  2.7952451   2.79524669  2.88460535  2.8846063   2.88460633  2.88460993
  2.98052751  2.98053466  2.98053472  2.98053507  2.9807647   2.98077243
  3.02121919  3.02121941  3.02150813  3.0215094   3.0215151   3.0215154
  3.07447909  3.07447943  3.10636683  3.10636705  3.10636713  3.10636892
  3.26843301  3.26843606  3.26843628  3.26843962  3.28600419  3.286008
  3.35178943  3.3517924   3.41725075  3.41725095  3.41725627  3.41725634
  3.42814561  3.4282184   3.42902076  3.42902165  3.42902168  3.42909168
  3.56125102  3.56379895  3.73144106  3.73166502  3.73166548  3.83440651
  3.83441393  4.33915678  4.33915938  4.33915952  4.33916291  4.6213901
  4.62139014  4.62244363  4.72313563  4.72313798  4.72325106  4.72325131
  4.72362948  4.72363031  4.72370978  4.72371371  4.7239253   4.72392672
  8.67248265  8.85903704  8.85904943  9.00051581  9.01012776  9.01449345
  9.01455589  9.01455632  9.01467034  9.02134712  9.02773715  9.03150733
  9.03631591  9.03631687  9.03650658  9.04056362]
nelec by numeric integration = 63.999999995674486
    CPU time for vxc      3.30 sec, wall time      3.31 sec
~/packages/PeriodicIntegrals/PeriodicIntegrals-junjie-benchmark/isdfx/isdfx.py +4733
[[ 5.92599856e-01 -2.07802498e-02  1.41921824e-06 ...  3.28436706e-03
  -3.30299258e-03  3.96554250e-09]
 [-2.07802498e-02  8.45228875e-04  3.26556035e-07 ... -2.09112572e-04
   1.65335917e-04  2.87515252e-09]
 [ 1.41921824e-06  3.26556035e-07  6.49876982e-01 ...  1.11042333e-04
   2.10729291e-03  3.15789287e-03]
 ...
 [ 3.28436706e-03 -2.09112572e-04  1.11042333e-04 ...  4.45749196e-04
   1.43465636e-06 -1.58189598e-09]
 [-3.30299258e-03  1.65335917e-04  2.10729291e-03 ...  1.43465636e-06
   2.26925027e-03  2.55152656e-06]
 [ 3.96554250e-09  2.87515252e-09  3.15789287e-03 ... -1.58189598e-09
   2.55152656e-06  6.71912932e-04]]
[[ 1.71213729e-01  7.35063854e-03 -2.07082262e-01 ... -1.05712607e-05
  -3.47707881e-07 -1.15345233e+00]
 [-6.74411779e-03 -1.37672713e-04  4.11137796e-03 ... -9.35686058e-06
  -2.51429546e-07 -1.05968054e+00]
 [ 4.96763598e-08 -1.70778179e-07 -1.38014333e-07 ... -4.64056150e-02
  -3.20774550e-06 -4.82544217e-07]
 ...
 [-7.57866926e-05  1.25838656e-03 -1.16585271e-03 ...  4.16744653e-05
  -6.80365642e-08 -4.51411171e-03]
 [ 1.95251953e-06 -2.84762754e-06 -9.95277229e-07 ... -4.95950122e-05
   5.69656428e-02 -4.21221013e-02]
 [-4.93062272e-09  1.25937188e-08 -6.17455275e-09 ...  2.21132382e-03
  -1.42518829e-05  1.93127160e-08]]
[2. 2. 2. 2. 2. 2. 2. 2. 2. 2. 2. 2. 2. 2. 2. 2. 2. 2. 2. 2. 2. 2. 2. 2.
 2. 2. 2. 2. 2. 2. 2. 2. 0. 0. 0. 0. 0. 0. 0. 0. 0. 0. 0. 0. 0. 0. 0. 0.
 0. 0. 0. 0. 0. 0. 0. 0. 0. 0. 0. 0. 0. 0. 0. 0. 0. 0. 0. 0. 0. 0. 0. 0.
 0. 0. 0. 0. 0. 0. 0. 0. 0. 0. 0. 0. 0. 0. 0. 0. 0. 0. 0. 0. 0. 0. 0. 0.
 0. 0. 0. 0. 0. 0. 0. 0. 0. 0. 0. 0. 0. 0. 0. 0. 0. 0. 0. 0. 0. 0. 0. 0.
 0. 0. 0. 0. 0. 0. 0. 0. 0. 0. 0. 0. 0. 0. 0. 0. 0. 0. 0. 0. 0. 0. 0. 0.
 0. 0. 0. 0. 0. 0. 0. 0. 0. 0. 0. 0. 0. 0. 0. 0. 0. 0. 0. 0. 0. 0. 0. 0.
 0. 0. 0. 0. 0. 0. 0. 0. 0. 0. 0. 0. 0. 0. 0. 0. 0. 0. 0. 0. 0. 0. 0. 0.
 0. 0. 0. 0. 0. 0. 0. 0. 0. 0. 0. 0. 0. 0. 0. 0.]
start SG
end SG -->  0.3285562992095947
    CPU time for vj and vk      1.97 sec, wall time      1.98 sec
E1 = 32.24957076627707  Ecoul = 8.782848293581178  Exc = -26.901196705682867
Extra cycle  E= -88.3397624297131  delta_E= 7.84e-10  |g|= 8.37e-05  |ddm|= 9.95e-05
    CPU time for scf_cycle     26.52 sec, wall time     26.60 sec
    CPU time for SCF     26.57 sec, wall time     26.65 sec
converged SCF energy = -88.3397624297131
Successfully saved all results to /central/scratch/yangjunjie//run-scf-spc-diamond-conv-1-1-2-fftisdf-ks-1-100-rcut_epsilon-1e-05-ke_epsilon-0.01-isdf_thresh-5e-05/48100105/scf.h5
