SLURMD_NODENAME = hpc-54-36
Start time = Tue Mar 18 01:06:20 PM PDT 2025
OMP_NUM_THREADS = 1
MKL_NUM_THREADS = 1
PYSCF_MAX_MEMORY = 409600
TMPDIR = /central/scratch/yangjunjie//run-scf-spc-diamond-prim-2-2-2-fftisdf-ks-1-100-rcut_epsilon-1e-05-ke_epsilon-0.05-isdf_thresh-0.0005/48068308/
PYSCF_TMPDIR = /central/scratch/yangjunjie//run-scf-spc-diamond-prim-2-2-2-fftisdf-ks-1-100-rcut_epsilon-1e-05-ke_epsilon-0.05-isdf_thresh-0.0005/48068308/

/home/junjiey/anaconda3/envs/fftisdf/bin/python
2.8.0
1.13.1
2.0.2
fft_engine = NUMPY+BLAS
name = diamond-prim
ke_cutoff =  1.00e+02
exxdiv = None
df = fftisdf-ks
chk_path = ../../../gdf-32/tmp/scf.h5
mesh = 2,2,2
rcut_epsilon =  1.00e-05
ke_epsilon =  5.00e-02
isdf_thresh =  5.00e-04

Discarded 6 diffused primitive functions, 0 contracted functions
ke_cutoff = 100.0
None

******** <class 'ISDFX'> ********
lin_dep_thresh: 1e-10
alpha_cutoff: 2.8
rcut_epsilon: 1e-05
ke_epsilon: 0.05
isdf_thresh: 0.0005
grid_vol_cutoff: 0.05
ke_step: 2.0
ao_tol: 1e-12
multigrid_on: True
direct_j: True
iterative_build: True
occRI: True
voronoi: True
fit_sparse_grid: False
fit_dense_grid: True
direct_k_sparse: True
direct_k: False
use_kpt_symm: False
kmesh: [1, 1, 1]
isdf_pts_from_q0: True
isdf_pts_from_gamma_point: False
alpha: None
do_real_isdf: False
N_xi: None
use_cell_periodic: False
isdf_thresh_sparse: None
ncopy: [1, 1, 1]
j_grid_mesh: None
k_grid_mesh: None
num_j_grids: 100
get_ao_from_pyscf: False
nuc_pp_version: 0
vppnl_ver: 0
universal_dense_grid: None
same_jk_grids: None
coulomb_only: False
max_memory   409600 MB (current use       90 MB)

Exchange function: getK_occRI  

cell mesh: [47 47 47]
nbas:  192
Grid     keMax    keMin    keGrid   expMax   expMin   nexp     lmax     PWs      mesh        
0        33.6     33.6     115.3    5.6      5.6      1        2        103823   [47 47 47]
1        12.7     2.1      12.7     2.1      0.3      3        2        4913     [17 17 17]
0        59.4     57.7     115.3    5.6      5.6      1        2        103823   [47 47 47]
1        22.4     11.2     22.4     2.1      2.1      1        2        12167    [23 23 23]
2        8.2      3.7      8.2      0.8      0.3      2        2        3375     [15 15 15]

ISDF

atm      grid     Ng       NI       Nxi      sharp    on_grid  diffuse  maxexp   minexp   lmax     lmin    
0        0        103823   2073     74       9        297      288      5.61     5.61     2        0       
1        0        103823   2105     78       9        297      288      5.61     5.61     2        0       
2        0        103823   2110     73       9        297      288      5.61     5.61     2        0       
3        0        103823   2095     75       9        297      288      5.61     5.61     2        0       
4        0        103823   2110     73       9        297      288      5.61     5.61     2        0       
5        0        103823   2095     75       9        297      288      5.61     5.61     2        0       
6        0        103823   2095     75       9        297      288      5.61     5.61     2        0       
7        0        103823   2110     73       9        297      288      5.61     5.61     2        0       
8        0        103823   2110     73       9        297      288      5.61     5.61     2        0       
9        0        103823   2095     75       9        297      288      5.61     5.61     2        0       
10       0        103823   2095     75       9        297      288      5.61     5.61     2        0       
11       0        103823   2110     73       9        297      288      5.61     5.61     2        0       
12       0        103823   2095     75       9        297      288      5.61     5.61     2        0       
13       0        103823   2110     73       9        297      288      5.61     5.61     2        0       
14       0        103823   2105     78       9        297      288      5.61     5.61     2        0       
15       0        103823   2073     74       9        297      288      5.61     5.61     2        0       
-        1        4913     4913     4913     432      432      432      2.11     0.35     2        0       
ISDF-pts:       1.69
ISDF-vec:       0.11
Fit dense grids ISDF:       1.80
Fit sparse grids ISDF:       0.00

Grid     PWs      Ng_i     N_xi     N_mu    
0        103823   33586    1192     4752    
1        4913     4913     4913     432     

nTHC: 6105
Mem Required (MB):      52.89
Curent RAM Use (MB) :        231 

Build W
ISDF-fft dense grids (sec):      11.53
Curent RAM Use (MB) :        271 
ISDF-fft:      11.53

Initial guess from minao.
Successfully loaded dm0 from ../../../gdf-32/tmp/scf.h5
~/packages/PeriodicIntegrals/PeriodicIntegrals-junjie-benchmark/isdfx/isdfx.py +4733
[[ 5.26855036e-01 -1.41882092e-02  7.56084978e-06 ... -7.27508003e-03
  -9.70010837e-03 -1.40009224e-03]
 [-1.41882092e-02  4.23422566e-04  9.74736857e-06 ...  2.16418229e-04
   2.88557836e-04  4.16500018e-05]
 [ 7.56084978e-06  9.74736857e-06  6.48895895e-01 ... -1.55812716e-02
   1.46099405e-03  8.00859935e-03]
 ...
 [-7.27508003e-03  2.16418229e-04 -1.55812716e-02 ...  1.80201864e-03
   5.58137812e-09  2.29128023e-04]
 [-9.70010837e-03  2.88557836e-04  1.46099405e-03 ...  5.58137812e-09
   1.66975589e-03 -2.23008497e-08]
 [-1.40009224e-03  4.16500018e-05  8.00859935e-03 ...  2.29128023e-04
  -2.23008497e-08  2.06661500e-03]]
[[ 1.71319019e-01  2.80739589e-01 -1.62116336e-01 ... -6.89782044e-05
   4.94184557e-01 -8.55712448e-01]
 [-6.66392695e-03 -8.75108711e-03  5.05561330e-03 ... -5.57270448e-05
   3.99134311e-01 -6.90974654e-01]
 [ 1.10507086e-06  2.05462122e-02  3.41153061e-02 ... -2.45709669e-02
   7.23699959e-02  4.13636790e-02]
 ...
 [-1.12724054e-07 -4.35204640e-03  7.48321802e-03 ...  3.42248269e-02
   2.70120176e-02 -1.51646802e-02]
 [-1.49262855e-07 -5.73838990e-03  9.97762844e-03 ... -2.27793710e-02
   3.60160468e-02 -2.02220260e-02]
 [-1.94183796e-08 -6.00506389e-04  1.44014593e-03 ...  4.49773607e-02
   5.19848209e-03 -2.92784360e-03]]
[2. 2. 2. 2. 2. 2. 2. 2. 2. 2. 2. 2. 2. 2. 2. 2. 2. 2. 2. 2. 2. 2. 2. 2.
 2. 2. 2. 2. 2. 2. 2. 2. 0. 0. 0. 0. 0. 0. 0. 0. 0. 0. 0. 0. 0. 0. 0. 0.
 0. 0. 0. 0. 0. 0. 0. 0. 0. 0. 0. 0. 0. 0. 0. 0. 0. 0. 0. 0. 0. 0. 0. 0.
 0. 0. 0. 0. 0. 0. 0. 0. 0. 0. 0. 0. 0. 0. 0. 0. 0. 0. 0. 0. 0. 0. 0. 0.
 0. 0. 0. 0. 0. 0. 0. 0. 0. 0. 0. 0. 0. 0. 0. 0. 0. 0. 0. 0. 0. 0. 0. 0.
 0. 0. 0. 0. 0. 0. 0. 0. 0. 0. 0. 0. 0. 0. 0. 0. 0. 0. 0. 0. 0. 0. 0. 0.
 0. 0. 0. 0. 0. 0. 0. 0. 0. 0. 0. 0. 0. 0. 0. 0. 0. 0. 0. 0. 0. 0. 0. 0.
 0. 0. 0. 0. 0. 0. 0. 0. 0. 0. 0. 0. 0. 0. 0. 0. 0. 0. 0. 0. 0. 0. 0. 0.
 0. 0. 0. 0. 0. 0. 0. 0. 0. 0. 0. 0. 0. 0. 0. 0.]
~/packages/PeriodicIntegrals/PeriodicIntegrals-junjie-benchmark/isdfx/isdfx.py +4733
[[ 5.26855036e-01 -1.41882092e-02  7.56084978e-06 ... -7.27508003e-03
  -9.70010837e-03 -1.40009224e-03]
 [-1.41882092e-02  4.23422566e-04  9.74736857e-06 ...  2.16418229e-04
   2.88557836e-04  4.16500018e-05]
 [ 7.56084978e-06  9.74736857e-06  6.48895895e-01 ... -1.55812716e-02
   1.46099405e-03  8.00859935e-03]
 ...
 [-7.27508003e-03  2.16418229e-04 -1.55812716e-02 ...  1.80201864e-03
   5.58137812e-09  2.29128023e-04]
 [-9.70010837e-03  2.88557836e-04  1.46099405e-03 ...  5.58137812e-09
   1.66975589e-03 -2.23008497e-08]
 [-1.40009224e-03  4.16500018e-05  8.00859935e-03 ...  2.29128023e-04
  -2.23008497e-08  2.06661500e-03]]
[[ 1.71319019e-01  2.80739589e-01 -1.62116336e-01 ... -6.89782044e-05
   4.94184557e-01 -8.55712448e-01]
 [-6.66392695e-03 -8.75108711e-03  5.05561330e-03 ... -5.57270448e-05
   3.99134311e-01 -6.90974654e-01]
 [ 1.10507086e-06  2.05462122e-02  3.41153061e-02 ... -2.45709669e-02
   7.23699959e-02  4.13636790e-02]
 ...
 [-1.12724054e-07 -4.35204640e-03  7.48321802e-03 ...  3.42248269e-02
   2.70120176e-02 -1.51646802e-02]
 [-1.49262855e-07 -5.73838990e-03  9.97762844e-03 ... -2.27793710e-02
   3.60160468e-02 -2.02220260e-02]
 [-1.94183796e-08 -6.00506389e-04  1.44014593e-03 ...  4.49773607e-02
   5.19848209e-03 -2.92784360e-03]]
[2. 2. 2. 2. 2. 2. 2. 2. 2. 2. 2. 2. 2. 2. 2. 2. 2. 2. 2. 2. 2. 2. 2. 2.
 2. 2. 2. 2. 2. 2. 2. 2. 0. 0. 0. 0. 0. 0. 0. 0. 0. 0. 0. 0. 0. 0. 0. 0.
 0. 0. 0. 0. 0. 0. 0. 0. 0. 0. 0. 0. 0. 0. 0. 0. 0. 0. 0. 0. 0. 0. 0. 0.
 0. 0. 0. 0. 0. 0. 0. 0. 0. 0. 0. 0. 0. 0. 0. 0. 0. 0. 0. 0. 0. 0. 0. 0.
 0. 0. 0. 0. 0. 0. 0. 0. 0. 0. 0. 0. 0. 0. 0. 0. 0. 0. 0. 0. 0. 0. 0. 0.
 0. 0. 0. 0. 0. 0. 0. 0. 0. 0. 0. 0. 0. 0. 0. 0. 0. 0. 0. 0. 0. 0. 0. 0.
 0. 0. 0. 0. 0. 0. 0. 0. 0. 0. 0. 0. 0. 0. 0. 0. 0. 0. 0. 0. 0. 0. 0. 0.
 0. 0. 0. 0. 0. 0. 0. 0. 0. 0. 0. 0. 0. 0. 0. 0. 0. 0. 0. 0. 0. 0. 0. 0.
 0. 0. 0. 0. 0. 0. 0. 0. 0. 0. 0. 0. 0. 0. 0. 0.]
start SG
end SG -->  0.3139939308166504


******** <class 'pyscf.pbc.dft.rks.RKS'> ********
method = RKS
initial guess = minao
damping factor = 0
level_shift factor = 0
DIIS = <class 'pyscf.scf.diis.CDIIS'>
diis_start_cycle = 1
diis_space = 8
diis_damp = 0
SCF conv_tol = 1e-08
SCF conv_tol_grad = None
SCF max_cycles = 50
direct_scf = True
direct_scf_tol = 1e-13
chkfile to save SCF result = /central/scratch/yangjunjie/run-scf-spc-diamond-prim-2-2-2-fftisdf-ks-1-100-rcut_epsilon-1e-05-ke_epsilon-0.05-isdf_thresh-0.0005/48068308/tmpu965y537
max_memory 409600 MB (current use 286 MB)
******** PBC SCF flags ********
kpt = [0. 0. 0.]
Exchange divergence treatment (exxdiv) = None
DF object = <isdfx.isdfx.ISDFX object at 0x7f2105691850>
XC functionals = PBE0
small_rho_cutoff = 1e-07
Set gradient conv threshold to 0.0001
nelec by numeric integration = 63.99999999931137
    CPU time for vxc      5.64 sec, wall time      5.66 sec
~/packages/PeriodicIntegrals/PeriodicIntegrals-junjie-benchmark/isdfx/isdfx.py +4733
[[ 5.26855036e-01 -1.41882092e-02  7.56084978e-06 ... -7.27508003e-03
  -9.70010837e-03 -1.40009224e-03]
 [-1.41882092e-02  4.23422566e-04  9.74736857e-06 ...  2.16418229e-04
   2.88557836e-04  4.16500018e-05]
 [ 7.56084978e-06  9.74736857e-06  6.48895895e-01 ... -1.55812716e-02
   1.46099405e-03  8.00859935e-03]
 ...
 [-7.27508003e-03  2.16418229e-04 -1.55812716e-02 ...  1.80201864e-03
   5.58137812e-09  2.29128023e-04]
 [-9.70010837e-03  2.88557836e-04  1.46099405e-03 ...  5.58137812e-09
   1.66975589e-03 -2.23008497e-08]
 [-1.40009224e-03  4.16500018e-05  8.00859935e-03 ...  2.29128023e-04
  -2.23008497e-08  2.06661500e-03]]
[[ 1.71319019e-01  2.80739589e-01 -1.62116336e-01 ... -6.89782044e-05
   4.94184557e-01 -8.55712448e-01]
 [-6.66392695e-03 -8.75108711e-03  5.05561330e-03 ... -5.57270448e-05
   3.99134311e-01 -6.90974654e-01]
 [ 1.10507086e-06  2.05462122e-02  3.41153061e-02 ... -2.45709669e-02
   7.23699959e-02  4.13636790e-02]
 ...
 [-1.12724054e-07 -4.35204640e-03  7.48321802e-03 ...  3.42248269e-02
   2.70120176e-02 -1.51646802e-02]
 [-1.49262855e-07 -5.73838990e-03  9.97762844e-03 ... -2.27793710e-02
   3.60160468e-02 -2.02220260e-02]
 [-1.94183796e-08 -6.00506389e-04  1.44014593e-03 ...  4.49773607e-02
   5.19848209e-03 -2.92784360e-03]]
[2. 2. 2. 2. 2. 2. 2. 2. 2. 2. 2. 2. 2. 2. 2. 2. 2. 2. 2. 2. 2. 2. 2. 2.
 2. 2. 2. 2. 2. 2. 2. 2. 0. 0. 0. 0. 0. 0. 0. 0. 0. 0. 0. 0. 0. 0. 0. 0.
 0. 0. 0. 0. 0. 0. 0. 0. 0. 0. 0. 0. 0. 0. 0. 0. 0. 0. 0. 0. 0. 0. 0. 0.
 0. 0. 0. 0. 0. 0. 0. 0. 0. 0. 0. 0. 0. 0. 0. 0. 0. 0. 0. 0. 0. 0. 0. 0.
 0. 0. 0. 0. 0. 0. 0. 0. 0. 0. 0. 0. 0. 0. 0. 0. 0. 0. 0. 0. 0. 0. 0. 0.
 0. 0. 0. 0. 0. 0. 0. 0. 0. 0. 0. 0. 0. 0. 0. 0. 0. 0. 0. 0. 0. 0. 0. 0.
 0. 0. 0. 0. 0. 0. 0. 0. 0. 0. 0. 0. 0. 0. 0. 0. 0. 0. 0. 0. 0. 0. 0. 0.
 0. 0. 0. 0. 0. 0. 0. 0. 0. 0. 0. 0. 0. 0. 0. 0. 0. 0. 0. 0. 0. 0. 0. 0.
 0. 0. 0. 0. 0. 0. 0. 0. 0. 0. 0. 0. 0. 0. 0. 0.]
start SG
end SG -->  0.31421995162963867
    CPU time for vj and vk     15.91 sec, wall time     15.98 sec
E1 = 32.46229603821776  Ecoul = 9.19271532497338  Exc = -26.47411806711178
init E= -87.2900914878094
    CPU time for initialize scf     27.34 sec, wall time     27.45 sec
  HOMO = 0.55224087346897  LUMO = 0.848209156924349
  mo_energy =
[-0.28298707 -0.06900061 -0.06899822 -0.06899637 -0.06899063  0.02794995
  0.0279838   0.02798586  0.02798757  0.04451132  0.04451134  0.04451225
  0.04451407  0.04451462  0.04451917  0.30404082  0.30404172  0.30404183
  0.3041064   0.30410734  0.30411056  0.4405842   0.44058517  0.44058787
  0.44069348  0.44069513  0.44069896  0.44069996  0.44070097  0.55209183
  0.552238    0.55224087  0.84820916  0.84835443  0.84835457  0.87374711
  0.87374721  0.87374824  0.87380599  0.87380611  0.87380679  0.97013975
  0.97013977  0.97014391  0.97026159  0.97026169  0.97028724  0.97028957
  0.97028961  0.99990815  0.99996889  0.99996899  0.99997351  1.18718683
  1.28700144  1.28700145  1.28700389  1.28720685  1.28720952  1.28720953
  1.34842607  1.34866943  1.3486721   1.34867217  1.71497895  1.71537387
  1.71537503  1.71537507  1.72294897  1.72294904  1.7229499   1.72294999
  1.72295213  1.72295228  1.7607513   1.76075141  1.90947627  1.90947629
  1.90947779  1.9096687   1.90967252  1.90967254  1.90970939  1.90970951
  2.04532096  2.04532097  2.04532362  2.0454548   2.04545773  2.04545773
  2.06689503  2.06689629  2.06689633  2.06692941  2.06692949  2.06693004
  2.06709886  2.06709906  2.35053736  2.35053737  2.35053937  2.35055484
  2.35055485  2.35055811  2.41380003  2.41404858  2.41404866  2.47964666
  2.48023947  2.48023971  2.65778594  2.65802097  2.65802139  2.65802149
  2.7950984   2.79509856  2.79510177  2.7953882   2.79539053  2.7953907
  2.90223246  2.90223426  2.90223458  2.90237946  2.93333128  2.93333131
  2.93333625  2.93361029  2.93361041  2.93385799  2.93385805  2.93385926
  2.98261138  2.98261442  2.98261449  2.98278777  2.98278785  2.98279156
  2.98304082  2.98304097  2.98631001  2.9863104   2.98631057  2.98632627
  2.98632736  2.98632751  3.02728699  3.02728717  3.02728847  3.02770791
  3.0277115   3.02771164  3.27514129  3.27604223  3.27604224  3.27604593
  3.43498026  3.43498157  3.43498165  3.43575568  3.43576381  3.43576391
  3.5683669   3.56836706  3.61823599  3.61823622  3.61823841  3.61826158
  3.61826187  3.61858121  3.61858214  3.61858229  3.73794393  3.73834489
  3.73834506  4.51088247  4.51088401  4.51088422  4.51157533  4.5115754
  4.51180717  4.5118074   4.51181053  4.62825499  4.62926938  4.62926976
  4.72993283  4.72993358  4.72993386  4.73037124  4.7303728   4.73037312
  8.6879375   9.01682099  9.02903642  9.02928498  9.02958047  9.02958051
  9.02967728  9.02967737  9.02984038  9.02984039  9.03084114  9.03150981
  9.07473443  9.07473457  9.07490108  9.07531951]
nelec by numeric integration = 63.99999999931137
    CPU time for vxc      4.68 sec, wall time      4.69 sec
~/packages/PeriodicIntegrals/PeriodicIntegrals-junjie-benchmark/isdfx/isdfx.py +4733
[[ 5.26863283e-01 -1.41856919e-02 -1.09996333e-05 ... -7.27808676e-03
  -9.70369237e-03 -1.40236202e-03]
 [-1.41856919e-02  4.23287297e-04  7.26618416e-06 ...  2.16548258e-04
   2.88772507e-04  4.16378122e-05]
 [-1.09996333e-05  7.26618416e-06  6.48888093e-01 ... -1.55862250e-02
   1.45365487e-03  8.00494265e-03]
 ...
 [-7.27808676e-03  2.16548258e-04 -1.55862250e-02 ...  1.80274110e-03
   7.03512742e-07  2.29253032e-04]
 [-9.70369237e-03  2.88772507e-04  1.45365487e-03 ...  7.03512742e-07
   1.66986553e-03  2.30522578e-07]
 [-1.40236202e-03  4.16378122e-05  8.00494265e-03 ...  2.29253032e-04
   2.30522578e-07  2.06703788e-03]]
[[ 1.71317324e-01  1.06812322e-02  5.63322612e-03 ...  3.60032767e-05
   4.95629188e-01 -8.57951554e-01]
 [-6.66297745e-03 -3.32415323e-04 -1.75322397e-04 ...  2.91984917e-05
   4.00789827e-01 -6.93534938e-01]
 [-1.33757667e-06 -6.65093143e-02  3.04967164e-02 ... -2.47007465e-02
   7.23935071e-02  4.13244959e-02]
 ...
 [-1.68389144e-06  4.99966840e-03 -1.11592116e-02 ...  3.42826395e-02
   2.70263461e-02 -1.52425959e-02]
 [-5.72115294e-06 -3.66798674e-03  7.26530732e-03 ... -2.28209112e-02
   3.60834348e-02 -2.03261143e-02]
 [-1.18056293e-07 -1.37886187e-02 -9.02865933e-03 ...  4.49724765e-02
   5.21998311e-03 -2.94295851e-03]]
[2. 2. 2. 2. 2. 2. 2. 2. 2. 2. 2. 2. 2. 2. 2. 2. 2. 2. 2. 2. 2. 2. 2. 2.
 2. 2. 2. 2. 2. 2. 2. 2. 0. 0. 0. 0. 0. 0. 0. 0. 0. 0. 0. 0. 0. 0. 0. 0.
 0. 0. 0. 0. 0. 0. 0. 0. 0. 0. 0. 0. 0. 0. 0. 0. 0. 0. 0. 0. 0. 0. 0. 0.
 0. 0. 0. 0. 0. 0. 0. 0. 0. 0. 0. 0. 0. 0. 0. 0. 0. 0. 0. 0. 0. 0. 0. 0.
 0. 0. 0. 0. 0. 0. 0. 0. 0. 0. 0. 0. 0. 0. 0. 0. 0. 0. 0. 0. 0. 0. 0. 0.
 0. 0. 0. 0. 0. 0. 0. 0. 0. 0. 0. 0. 0. 0. 0. 0. 0. 0. 0. 0. 0. 0. 0. 0.
 0. 0. 0. 0. 0. 0. 0. 0. 0. 0. 0. 0. 0. 0. 0. 0. 0. 0. 0. 0. 0. 0. 0. 0.
 0. 0. 0. 0. 0. 0. 0. 0. 0. 0. 0. 0. 0. 0. 0. 0. 0. 0. 0. 0. 0. 0. 0. 0.
 0. 0. 0. 0. 0. 0. 0. 0. 0. 0. 0. 0. 0. 0. 0. 0.]
start SG
end SG -->  0.32004451751708984
    CPU time for vj and vk     15.81 sec, wall time     15.88 sec
E1 = 32.46195400828191  Ecoul = 9.193236030916722  Exc = -26.4742970964553
cycle= 1 E= -87.2900918411454  delta_E= -3.53e-07  |g|= 9.99e-05  |ddm|= 0.000952
    CPU time for cycle= 1     20.50 sec, wall time     20.58 sec
  HOMO = 0.552250978488026  LUMO = 0.848219764655199
  mo_energy =
[-0.28298082 -0.06899136 -0.06899015 -0.06898979 -0.06898832  0.02795446
  0.02799052  0.02799094  0.0279929   0.04451709  0.04451941  0.04451985
  0.04452019  0.04452115  0.04452276  0.30404348  0.30404889  0.30404936
  0.30411273  0.30411429  0.30412129  0.44058547  0.44059286  0.44059415
  0.44070107  0.44070319  0.44070836  0.44071002  0.44071239  0.55209615
  0.55224835  0.55225098  0.84821976  0.8483594   0.84835953  0.87375341
  0.87375417  0.87375427  0.8738086   0.87380939  0.87380999  0.97014882
  0.97015199  0.97015231  0.97026673  0.97026702  0.97029265  0.9702933
  0.9702953   0.99992161  0.99997363  0.99997726  0.99997757  1.18719765
  1.28701291  1.2870163   1.2870168   1.2872167   1.2872175   1.28721917
  1.34843803  1.34868132  1.34868219  1.34868474  1.71498554  1.7153837
  1.71538398  1.71538661  1.72295896  1.72295947  1.72296088  1.72296126
  1.72296224  1.72296389  1.76075584  1.76075591  1.90948326  1.90948403
  1.90948515  1.90968086  1.90968139  1.90968173  1.90971552  1.90971593
  2.04532533  2.04532778  2.04532805  2.04546139  2.04546169  2.04546408
  2.06689778  2.06689802  2.06690109  2.06693418  2.06693673  2.06693739
  2.06710449  2.06710476  2.35054153  2.35054187  2.35054783  2.35055877
  2.35055925  2.3505659   2.41381253  2.41405394  2.41405417  2.47965664
  2.48024968  2.48025006  2.65779542  2.65802499  2.65802527  2.65802818
  2.79510816  2.79511048  2.7951112   2.79539782  2.7953985   2.79540143
  2.90224231  2.90224286  2.90224341  2.90238843  2.93334142  2.93334526
  2.93334575  2.93361983  2.93362005  2.93386573  2.93386636  2.93387224
  2.98261805  2.98262448  2.98262469  2.98279227  2.98279272  2.98279966
  2.98305028  2.98305055  2.9863187   2.98631941  2.98631967  2.98633245
  2.98633279  2.98633344  3.02729392  3.02729726  3.02729781  3.02771742
  3.02771785  3.02771804  3.27515229  3.27605101  3.27605118  3.27605144
  3.43498855  3.43498865  3.43498927  3.43576671  3.43577179  3.43577226
  3.5683746   3.56837487  3.61824343  3.6182435   3.61824629  3.61826839
  3.61826859  3.61858861  3.61858925  3.61859321  3.7379524   3.73835393
  3.73835427  4.51088625  4.51089674  4.51089716  4.51158189  4.51158201
  4.51181339  4.51181394  4.51182259  4.62826596  4.62927733  4.62927775
  4.72993913  4.72994495  4.72994551  4.73037842  4.7303791   4.73038189
  8.68796059  9.01684459  9.02905333  9.02930914  9.02961376  9.02961806
  9.02970501  9.02970642  9.02986185  9.02986417  9.03084863  9.03151199
  9.07476188  9.07476362  9.07492335  9.07532847]
nelec by numeric integration = 63.999999999311385
    CPU time for vxc      4.72 sec, wall time      4.74 sec
~/packages/PeriodicIntegrals/PeriodicIntegrals-junjie-benchmark/isdfx/isdfx.py +4733
[[ 5.26865476e-01 -1.41854152e-02 -1.05946017e-05 ... -7.27820232e-03
  -9.70408443e-03 -1.40258422e-03]
 [-1.41854152e-02  4.23270889e-04  7.06423390e-06 ...  2.16549784e-04
   2.88772671e-04  4.16333135e-05]
 [-1.05946017e-05  7.06423390e-06  6.48897742e-01 ... -1.55863631e-02
   1.45336217e-03  8.00474397e-03]
 ...
 [-7.27820232e-03  2.16549784e-04 -1.55863631e-02 ...  1.80276054e-03
   7.20330336e-07  2.29311283e-04]
 [-9.70408443e-03  2.88772671e-04  1.45336217e-03 ...  7.20330336e-07
   1.66995455e-03  2.31407310e-07]
 [-1.40258422e-03  4.16333135e-05  8.00474397e-03 ...  2.29311283e-04
   2.31407310e-07  2.06707111e-03]]
[[ 1.71317192e-01  2.66167149e-01 -9.52477826e-02 ...  1.84126557e-04
   4.95792866e-01 -8.57851668e-01]
 [-6.66289668e-03 -8.29535178e-03  2.96886489e-03 ...  1.48422331e-04
   4.00903897e-01 -6.93452943e-01]
 [-3.60864126e-07 -6.84673484e-03 -7.43175953e-02 ... -3.83125141e-02
   7.23093319e-02  4.14797176e-02]
 ...
 [-1.61303831e-06 -2.82948549e-03  7.21938886e-03 ...  3.66974687e-02
   2.70491893e-02 -1.52507285e-02]
 [-5.68654174e-06 -6.69163824e-03 -2.37392369e-03 ... -2.44336195e-02
   3.60806770e-02 -2.03057653e-02]
 [-7.26581768e-08 -6.34166195e-03 -1.14480959e-02 ...  4.12549699e-02
   5.21160451e-03 -2.88916656e-03]]
[2. 2. 2. 2. 2. 2. 2. 2. 2. 2. 2. 2. 2. 2. 2. 2. 2. 2. 2. 2. 2. 2. 2. 2.
 2. 2. 2. 2. 2. 2. 2. 2. 0. 0. 0. 0. 0. 0. 0. 0. 0. 0. 0. 0. 0. 0. 0. 0.
 0. 0. 0. 0. 0. 0. 0. 0. 0. 0. 0. 0. 0. 0. 0. 0. 0. 0. 0. 0. 0. 0. 0. 0.
 0. 0. 0. 0. 0. 0. 0. 0. 0. 0. 0. 0. 0. 0. 0. 0. 0. 0. 0. 0. 0. 0. 0. 0.
 0. 0. 0. 0. 0. 0. 0. 0. 0. 0. 0. 0. 0. 0. 0. 0. 0. 0. 0. 0. 0. 0. 0. 0.
 0. 0. 0. 0. 0. 0. 0. 0. 0. 0. 0. 0. 0. 0. 0. 0. 0. 0. 0. 0. 0. 0. 0. 0.
 0. 0. 0. 0. 0. 0. 0. 0. 0. 0. 0. 0. 0. 0. 0. 0. 0. 0. 0. 0. 0. 0. 0. 0.
 0. 0. 0. 0. 0. 0. 0. 0. 0. 0. 0. 0. 0. 0. 0. 0. 0. 0. 0. 0. 0. 0. 0. 0.
 0. 0. 0. 0. 0. 0. 0. 0. 0. 0. 0. 0. 0. 0. 0. 0.]
start SG
end SG -->  0.32683300971984863
    CPU time for vj and vk     15.74 sec, wall time     15.81 sec
E1 = 32.462000763486685  Ecoul = 9.193167758002875  Exc = -26.474275580142976
cycle= 2 E= -87.2900918425422  delta_E= -1.4e-09  |g|= 6.72e-05  |ddm|= 0.000118
    CPU time for cycle= 2     20.48 sec, wall time     20.56 sec
  HOMO = 0.552249958411198  LUMO = 0.848218953946774
  mo_energy =
[-0.28298166 -0.06899563 -0.06899372 -0.06899073 -0.06898308  0.02795374
  0.02798855  0.0279913   0.02799237  0.04451597  0.04451648  0.04451697
  0.04451905  0.0445215   0.04452543  0.30404577  0.30404602  0.30404697
  0.30411381  0.30411475  0.3041172   0.44058715  0.44058823  0.44059333
  0.44070216  0.44070393  0.44070735  0.44070783  0.44070909  0.55209476
  0.55224727  0.55224996  0.84821895  0.8483584   0.84835853  0.87375274
  0.87375287  0.87375433  0.87380763  0.87380841  0.87380969  0.97014828
  0.97014836  0.97015394  0.97026575  0.97026598  0.97028993  0.97029405
  0.97029429  0.99992073  0.99997267  0.99997292  0.99997938  1.18719615
  1.28701253  1.28701276  1.28701625  1.28721306  1.28721756  1.28721786
  1.34843641  1.34867864  1.34868203  1.34868263  1.71498404  1.71538227
  1.71538406  1.71538436  1.72295727  1.72295774  1.72295948  1.7229597
  1.72296104  1.72296242  1.76075527  1.76075534  1.9094821   1.90948254
  1.90948435  1.90967687  1.90968183  1.90968216  1.90971436  1.90971472
  2.04532496  2.04532503  2.04532881  2.04545893  2.04546288  2.04546321
  2.0668967   2.06689888  2.06689912  2.06693471  2.0669351   2.06693656
  2.0671039   2.06710415  2.35054264  2.35054277  2.35054365  2.35055985
  2.35056003  2.35056193  2.41381166  2.41405281  2.41405303  2.47965517
  2.48024824  2.48024861  2.65779472  2.65802449  2.65802556  2.65802579
  2.7951068   2.79510719  2.79511169  2.79539514  2.79539904  2.79539938
  2.90224016  2.90224208  2.90224265  2.90238723  2.93334026  2.93334039
  2.93334751  2.93361838  2.93361861  2.9338663   2.93386677  2.933867
  2.98261991  2.98262206  2.9826222   2.9827928   2.98279295  2.98279532
  2.98304923  2.98304949  2.98631805  2.98631832  2.98631859  2.98633137
  2.98633185  2.98633226  3.02729431  3.0272947   3.02729678  3.02771316
  3.02771829  3.02771844  3.27515118  3.27604831  3.27604857  3.27605309
  3.43498642  3.43498825  3.43498831  3.43576372  3.43577177  3.43577205
  3.56837356  3.56837383  3.61824244  3.61824257  3.61824498  3.6182673
  3.6182675   3.61858769  3.61859002  3.61859032  3.73795111  3.73835269
  3.73835301  4.51089195  4.51089211  4.51089275  4.51158064  4.51158076
  4.51181474  4.51181503  4.51181657  4.62826481  4.62927603  4.62927645
  4.72994175  4.72994196  4.72994238  4.73037647  4.73037941  4.73037982
  8.68795734  9.01684034  9.0290613   9.02930584  9.02959722  9.02959831
  9.02969459  9.02969515  9.02985944  9.02985974  9.03086057  9.03152927
  9.07475177  9.07475262  9.07492071  9.07534081]
nelec by numeric integration = 63.99999999931137
    CPU time for vxc      4.81 sec, wall time      4.83 sec
~/packages/PeriodicIntegrals/PeriodicIntegrals-junjie-benchmark/isdfx/isdfx.py +4733
[[ 5.26856441e-01 -1.41844905e-02 -1.05640009e-05 ... -7.27802394e-03
  -9.70380122e-03 -1.40251945e-03]
 [-1.41844905e-02  4.23230787e-04  7.05354227e-06 ...  2.16533658e-04
   2.88755852e-04  4.16316135e-05]
 [-1.05640009e-05  7.05354227e-06  6.48881877e-01 ... -1.55858664e-02
   1.45351489e-03  8.00464764e-03]
 ...
 [-7.27802394e-03  2.16533658e-04 -1.55858664e-02 ...  1.80273018e-03
   6.79593918e-07  2.29292477e-04]
 [-9.70380122e-03  2.88755852e-04  1.45351489e-03 ...  6.79593918e-07
   1.66986924e-03  2.41543394e-07]
 [-1.40251945e-03  4.16316135e-05  8.00464764e-03 ...  2.29292477e-04
   2.41543394e-07  2.06705072e-03]]
[[ 1.71315646e-01  7.68913782e-03  3.94525882e-03 ... -8.06302662e-05
   4.95660329e-01 -8.58043591e-01]
 [-6.66276654e-03 -2.39135253e-04 -1.22701317e-04 ... -6.51008805e-05
   4.00826062e-01 -6.93619405e-01]
 [-1.32957203e-06 -6.67377061e-02  3.00287734e-02 ...  6.11342694e-02
   7.24063200e-02  4.13837187e-02]
 ...
 [-1.68043815e-06  5.09477955e-03 -1.11269420e-02 ... -4.01961549e-02
   2.70236387e-02 -1.52571681e-02]
 [-5.69162267e-06 -3.61711859e-03  7.27286852e-03 ...  2.67581720e-02
   3.60862333e-02 -2.03235544e-02]
 [-6.16211126e-08 -1.37521114e-02 -9.07775363e-03 ... -3.40231156e-02
   5.22208667e-03 -2.92730991e-03]]
[2. 2. 2. 2. 2. 2. 2. 2. 2. 2. 2. 2. 2. 2. 2. 2. 2. 2. 2. 2. 2. 2. 2. 2.
 2. 2. 2. 2. 2. 2. 2. 2. 0. 0. 0. 0. 0. 0. 0. 0. 0. 0. 0. 0. 0. 0. 0. 0.
 0. 0. 0. 0. 0. 0. 0. 0. 0. 0. 0. 0. 0. 0. 0. 0. 0. 0. 0. 0. 0. 0. 0. 0.
 0. 0. 0. 0. 0. 0. 0. 0. 0. 0. 0. 0. 0. 0. 0. 0. 0. 0. 0. 0. 0. 0. 0. 0.
 0. 0. 0. 0. 0. 0. 0. 0. 0. 0. 0. 0. 0. 0. 0. 0. 0. 0. 0. 0. 0. 0. 0. 0.
 0. 0. 0. 0. 0. 0. 0. 0. 0. 0. 0. 0. 0. 0. 0. 0. 0. 0. 0. 0. 0. 0. 0. 0.
 0. 0. 0. 0. 0. 0. 0. 0. 0. 0. 0. 0. 0. 0. 0. 0. 0. 0. 0. 0. 0. 0. 0. 0.
 0. 0. 0. 0. 0. 0. 0. 0. 0. 0. 0. 0. 0. 0. 0. 0. 0. 0. 0. 0. 0. 0. 0. 0.
 0. 0. 0. 0. 0. 0. 0. 0. 0. 0. 0. 0. 0. 0. 0. 0.]
start SG
end SG -->  0.32489705085754395
    CPU time for vj and vk     15.74 sec, wall time     15.81 sec
E1 = 32.46199370084207  Ecoul = 9.193178280451528  Exc = -26.474279039424136
Extra cycle  E= -87.2900918420193  delta_E= 5.23e-10  |g|= 8.25e-05  |ddm|= 0.000116
    CPU time for scf_cycle     88.89 sec, wall time     89.25 sec
    CPU time for SCF     89.17 sec, wall time     89.54 sec
converged SCF energy = -87.2900918420193
Successfully saved all results to /central/scratch/yangjunjie//run-scf-spc-diamond-prim-2-2-2-fftisdf-ks-1-100-rcut_epsilon-1e-05-ke_epsilon-0.05-isdf_thresh-0.0005/48068308/scf.h5
