SLURMD_NODENAME = hpc-21-35
Start time = Wed Mar 19 04:23:52 PM PDT 2025
OMP_NUM_THREADS = 1
MKL_NUM_THREADS = 1
PYSCF_MAX_MEMORY = 409600
TMPDIR = /central/scratch/yangjunjie//run-scf-spc-diamond-conv-1-1-1-fftdf-occri-1-100-/48098899/
PYSCF_TMPDIR = /central/scratch/yangjunjie//run-scf-spc-diamond-conv-1-1-1-fftdf-occri-1-100-/48098899/

/home/junjiey/anaconda3/envs/fftisdf/bin/python
2.8.0
1.13.1
2.0.2
fft_engine = NUMPY+BLAS
name = diamond-conv
ke_cutoff =  1.00e+02
exxdiv = None
df = fftdf-occri
chk_path = ../../gdf-64/tmp/scf.h5
mesh = 1,1,1

Discarded 24 diffused primitive functions, 0 contracted functions
ke_cutoff = 100.0
None

******** <class 'ISDFX'> ********
lin_dep_thresh: 1e-10
alpha_cutoff: 2.8
rcut_epsilon: 1e-05
ke_epsilon: 1e-05
isdf_thresh: 0.0001
grid_vol_cutoff: 0.05
ke_step: 2.0
ao_tol: 1e-12
multigrid_on: False
direct_j: True
iterative_build: True
occRI: True
voronoi: True
fit_sparse_grid: False
fit_dense_grid: False
direct_k_sparse: True
direct_k: False
use_kpt_symm: False
kmesh: [1, 1, 1]
isdf_pts_from_q0: True
isdf_pts_from_gamma_point: False
alpha: None
do_real_isdf: False
N_xi: None
use_cell_periodic: False
isdf_thresh_sparse: None
ncopy: [1, 1, 1]
j_grid_mesh: None
k_grid_mesh: None
num_j_grids: 100
get_ao_from_pyscf: False
nuc_pp_version: 0
vppnl_ver: 0
universal_dense_grid: None
same_jk_grids: None
coulomb_only: False
max_memory   409600 MB (current use       90 MB)

Exchange function: getK_occRI  

cell mesh: [33 33 33]
nbas:  96
Grid     keMax    keMin    keGrid   expMax   expMin   nexp     lmax     PWs      mesh        
0        100.0    100.0    100.0    5.6      0.3      4        2        35937    [33 33 33]  

ISDF

atm      grid     Ng       NI       Nxi      sharp    on_grid  diffuse  maxexp   minexp   lmax     lmin    
-        1        35937    35937    35937    288      288      288      5.61     0.35     2        0       
ISDF-pts:       0.00
ISDF-vec:       0.00
Fit dense grids ISDF:       0.00
Fit sparse grids ISDF:       0.00

Grid     PWs      Ng_i     N_xi     N_mu    
0        35937    35937    35937    288     
1        35937    35937    35937    288     

nTHC: 71874
Mem Required (MB):       0.00
Curent RAM Use (MB) :        182 

Build W
ISDF-fft dense grids (sec):       0.00
Curent RAM Use (MB) :        182 
ISDF-fft:       0.00

Initial guess from minao.
Big error detected in the electron number of initial guess density matrix (Ne/cell = 31.9898)!
  This can cause huge error in Fock matrix and lead to instability in SCF for low-dimensional systems.
  DM is normalized wrt the number of electrons 32
Successfully loaded dm0 from ../../gdf-64/tmp/scf.h5
Successfully loaded h1e and s1e from ../../gdf-64/tmp/scf.h5
~/packages/PeriodicIntegrals/PeriodicIntegrals-junjie-benchmark/isdfx/isdfx.py +4733
[[ 5.38614370e-01 -1.50633325e-02 -1.38088700e-10 ...  2.03651275e-06
   6.10606872e-03  7.90547037e-13]
 [-1.50633325e-02  4.39251350e-04  7.08940027e-12 ... -5.07444375e-08
  -1.52141668e-04 -4.13526927e-14]
 [-1.38088700e-10  7.08940027e-12  6.47441210e-01 ...  2.21852154e-03
  -1.53611402e-03 -3.84850915e-03]
 ...
 [ 2.03651275e-06 -5.07444375e-08  2.21852154e-03 ...  2.61686732e-04
   6.27410991e-08 -9.56579945e-15]
 [ 6.10606872e-03 -1.52141668e-04 -1.53611402e-03 ...  6.27410991e-08
   2.24296688e-03  1.08670819e-07]
 [ 7.90547037e-13 -4.13526927e-14 -3.84850915e-03 ... -9.56579945e-15
   1.08670819e-07  2.61686732e-04]]
[[ 2.42245902e-01 -1.52984567e-01 -5.85991709e-07 ... -1.76275652e-08
  -4.42936099e-01  1.44593425e+00]
 [-9.42629767e-03  3.81141176e-03  1.45893293e-08 ... -1.75289586e-08
  -4.07304030e-01  1.32961583e+00]
 [ 1.54482824e-11  5.31639720e-07 -1.18991499e-01 ...  5.36005452e-02
   5.03972825e-11  1.02676674e-10]
 ...
 [-6.10676715e-12  3.55441815e-10  1.17944720e-03 ... -1.59699511e-05
  -3.58310075e-06  1.16967845e-05]
 [ 6.11259860e-08 -6.65319911e-03  5.81353136e-07 ...  1.00183704e-04
   8.59264029e-02 -1.97879073e-02]
 [ 2.02375181e-12 -1.01463572e-09 -5.07643874e-04 ... -2.52301093e-05
  -1.16967812e-05 -3.58309898e-06]]
[2. 2. 2. 2. 2. 2. 2. 2. 2. 2. 2. 2. 2. 2. 2. 2. 0. 0. 0. 0. 0. 0. 0. 0.
 0. 0. 0. 0. 0. 0. 0. 0. 0. 0. 0. 0. 0. 0. 0. 0. 0. 0. 0. 0. 0. 0. 0. 0.
 0. 0. 0. 0. 0. 0. 0. 0. 0. 0. 0. 0. 0. 0. 0. 0. 0. 0. 0. 0. 0. 0. 0. 0.
 0. 0. 0. 0. 0. 0. 0. 0. 0. 0. 0. 0. 0. 0. 0. 0. 0. 0. 0. 0. 0. 0. 0. 0.
 0. 0. 0. 0. 0. 0. 0. 0.]
~/packages/PeriodicIntegrals/PeriodicIntegrals-junjie-benchmark/isdfx/isdfx.py +4733
[[ 5.38614370e-01 -1.50633325e-02 -1.38088700e-10 ...  2.03651275e-06
   6.10606872e-03  7.90547037e-13]
 [-1.50633325e-02  4.39251350e-04  7.08940027e-12 ... -5.07444375e-08
  -1.52141668e-04 -4.13526927e-14]
 [-1.38088700e-10  7.08940027e-12  6.47441210e-01 ...  2.21852154e-03
  -1.53611402e-03 -3.84850915e-03]
 ...
 [ 2.03651275e-06 -5.07444375e-08  2.21852154e-03 ...  2.61686732e-04
   6.27410991e-08 -9.56579945e-15]
 [ 6.10606872e-03 -1.52141668e-04 -1.53611402e-03 ...  6.27410991e-08
   2.24296688e-03  1.08670819e-07]
 [ 7.90547037e-13 -4.13526927e-14 -3.84850915e-03 ... -9.56579945e-15
   1.08670819e-07  2.61686732e-04]]
[[ 2.42245902e-01 -1.52984567e-01 -5.85991709e-07 ... -1.76275652e-08
  -4.42936099e-01  1.44593425e+00]
 [-9.42629767e-03  3.81141176e-03  1.45893293e-08 ... -1.75289586e-08
  -4.07304030e-01  1.32961583e+00]
 [ 1.54482824e-11  5.31639720e-07 -1.18991499e-01 ...  5.36005452e-02
   5.03972825e-11  1.02676674e-10]
 ...
 [-6.10676715e-12  3.55441815e-10  1.17944720e-03 ... -1.59699511e-05
  -3.58310075e-06  1.16967845e-05]
 [ 6.11259860e-08 -6.65319911e-03  5.81353136e-07 ...  1.00183704e-04
   8.59264029e-02 -1.97879073e-02]
 [ 2.02375181e-12 -1.01463572e-09 -5.07643874e-04 ... -2.52301093e-05
  -1.16967812e-05 -3.58309898e-06]]
[2. 2. 2. 2. 2. 2. 2. 2. 2. 2. 2. 2. 2. 2. 2. 2. 0. 0. 0. 0. 0. 0. 0. 0.
 0. 0. 0. 0. 0. 0. 0. 0. 0. 0. 0. 0. 0. 0. 0. 0. 0. 0. 0. 0. 0. 0. 0. 0.
 0. 0. 0. 0. 0. 0. 0. 0. 0. 0. 0. 0. 0. 0. 0. 0. 0. 0. 0. 0. 0. 0. 0. 0.
 0. 0. 0. 0. 0. 0. 0. 0. 0. 0. 0. 0. 0. 0. 0. 0. 0. 0. 0. 0. 0. 0. 0. 0.
 0. 0. 0. 0. 0. 0. 0. 0.]
start SG
end SG -->  0.40363240242004395


******** <class 'pyscf.pbc.dft.rks.RKS'> ********
method = RKS
initial guess = minao
damping factor = 0
level_shift factor = 0
DIIS = <class 'pyscf.scf.diis.CDIIS'>
diis_start_cycle = 1
diis_space = 8
diis_damp = 0
SCF conv_tol = 1e-08
SCF conv_tol_grad = None
SCF max_cycles = 50
direct_scf = True
direct_scf_tol = 1e-13
chkfile to save SCF result = /central/scratch/yangjunjie/run-scf-spc-diamond-conv-1-1-1-fftdf-occri-1-100-/48098899/tmpa1hu43in
max_memory 409600 MB (current use 196 MB)
******** PBC SCF flags ********
kpt = [0. 0. 0.]
Exchange divergence treatment (exxdiv) = None
DF object = <isdfx.isdfx.ISDFX object at 0x7f319170e3a0>
XC functionals = PBE0
small_rho_cutoff = 1e-07
Overwritten attributes  get_ovlp get_hcore  of <class 'pyscf.pbc.dft.rks.RKS'>
Set gradient conv threshold to 0.0001
nelec by numeric integration = 31.99999999816238
    CPU time for vxc      1.26 sec, wall time      1.26 sec
~/packages/PeriodicIntegrals/PeriodicIntegrals-junjie-benchmark/isdfx/isdfx.py +4733
[[ 5.38614370e-01 -1.50633325e-02 -1.38088700e-10 ...  2.03651275e-06
   6.10606872e-03  7.90547037e-13]
 [-1.50633325e-02  4.39251350e-04  7.08940027e-12 ... -5.07444375e-08
  -1.52141668e-04 -4.13526927e-14]
 [-1.38088700e-10  7.08940027e-12  6.47441210e-01 ...  2.21852154e-03
  -1.53611402e-03 -3.84850915e-03]
 ...
 [ 2.03651275e-06 -5.07444375e-08  2.21852154e-03 ...  2.61686732e-04
   6.27410991e-08 -9.56579945e-15]
 [ 6.10606872e-03 -1.52141668e-04 -1.53611402e-03 ...  6.27410991e-08
   2.24296688e-03  1.08670819e-07]
 [ 7.90547037e-13 -4.13526927e-14 -3.84850915e-03 ... -9.56579945e-15
   1.08670819e-07  2.61686732e-04]]
[[ 2.42245902e-01 -1.52984567e-01 -5.85991709e-07 ... -1.76275652e-08
  -4.42936099e-01  1.44593425e+00]
 [-9.42629767e-03  3.81141176e-03  1.45893293e-08 ... -1.75289586e-08
  -4.07304030e-01  1.32961583e+00]
 [ 1.54482824e-11  5.31639720e-07 -1.18991499e-01 ...  5.36005452e-02
   5.03972825e-11  1.02676674e-10]
 ...
 [-6.10676715e-12  3.55441815e-10  1.17944720e-03 ... -1.59699511e-05
  -3.58310075e-06  1.16967845e-05]
 [ 6.11259860e-08 -6.65319911e-03  5.81353136e-07 ...  1.00183704e-04
   8.59264029e-02 -1.97879073e-02]
 [ 2.02375181e-12 -1.01463572e-09 -5.07643874e-04 ... -2.52301093e-05
  -1.16967812e-05 -3.58309898e-06]]
[2. 2. 2. 2. 2. 2. 2. 2. 2. 2. 2. 2. 2. 2. 2. 2. 0. 0. 0. 0. 0. 0. 0. 0.
 0. 0. 0. 0. 0. 0. 0. 0. 0. 0. 0. 0. 0. 0. 0. 0. 0. 0. 0. 0. 0. 0. 0. 0.
 0. 0. 0. 0. 0. 0. 0. 0. 0. 0. 0. 0. 0. 0. 0. 0. 0. 0. 0. 0. 0. 0. 0. 0.
 0. 0. 0. 0. 0. 0. 0. 0. 0. 0. 0. 0. 0. 0. 0. 0. 0. 0. 0. 0. 0. 0. 0. 0.
 0. 0. 0. 0. 0. 0. 0. 0.]
start SG
end SG -->  0.41382789611816406
    CPU time for vj and vk      1.21 sec, wall time      1.21 sec
E1 = 16.309618171615103  Ecoul = 4.645155948236071  Exc = -12.983175128873002
init E= -43.263893400966
    CPU time for initialize scf      2.47 sec, wall time      2.48 sec
  HOMO = 0.569499943924555  LUMO = 0.849423294587478
  mo_energy =
[-0.26074638  0.06385218  0.06385218  0.0638525   0.0638525   0.0638525
  0.06385488  0.32173024  0.32173024  0.32173024  0.32177378  0.32177378
  0.32177378  0.56949994  0.56949994  0.56949994  0.84942329  0.84942329
  0.84942329  0.87505057  0.87505057  0.87505058  0.87505082  0.87505082
  0.87505121  1.18886633  1.28869812  1.28869812  1.28869812  1.28881152
  1.28881152  1.28881152  1.72495793  1.72495793  1.72496382  1.72496382
  1.72496382  1.72497298  1.76166434  1.76166434  2.04661006  2.04661006
  2.04661006  2.04666487  2.04666487  2.04666487  2.3515461   2.3515461
  2.35155542  2.35155542  2.35155542  2.35157935  2.41507108  2.41507108
  2.41507108  2.48162078  2.48162078  2.48162078  2.79655082  2.79655082
  2.79655082  2.79676533  2.79676533  2.79676533  2.98804347  2.98804347
  2.98804347  2.98804349  2.98804465  2.98804465  3.02872519  3.02872519
  3.02872519  3.02883125  3.02883125  3.02883125  3.43659873  3.43661161
  3.43661161  3.43661161  3.43661776  3.43661776  3.56950432  3.56950432
  3.73931659  3.73931659  3.73931659  4.63044654  4.63044654  4.63044654
  4.73150536  4.73150536  4.73150536  4.73168157  4.73168157  4.73168157
  8.68887253  9.01398212  9.02568033  9.03092226  9.03092226  9.03092226
  9.03507596  9.03507596]
nelec by numeric integration = 31.999999998162327
    CPU time for vxc      1.19 sec, wall time      1.19 sec
~/packages/PeriodicIntegrals/PeriodicIntegrals-junjie-benchmark/isdfx/isdfx.py +4733
[[ 5.38622537e-01 -1.50642155e-02 -1.14999549e-10 ...  2.77141848e-06
   6.10622819e-03  1.05681121e-12]
 [-1.50642155e-02  4.39292673e-04  5.33723694e-12 ... -6.90617371e-08
  -1.52148918e-04 -4.75700184e-14]
 [-1.14999549e-10  5.33723694e-12  6.47449190e-01 ...  2.21742308e-03
  -1.53583240e-03 -3.84839842e-03]
 ...
 [ 2.77141848e-06 -6.90617371e-08  2.21742308e-03 ...  2.61689114e-04
   1.09903604e-07 -9.01145989e-15]
 [ 6.10622819e-03 -1.52148918e-04 -1.53583240e-03 ...  1.09903604e-07
   2.24300831e-03  1.90358672e-07]
 [ 1.05681121e-12 -4.75700184e-14 -3.84839842e-03 ... -9.01145989e-15
   1.90358672e-07  2.61689115e-04]]
[[ 2.42254478e-01  3.80571801e-01 -2.05886500e-01 ... -2.62958526e-09
  -7.31079904e-01  1.32324237e+00]
 [-9.42668731e-03 -9.48368307e-03  5.13060167e-03 ... -2.42322887e-09
  -6.72544472e-01  1.21729422e+00]
 [-3.43156540e-11 -1.04337022e-05 -5.86091426e-06 ... -1.04339313e-02
  -1.84586452e-10  3.49009912e-11]
 ...
 [-6.11895904e-12  2.15959623e-06 -1.15027533e-06 ... -2.44174431e-02
  -5.96158859e-06  1.07903755e-05]
 [ 3.70211061e-07  2.60547012e-04 -9.40437590e-03 ... -5.03772775e-05
  -4.55001076e-02 -7.54867536e-02]
 [ 2.05325009e-12 -1.15319886e-06 -2.17270109e-06 ... -1.90476325e-02
   1.07903720e-05  5.96158750e-06]]
[2. 2. 2. 2. 2. 2. 2. 2. 2. 2. 2. 2. 2. 2. 2. 2. 0. 0. 0. 0. 0. 0. 0. 0.
 0. 0. 0. 0. 0. 0. 0. 0. 0. 0. 0. 0. 0. 0. 0. 0. 0. 0. 0. 0. 0. 0. 0. 0.
 0. 0. 0. 0. 0. 0. 0. 0. 0. 0. 0. 0. 0. 0. 0. 0. 0. 0. 0. 0. 0. 0. 0. 0.
 0. 0. 0. 0. 0. 0. 0. 0. 0. 0. 0. 0. 0. 0. 0. 0. 0. 0. 0. 0. 0. 0. 0. 0.
 0. 0. 0. 0. 0. 0. 0. 0.]
start SG
end SG -->  0.4168686866760254
    CPU time for vj and vk      1.21 sec, wall time      1.21 sec
E1 = 16.30961847120186  Ecoul = 4.645154614684078  Exc = -12.983174093725001
cycle= 1 E= -43.2638933997833  delta_E= 1.18e-09  |g|= 0.000117  |ddm|= 0.000165
    CPU time for cycle= 1      2.41 sec, wall time      2.42 sec
  HOMO = 0.569499929183295  LUMO = 0.849423283404865
  mo_energy =
[-0.2607464   0.06383363  0.0638529   0.0638529   0.0638529   0.06386217
  0.06386217  0.32173857  0.32173857  0.32173857  0.32176539  0.32176539
  0.32176539  0.56949993  0.56949993  0.56949993  0.84942328  0.84942328
  0.84942328  0.87504623  0.87505075  0.87505075  0.87505075  0.87505299
  0.87505299  1.1888663   1.28870725  1.28870725  1.28870725  1.28880234
  1.28880234  1.28880234  1.72496046  1.72496046  1.72496155  1.72496155
  1.72496155  1.72497455  1.76166431  1.76166431  2.04661858  2.04661858
  2.04661858  2.04665634  2.04665634  2.04665634  2.35153792  2.35153792
  2.35155692  2.35155692  2.35155692  2.35159101  2.41507104  2.41507104
  2.41507104  2.48162075  2.48162075  2.48162075  2.79656048  2.79656048
  2.79656048  2.79675562  2.79675562  2.79675562  2.98804234  2.98804396
  2.98804396  2.98804396  2.98804441  2.98804441  3.0287327   3.0287327
  3.0287327   3.02882368  3.02882368  3.02882368  3.43660575  3.43661145
  3.43661145  3.43661145  3.43661439  3.43661439  3.56950429  3.56950429
  3.73931656  3.73931656  3.73931656  4.63044651  4.63044651  4.63044651
  4.73151365  4.73151365  4.73151365  4.73167323  4.73167323  4.73167323
  8.68887138  9.01392664  9.02567252  9.03092694  9.03092694  9.03092694
  9.03510133  9.03510133]
nelec by numeric integration = 31.99999999816238
    CPU time for vxc      1.19 sec, wall time      1.19 sec
~/packages/PeriodicIntegrals/PeriodicIntegrals-junjie-benchmark/isdfx/isdfx.py +4733
[[ 5.38609446e-01 -1.50627358e-02 -1.98500857e-10 ...  1.80669926e-06
   6.10618621e-03  7.05495918e-13]
 [-1.50627358e-02  4.39223792e-04  1.43600285e-11 ... -4.50159804e-08
  -1.52139626e-04 -3.93731287e-14]
 [-1.98500857e-10  1.43600285e-11  6.47439269e-01 ...  2.21888327e-03
  -1.53597356e-03 -3.84855933e-03]
 ...
 [ 1.80669926e-06 -4.50159804e-08  2.21888327e-03 ...  2.61687833e-04
   4.81492265e-08 -9.68577191e-15]
 [ 6.10618621e-03 -1.52139626e-04 -1.53597356e-03 ...  4.81492265e-08
   2.24301267e-03  8.33969531e-08]
 [ 7.05495918e-13 -3.93731287e-14 -3.84855933e-03 ... -9.68577191e-15
   8.33969531e-08  2.61687833e-04]]
[[ 2.42242965e-01 -1.52988817e-01 -7.81848448e-07 ... -2.52381862e-08
  -5.59960900e-01  1.40423988e+00]
 [-9.42615964e-03  3.81155243e-03  1.95120046e-08 ... -2.50791488e-08
  -5.15126816e-01  1.29180737e+00]
 [ 5.28903092e-11  4.18907533e-07  5.63440586e-02 ...  5.34812793e-02
   9.55611716e-11  1.48130631e-10]
 ...
 [-6.10687662e-12  2.50884468e-10  1.12509560e-02 ... -6.96968431e-06
  -4.52533631e-06  1.13483955e-05]
 [-4.53762833e-08 -6.65356083e-03 -1.62517444e-06 ...  1.00406327e-04
   8.72246962e-02 -1.26619720e-02]
 [ 2.01429933e-12 -7.12016405e-10  1.57295429e-03 ... -3.15907747e-05
  -1.13483924e-05 -4.52533434e-06]]
[2. 2. 2. 2. 2. 2. 2. 2. 2. 2. 2. 2. 2. 2. 2. 2. 0. 0. 0. 0. 0. 0. 0. 0.
 0. 0. 0. 0. 0. 0. 0. 0. 0. 0. 0. 0. 0. 0. 0. 0. 0. 0. 0. 0. 0. 0. 0. 0.
 0. 0. 0. 0. 0. 0. 0. 0. 0. 0. 0. 0. 0. 0. 0. 0. 0. 0. 0. 0. 0. 0. 0. 0.
 0. 0. 0. 0. 0. 0. 0. 0. 0. 0. 0. 0. 0. 0. 0. 0. 0. 0. 0. 0. 0. 0. 0. 0.
 0. 0. 0. 0. 0. 0. 0. 0.]
start SG
end SG -->  0.40244174003601074
    CPU time for vj and vk      1.19 sec, wall time      1.20 sec
E1 = 16.3096186197063  Ecoul = 4.645154348895036  Exc = -12.983173974441526
cycle= 2 E= -43.2638933977844  delta_E= 2e-09  |g|= 0.000149  |ddm|= 0.000207
    CPU time for cycle= 2      2.39 sec, wall time      2.40 sec
  HOMO = 0.569499924510445  LUMO = 0.849423273685929
  mo_energy =
[-0.2607464   0.06384551  0.06385265  0.06385265  0.06385265  0.06385658
  0.06385658  0.32173388  0.32173388  0.32173388  0.32177007  0.32177007
  0.32177007  0.56949992  0.56949992  0.56949992  0.84942327  0.84942327
  0.84942327  0.87504905  0.87505064  0.87505064  0.87505064  0.87505176
  0.87505176  1.1888663   1.28870211  1.28870211  1.28870211  1.28880747
  1.28880747  1.28880747  1.72495896  1.72495896  1.72496286  1.72496286
  1.72496286  1.72497361  1.7616643   1.7616643   2.04661381  2.04661381
  2.04661381  2.0466611   2.0466611   2.0466611   2.35154253  2.35154253
  2.35155602  2.35155602  2.35155602  2.35158449  2.41507103  2.41507103
  2.41507103  2.48162075  2.48162075  2.48162075  2.79655505  2.79655505
  2.79655505  2.79676103  2.79676103  2.79676103  2.988043    2.98804365
  2.98804365  2.98804365  2.98804453  2.98804453  3.02872848  3.02872848
  3.02872848  3.0288279   3.0288279   3.0288279   3.43660182  3.43661152
  3.43661152  3.43661152  3.43661623  3.43661623  3.56950429  3.56950429
  3.73931656  3.73931656  3.73931656  4.63044651  4.63044651  4.63044651
  4.73150899  4.73150899  4.73150899  4.73167788  4.73167788  4.73167788
  8.68887198  9.01395773  9.0256769   9.03092415  9.03092415  9.03092415
  9.03508721  9.03508721]
nelec by numeric integration = 31.999999998162345
    CPU time for vxc      1.19 sec, wall time      1.19 sec
~/packages/PeriodicIntegrals/PeriodicIntegrals-junjie-benchmark/isdfx/isdfx.py +4733
[[ 5.38616612e-01 -1.50635463e-02 -1.50778238e-10 ...  2.34184818e-06
   6.10620931e-03  9.00872361e-13]
 [-1.50635463e-02  4.39261528e-04  9.35171553e-12 ... -5.83538886e-08
  -1.52144664e-04 -4.39393949e-14]
 [-1.50778238e-10  9.35171553e-12  6.47444675e-01 ...  2.21807461e-03
  -1.53589245e-03 -3.84847241e-03]
 ...
 [ 2.34184818e-06 -5.83538886e-08  2.21807461e-03 ...  2.61688725e-04
   8.23672354e-08 -9.30512412e-15]
 [ 6.10620931e-03 -1.52144664e-04 -1.53589245e-03 ...  8.23672354e-08
   2.24301009e-03  1.42664283e-07]
 [ 9.00872361e-13 -4.39393949e-14 -3.84847241e-03 ... -9.30512412e-15
   1.42664283e-07  2.61688725e-04]]
[[ 2.42249380e-01 -1.52978622e-01 -1.40186865e-06 ... -6.24804527e-09
  -1.47693372e-01  1.50453774e+00]
 [-9.42645203e-03  3.81101587e-03  3.49150036e-08 ... -6.23214027e-09
  -1.35868037e-01  1.38407422e+00]
 [ 6.53218649e-12  1.14528835e-06 -1.28495087e-01 ...  5.35793772e-02
   1.30853646e-10  1.23744122e-10]
 ...
 [-6.11349415e-12  6.77217895e-10  5.48224707e-04 ... -5.06209935e-05
  -1.19954856e-06  1.22196822e-05]
 [ 1.88139137e-07 -6.65298324e-03  7.51607850e-07 ...  1.00110482e-04
   8.02709250e-02 -3.64015377e-02]
 [ 2.03588402e-12 -1.92437986e-09 -2.71552340e-04 ... -1.04094995e-05
  -1.22196787e-05 -1.19954749e-06]]
[2. 2. 2. 2. 2. 2. 2. 2. 2. 2. 2. 2. 2. 2. 2. 2. 0. 0. 0. 0. 0. 0. 0. 0.
 0. 0. 0. 0. 0. 0. 0. 0. 0. 0. 0. 0. 0. 0. 0. 0. 0. 0. 0. 0. 0. 0. 0. 0.
 0. 0. 0. 0. 0. 0. 0. 0. 0. 0. 0. 0. 0. 0. 0. 0. 0. 0. 0. 0. 0. 0. 0. 0.
 0. 0. 0. 0. 0. 0. 0. 0. 0. 0. 0. 0. 0. 0. 0. 0. 0. 0. 0. 0. 0. 0. 0. 0.
 0. 0. 0. 0. 0. 0. 0. 0.]
start SG
end SG -->  0.3939075469970703
    CPU time for vj and vk      1.20 sec, wall time      1.20 sec
E1 = 16.309618608701822  Ecoul = 4.645154360778241  Exc = -12.983173980584207
cycle= 3 E= -43.2638934030483  delta_E= -5.26e-09  |g|= 6.36e-07  |ddm|= 0.000116
    CPU time for cycle= 3      2.39 sec, wall time      2.40 sec
  HOMO = 0.569499920575789  LUMO = 0.849423270385233
  mo_energy =
[-0.26074641  0.06384549  0.06385267  0.06385267  0.06385267  0.06385657
  0.06385657  0.32173388  0.32173388  0.32173388  0.32177006  0.32177006
  0.32177006  0.56949992  0.56949992  0.56949992  0.84942327  0.84942327
  0.84942327  0.87504902  0.87505065  0.87505065  0.87505065  0.87505176
  0.87505176  1.18886629  1.28870211  1.28870211  1.28870211  1.28880746
  1.28880746  1.28880746  1.72495904  1.72495904  1.72496276  1.72496276
  1.72496276  1.72497369  1.7616643   1.7616643   2.0466138   2.0466138
  2.0466138   2.0466611   2.0466611   2.0466611   2.35154246  2.35154246
  2.35155607  2.35155607  2.35155607  2.35158443  2.41507103  2.41507103
  2.41507103  2.48162074  2.48162074  2.48162074  2.79655505  2.79655505
  2.79655505  2.79676103  2.79676103  2.79676103  2.98804297  2.98804367
  2.98804367  2.98804367  2.98804451  2.98804451  3.02872847  3.02872847
  3.02872847  3.02882789  3.02882789  3.02882789  3.43660181  3.43661151
  3.43661151  3.43661151  3.43661624  3.43661624  3.56950428  3.56950428
  3.73931655  3.73931655  3.73931655  4.6304465   4.6304465   4.6304465
  4.73150899  4.73150899  4.73150899  4.73167787  4.73167787  4.73167787
  8.68887197  9.01395765  9.02567676  9.03092433  9.03092433  9.03092433
  9.03508701  9.03508701]
nelec by numeric integration = 31.99999999816237
    CPU time for vxc      1.19 sec, wall time      1.19 sec
~/packages/PeriodicIntegrals/PeriodicIntegrals-junjie-benchmark/isdfx/isdfx.py +4733
[[ 5.38616737e-01 -1.50635604e-02 -1.52929840e-10 ...  2.34331438e-06
   6.10620924e-03  9.01123124e-13]
 [-1.50635604e-02  4.39262207e-04  9.58069607e-12 ... -5.83904764e-08
  -1.52144787e-04 -4.39375833e-14]
 [-1.52929840e-10  9.58069607e-12  6.47444887e-01 ...  2.21807243e-03
  -1.53589249e-03 -3.84847219e-03]
 ...
 [ 2.34331438e-06 -5.83904764e-08  2.21807243e-03 ...  2.61688686e-04
   8.24683660e-08 -9.30754711e-15]
 [ 6.10620924e-03 -1.52144787e-04 -1.53589249e-03 ...  8.24683660e-08
   2.24301023e-03  1.42839446e-07]
 [ 9.01123124e-13 -4.39375833e-14 -3.84847219e-03 ... -9.30754711e-15
   1.42839446e-07  2.61688686e-04]]
[[ 2.42249409e-01 -1.52978628e-01 -1.41563067e-06 ... -6.51548796e-09
  -1.48074440e-01  1.50450029e+00]
 [-9.42645645e-03  3.81101872e-03  3.52578639e-08 ... -6.49776738e-09
  -1.36218592e-01  1.38403976e+00]
 [ 5.43614075e-12  1.15318321e-06 -1.28408960e-01 ...  5.35786148e-02
   1.31249721e-10  1.24280166e-10]
 ...
 [-6.11354903e-12  6.75445136e-10  5.53551210e-04 ... -4.90260528e-05
  -1.20266050e-06  1.22195504e-05]
 [ 1.87959448e-07 -6.65298088e-03  7.50303971e-07 ...  1.00112480e-04
   8.02801450e-02 -3.63812066e-02]
 [ 2.03595587e-12 -1.91581773e-09 -2.74076385e-04 ... -9.85039357e-06
  -1.22195468e-05 -1.20265944e-06]]
[2. 2. 2. 2. 2. 2. 2. 2. 2. 2. 2. 2. 2. 2. 2. 2. 0. 0. 0. 0. 0. 0. 0. 0.
 0. 0. 0. 0. 0. 0. 0. 0. 0. 0. 0. 0. 0. 0. 0. 0. 0. 0. 0. 0. 0. 0. 0. 0.
 0. 0. 0. 0. 0. 0. 0. 0. 0. 0. 0. 0. 0. 0. 0. 0. 0. 0. 0. 0. 0. 0. 0. 0.
 0. 0. 0. 0. 0. 0. 0. 0. 0. 0. 0. 0. 0. 0. 0. 0. 0. 0. 0. 0. 0. 0. 0. 0.
 0. 0. 0. 0. 0. 0. 0. 0.]
start SG
end SG -->  0.40955018997192383
    CPU time for vj and vk      1.20 sec, wall time      1.20 sec
E1 = 16.309618603393893  Ecoul = 4.645154366785092  Exc = -12.983173981283054
Extra cycle  E= -43.2638934030483  delta_E= 7.82e-14  |g|= 8.31e-07  |ddm|= 1.31e-06
    CPU time for scf_cycle     12.06 sec, wall time     12.10 sec
    CPU time for SCF     12.12 sec, wall time     12.16 sec
converged SCF energy = -43.2638934030483
Successfully saved all results to /central/scratch/yangjunjie//run-scf-spc-diamond-conv-1-1-1-fftdf-occri-1-100-/48098899/scf.h5
