SLURMD_NODENAME = hpc-53-10
Start time = Mon Mar 17 03:31:37 PM PDT 2025
OMP_NUM_THREADS = 1
MKL_NUM_THREADS = 1
PYSCF_MAX_MEMORY = 327680
TMPDIR = /central/scratch/yangjunjie//run-scf-spc-diamond-conv-1-1-1-fftdf-occri-1-100-/48048541/
PYSCF_TMPDIR = /central/scratch/yangjunjie//run-scf-spc-diamond-conv-1-1-1-fftdf-occri-1-100-/48048541/

/home/junjiey/anaconda3/envs/fftisdf/bin/python
2.8.0
1.13.1
2.0.2
fft_engine = NUMPY+BLAS
name = diamond-conv
ke_cutoff =  1.00e+02
exxdiv = None
df = fftdf-occri
chk_path = ../../gdf-32/tmp/scf.h5
mesh = 1,1,1

Discarded 24 diffused primitive functions, 0 contracted functions
ke_cutoff = 100.0
None

******** <class 'ISDFX'> ********
lin_dep_thresh: 1e-10
alpha_cutoff: 2.8
rcut_epsilon: 1e-05
ke_epsilon: 1e-05
isdf_thresh: 0.0001
grid_vol_cutoff: 0.05
ke_step: 2.0
ao_tol: 1e-12
multigrid_on: False
direct_j: True
iterative_build: True
occRI: True
voronoi: True
fit_sparse_grid: False
fit_dense_grid: False
direct_k_sparse: True
direct_k: False
use_kpt_symm: False
kmesh: [1, 1, 1]
isdf_pts_from_q0: True
isdf_pts_from_gamma_point: False
alpha: None
do_real_isdf: False
N_xi: None
use_cell_periodic: False
isdf_thresh_sparse: None
ncopy: [1, 1, 1]
j_grid_mesh: None
k_grid_mesh: None
num_j_grids: 100
get_ao_from_pyscf: False
nuc_pp_version: 0
vppnl_ver: 0
universal_dense_grid: None
same_jk_grids: None
coulomb_only: False
max_memory   327680 MB (current use       88 MB)

Exchange function: getK_occRI  

cell mesh: [33 33 33]
nbas:  96
Grid     keMax    keMin    keGrid   expMax   expMin   nexp     lmax     PWs      mesh        
0        100.0    100.0    100.0    5.6      0.3      4        2        35937    [33 33 33]  

ISDF

atm      grid     Ng       NI       Nxi      sharp    on_grid  diffuse  maxexp   minexp   lmax     lmin    
-        1        35937    35937    35937    288      288      288      5.61     0.35     2        0       
ISDF-pts:       0.00
ISDF-vec:       0.00
Fit dense grids ISDF:       0.00
Fit sparse grids ISDF:       0.00

Grid     PWs      Ng_i     N_xi     N_mu    
0        35937    35937    35937    288     
1        35937    35937    35937    288     

nTHC: 71874
Mem Required (MB):       0.00
Curent RAM Use (MB) :        180 

Build W
ISDF-fft dense grids (sec):       0.00
Curent RAM Use (MB) :        180 
ISDF-fft:       0.00

Initial guess from minao.
Big error detected in the electron number of initial guess density matrix (Ne/cell = 31.9898)!
  This can cause huge error in Fock matrix and lead to instability in SCF for low-dimensional systems.
  DM is normalized wrt the number of electrons 32
Successfully loaded dm0 from ../../gdf-32/tmp/scf.h5
~/packages/PeriodicIntegrals/PeriodicIntegrals-junjie-benchmark/isdfx/isdfx.py +4733
[[ 5.38614370e-01 -1.50633325e-02 -1.38087743e-10 ...  2.03651275e-06
   6.10606872e-03  7.90526395e-13]
 [-1.50633325e-02  4.39251350e-04  7.08964274e-12 ... -5.07444375e-08
  -1.52141668e-04 -4.13580975e-14]
 [-1.38087743e-10  7.08964274e-12  6.47441210e-01 ...  2.21852154e-03
  -1.53611402e-03 -3.84850915e-03]
 ...
 [ 2.03651275e-06 -5.07444375e-08  2.21852154e-03 ...  2.61686732e-04
   6.27410991e-08 -9.56146188e-15]
 [ 6.10606872e-03 -1.52141668e-04 -1.53611402e-03 ...  6.27410991e-08
   2.24296688e-03  1.08670819e-07]
 [ 7.90526395e-13 -4.13580975e-14 -3.84850915e-03 ... -9.56146188e-15
   1.08670819e-07  2.61686732e-04]]
[[ 2.42245902e-01 -1.52984567e-01 -5.86005138e-07 ... -1.76275068e-08
  -4.42991460e-01  1.44591729e+00]
 [-9.42629767e-03  3.81141176e-03  1.45896636e-08 ... -1.75288939e-08
  -4.07354937e-01  1.32960023e+00]
 [ 1.54483343e-11  5.31642048e-07 -1.18993057e-01 ...  5.36001426e-02
   5.04221703e-11  1.02693838e-10]
 ...
 [-6.10673153e-12  3.55709445e-10  1.17938535e-03 ... -1.59103731e-05
  -3.58354859e-06  1.16966473e-05]
 [ 6.11259859e-08 -6.65319911e-03  5.81347630e-07 ...  1.00183520e-04
   8.59271605e-02 -1.97846174e-02]
 [ 2.02371638e-12 -1.01459459e-09 -5.07581181e-04 ... -2.53858582e-05
  -1.16966440e-05 -3.58354682e-06]]
[2. 2. 2. 2. 2. 2. 2. 2. 2. 2. 2. 2. 2. 2. 2. 2. 0. 0. 0. 0. 0. 0. 0. 0.
 0. 0. 0. 0. 0. 0. 0. 0. 0. 0. 0. 0. 0. 0. 0. 0. 0. 0. 0. 0. 0. 0. 0. 0.
 0. 0. 0. 0. 0. 0. 0. 0. 0. 0. 0. 0. 0. 0. 0. 0. 0. 0. 0. 0. 0. 0. 0. 0.
 0. 0. 0. 0. 0. 0. 0. 0. 0. 0. 0. 0. 0. 0. 0. 0. 0. 0. 0. 0. 0. 0. 0. 0.
 0. 0. 0. 0. 0. 0. 0. 0.]
~/packages/PeriodicIntegrals/PeriodicIntegrals-junjie-benchmark/isdfx/isdfx.py +4733
[[ 5.38614370e-01 -1.50633325e-02 -1.38087743e-10 ...  2.03651275e-06
   6.10606872e-03  7.90526395e-13]
 [-1.50633325e-02  4.39251350e-04  7.08964274e-12 ... -5.07444375e-08
  -1.52141668e-04 -4.13580975e-14]
 [-1.38087743e-10  7.08964274e-12  6.47441210e-01 ...  2.21852154e-03
  -1.53611402e-03 -3.84850915e-03]
 ...
 [ 2.03651275e-06 -5.07444375e-08  2.21852154e-03 ...  2.61686732e-04
   6.27410991e-08 -9.56146188e-15]
 [ 6.10606872e-03 -1.52141668e-04 -1.53611402e-03 ...  6.27410991e-08
   2.24296688e-03  1.08670819e-07]
 [ 7.90526395e-13 -4.13580975e-14 -3.84850915e-03 ... -9.56146188e-15
   1.08670819e-07  2.61686732e-04]]
[[ 2.42245902e-01 -1.52984567e-01 -5.86005138e-07 ... -1.76275068e-08
  -4.42991460e-01  1.44591729e+00]
 [-9.42629767e-03  3.81141176e-03  1.45896636e-08 ... -1.75288939e-08
  -4.07354937e-01  1.32960023e+00]
 [ 1.54483343e-11  5.31642048e-07 -1.18993057e-01 ...  5.36001426e-02
   5.04221703e-11  1.02693838e-10]
 ...
 [-6.10673153e-12  3.55709445e-10  1.17938535e-03 ... -1.59103731e-05
  -3.58354859e-06  1.16966473e-05]
 [ 6.11259859e-08 -6.65319911e-03  5.81347630e-07 ...  1.00183520e-04
   8.59271605e-02 -1.97846174e-02]
 [ 2.02371638e-12 -1.01459459e-09 -5.07581181e-04 ... -2.53858582e-05
  -1.16966440e-05 -3.58354682e-06]]
[2. 2. 2. 2. 2. 2. 2. 2. 2. 2. 2. 2. 2. 2. 2. 2. 0. 0. 0. 0. 0. 0. 0. 0.
 0. 0. 0. 0. 0. 0. 0. 0. 0. 0. 0. 0. 0. 0. 0. 0. 0. 0. 0. 0. 0. 0. 0. 0.
 0. 0. 0. 0. 0. 0. 0. 0. 0. 0. 0. 0. 0. 0. 0. 0. 0. 0. 0. 0. 0. 0. 0. 0.
 0. 0. 0. 0. 0. 0. 0. 0. 0. 0. 0. 0. 0. 0. 0. 0. 0. 0. 0. 0. 0. 0. 0. 0.
 0. 0. 0. 0. 0. 0. 0. 0.]
start SG
end SG -->  0.4406168460845947


******** <class 'pyscf.pbc.dft.rks.RKS'> ********
method = RKS
initial guess = minao
damping factor = 0
level_shift factor = 0
DIIS = <class 'pyscf.scf.diis.CDIIS'>
diis_start_cycle = 1
diis_space = 8
diis_damp = 0
SCF conv_tol = 1e-08
SCF conv_tol_grad = None
SCF max_cycles = 50
direct_scf = True
direct_scf_tol = 1e-13
chkfile to save SCF result = /central/scratch/yangjunjie/run-scf-spc-diamond-conv-1-1-1-fftdf-occri-1-100-/48048541/tmp2eix2rii
max_memory 327680 MB (current use 195 MB)
******** PBC SCF flags ********
kpt = [0. 0. 0.]
Exchange divergence treatment (exxdiv) = None
DF object = <isdfx.isdfx.ISDFX object at 0x7f7f7c6ef850>
XC functionals = PBE0
small_rho_cutoff = 1e-07
Set gradient conv threshold to 0.0001
nelec by numeric integration = 31.99999999816239
    CPU time for vxc      1.43 sec, wall time      1.43 sec
~/packages/PeriodicIntegrals/PeriodicIntegrals-junjie-benchmark/isdfx/isdfx.py +4733
[[ 5.38614370e-01 -1.50633325e-02 -1.38087743e-10 ...  2.03651275e-06
   6.10606872e-03  7.90526395e-13]
 [-1.50633325e-02  4.39251350e-04  7.08964274e-12 ... -5.07444375e-08
  -1.52141668e-04 -4.13580975e-14]
 [-1.38087743e-10  7.08964274e-12  6.47441210e-01 ...  2.21852154e-03
  -1.53611402e-03 -3.84850915e-03]
 ...
 [ 2.03651275e-06 -5.07444375e-08  2.21852154e-03 ...  2.61686732e-04
   6.27410991e-08 -9.56146188e-15]
 [ 6.10606872e-03 -1.52141668e-04 -1.53611402e-03 ...  6.27410991e-08
   2.24296688e-03  1.08670819e-07]
 [ 7.90526395e-13 -4.13580975e-14 -3.84850915e-03 ... -9.56146188e-15
   1.08670819e-07  2.61686732e-04]]
[[ 2.42245902e-01 -1.52984567e-01 -5.86005138e-07 ... -1.76275068e-08
  -4.42991460e-01  1.44591729e+00]
 [-9.42629767e-03  3.81141176e-03  1.45896636e-08 ... -1.75288939e-08
  -4.07354937e-01  1.32960023e+00]
 [ 1.54483343e-11  5.31642048e-07 -1.18993057e-01 ...  5.36001426e-02
   5.04221703e-11  1.02693838e-10]
 ...
 [-6.10673153e-12  3.55709445e-10  1.17938535e-03 ... -1.59103731e-05
  -3.58354859e-06  1.16966473e-05]
 [ 6.11259859e-08 -6.65319911e-03  5.81347630e-07 ...  1.00183520e-04
   8.59271605e-02 -1.97846174e-02]
 [ 2.02371638e-12 -1.01459459e-09 -5.07581181e-04 ... -2.53858582e-05
  -1.16966440e-05 -3.58354682e-06]]
[2. 2. 2. 2. 2. 2. 2. 2. 2. 2. 2. 2. 2. 2. 2. 2. 0. 0. 0. 0. 0. 0. 0. 0.
 0. 0. 0. 0. 0. 0. 0. 0. 0. 0. 0. 0. 0. 0. 0. 0. 0. 0. 0. 0. 0. 0. 0. 0.
 0. 0. 0. 0. 0. 0. 0. 0. 0. 0. 0. 0. 0. 0. 0. 0. 0. 0. 0. 0. 0. 0. 0. 0.
 0. 0. 0. 0. 0. 0. 0. 0. 0. 0. 0. 0. 0. 0. 0. 0. 0. 0. 0. 0. 0. 0. 0. 0.
 0. 0. 0. 0. 0. 0. 0. 0.]
start SG
end SG -->  0.47672438621520996
    CPU time for vj and vk      1.36 sec, wall time      1.37 sec
E1 = 16.30961814060373  Ecoul = 4.645155948236072  Exc = -12.98317512887301
init E= -43.2638934319774
    CPU time for initialize scf      4.19 sec, wall time      4.20 sec
  HOMO = 0.569499942501038  LUMO = 0.849423296723235
  mo_energy =
[-0.26074639  0.06385215  0.06385215  0.0638525   0.0638525   0.0638525
  0.06385495  0.32173038  0.32173038  0.32173038  0.32177364  0.32177364
  0.32177364  0.56949994  0.56949994  0.56949994  0.8494233   0.8494233
  0.8494233   0.87505057  0.87505057  0.87505057  0.87505081  0.87505081
  0.87505122  1.18886631  1.2886986   1.2886986   1.2886986   1.28881104
  1.28881104  1.28881104  1.72495787  1.72495787  1.72496382  1.72496382
  1.72496382  1.72497311  1.76166433  1.76166433  2.0466103   2.0466103
  2.0466103   2.04666464  2.04666464  2.04666464  2.35154689  2.35154689
  2.35155542  2.35155542  2.35155542  2.3515778   2.41507108  2.41507108
  2.41507108  2.48162078  2.48162078  2.48162078  2.79655184  2.79655184
  2.79655184  2.79676431  2.79676431  2.79676431  2.98804344  2.98804344
  2.98804344  2.98804394  2.98804439  2.98804439  3.02872564  3.02872564
  3.02872564  3.02883078  3.02883078  3.02883078  3.43659901  3.43661162
  3.43661162  3.43661162  3.43661763  3.43661763  3.56950431  3.56950431
  3.73931656  3.73931656  3.73931656  4.63044658  4.63044658  4.63044658
  4.73150595  4.73150595  4.73150595  4.73168083  4.73168083  4.73168083
  8.68887272  9.01399037  9.02568126  9.0309223   9.0309223   9.0309223
  9.03507136  9.03507136]
nelec by numeric integration = 31.999999998162316
    CPU time for vxc      1.14 sec, wall time      1.15 sec
~/packages/PeriodicIntegrals/PeriodicIntegrals-junjie-benchmark/isdfx/isdfx.py +4733
[[ 5.38622797e-01 -1.50641575e-02 -7.97120325e-12 ...  2.71014395e-06
   6.10622674e-03  1.55663728e-12]
 [-1.50641575e-02  4.39289145e-04  1.04752956e-13 ... -6.75351950e-08
  -1.52148227e-04 -9.29425582e-14]
 [-7.97120325e-12  1.04752956e-13  6.47448807e-01 ...  2.21755819e-03
  -1.53582413e-03 -3.84843256e-03]
 ...
 [ 2.71014395e-06 -6.75351950e-08  2.21755819e-03 ...  2.61689144e-04
   1.04250525e-07 -1.39244246e-14]
 [ 6.10622674e-03 -1.52148227e-04 -1.53582413e-03 ...  1.04250525e-07
   2.24300826e-03  1.80567297e-07]
 [ 1.55663728e-12 -9.29425582e-14 -3.84843256e-03 ... -1.39244246e-14
   1.80567297e-07  2.61689144e-04]]
[[ 2.42254496e-01  4.32441607e-01 -1.47759968e-02 ...  3.41056444e-10
  -6.64051032e-02  1.51031058e+00]
 [-9.42665290e-03 -1.07762039e-02  3.68209606e-04 ...  3.42365399e-10
  -6.10882496e-02  1.38938463e+00]
 [-2.72065880e-11 -3.64507207e-06 -2.42323107e-06 ...  7.86615723e-02
  -4.16316694e-11  7.82805974e-12]
 ...
 [-1.05434124e-11  2.74573739e-06 -5.20389999e-08 ... -1.37307954e-02
  -5.32164645e-07  1.21034493e-05]
 [ 3.63047366e-07  4.42302019e-03 -8.30344716e-03 ...  3.60420400e-05
  -7.43213200e-02 -4.73799147e-02]
 [ 2.74882528e-12 -4.01336798e-08 -2.82761978e-06 ...  2.76945556e-02
   1.21034589e-05  5.32156388e-07]]
[2. 2. 2. 2. 2. 2. 2. 2. 2. 2. 2. 2. 2. 2. 2. 2. 0. 0. 0. 0. 0. 0. 0. 0.
 0. 0. 0. 0. 0. 0. 0. 0. 0. 0. 0. 0. 0. 0. 0. 0. 0. 0. 0. 0. 0. 0. 0. 0.
 0. 0. 0. 0. 0. 0. 0. 0. 0. 0. 0. 0. 0. 0. 0. 0. 0. 0. 0. 0. 0. 0. 0. 0.
 0. 0. 0. 0. 0. 0. 0. 0. 0. 0. 0. 0. 0. 0. 0. 0. 0. 0. 0. 0. 0. 0. 0. 0.
 0. 0. 0. 0. 0. 0. 0. 0.]
start SG
end SG -->  0.3232135772705078
    CPU time for vj and vk      0.95 sec, wall time      0.95 sec
E1 = 16.309618425301753  Ecoul = 4.645154632807106  Exc = -12.983174096999946
cycle= 1 E= -43.2638934308353  delta_E= 1.14e-09  |g|= 0.000116  |ddm|= 0.000165
    CPU time for cycle= 1      2.09 sec, wall time      2.10 sec
  HOMO = 0.569499928329655  LUMO = 0.849423285644453
  mo_energy =
[-0.26074641  0.06383391  0.06385289  0.06385289  0.06385289  0.06386203
  0.06386203  0.32173864  0.32173864  0.32173864  0.32176531  0.32176531
  0.32176531  0.56949993  0.56949993  0.56949993  0.84942329  0.84942329
  0.84942329  0.87504625  0.87505075  0.87505075  0.87505075  0.87505298
  0.87505299  1.18886628  1.28870765  1.28870765  1.28870765  1.28880194
  1.28880194  1.28880194  1.7249604   1.7249604   1.72496155  1.72496155
  1.72496155  1.72497469  1.7616643   1.76166431  2.04661873  2.04661873
  2.04661873  2.04665618  2.04665618  2.04665618  2.35153877  2.35153877
  2.35155692  2.35155692  2.35155692  2.35158934  2.41507103  2.41507103
  2.41507103  2.48162076  2.48162076  2.48162076  2.79656141  2.79656141
  2.79656141  2.79675468  2.79675468  2.79675468  2.98804278  2.98804393
  2.98804393  2.98804393  2.98804416  2.98804416  3.02873309  3.02873309
  3.02873309  3.02882328  3.02882328  3.02882328  3.43660595  3.43661145
  3.43661145  3.43661145  3.4366143   3.4366143   3.56950429  3.56950429
  3.73931654  3.73931654  3.73931654  4.63044655  4.63044655  4.63044655
  4.73151416  4.73151416  4.73151416  4.73167256  4.73167256  4.73167256
  8.68887153  9.01393542  9.0256734   9.0309269   9.0309269   9.0309269
  9.03509639  9.03509639]
nelec by numeric integration = 31.999999998162394
    CPU time for vxc      0.90 sec, wall time      0.90 sec
~/packages/PeriodicIntegrals/PeriodicIntegrals-junjie-benchmark/isdfx/isdfx.py +4733
[[ 5.38609876e-01 -1.50626962e-02 -6.64510609e-11 ...  1.75786901e-06
   6.10618438e-03  1.22680208e-12]
 [-1.50626962e-02  4.39221110e-04  6.55604077e-12 ... -4.37998905e-08
  -1.52139018e-04 -8.71170211e-14]
 [-6.64510609e-11  6.55604077e-12  6.47438940e-01 ...  2.21899852e-03
  -1.53596076e-03 -3.84858982e-03]
 ...
 [ 1.75786901e-06 -4.37998905e-08  2.21899852e-03 ...  2.61687866e-04
   4.33760319e-08 -1.49379418e-14]
 [ 6.10618438e-03 -1.52139018e-04 -1.53596076e-03 ...  4.33760319e-08
   2.24301263e-03  7.51296097e-08]
 [ 1.22680208e-12 -8.71170211e-14 -3.84858982e-03 ... -1.49379418e-14
   7.51296097e-08  2.61687866e-04]]
[[ 2.42243116e-01 -1.52988602e-01 -5.51638551e-07 ... -1.46876398e-08
  -8.02947981e-02  1.50963509e+00]
 [-9.42613104e-03  3.81153220e-03  1.37443736e-08 ... -1.45779263e-08
  -7.38658886e-02  1.38876416e+00]
 [ 3.31447783e-11  1.14584010e-07  7.35173997e-02 ...  5.54792842e-02
   4.54229136e-11  3.61001204e-12]
 ...
 [-1.04440846e-11  7.77285523e-10  1.13397461e-02 ... -9.21479040e-04
  -6.37659669e-07  1.19887782e-05]
 [-4.92565747e-08 -6.65353847e-03 -1.36045294e-06 ...  9.99644328e-05
   7.85635195e-02 -3.99531263e-02]
 [ 2.73759550e-12 -1.20357597e-09  3.56656849e-04 ...  3.97297441e-04
  -1.19887867e-05 -6.37668868e-07]]
[2. 2. 2. 2. 2. 2. 2. 2. 2. 2. 2. 2. 2. 2. 2. 2. 0. 0. 0. 0. 0. 0. 0. 0.
 0. 0. 0. 0. 0. 0. 0. 0. 0. 0. 0. 0. 0. 0. 0. 0. 0. 0. 0. 0. 0. 0. 0. 0.
 0. 0. 0. 0. 0. 0. 0. 0. 0. 0. 0. 0. 0. 0. 0. 0. 0. 0. 0. 0. 0. 0. 0. 0.
 0. 0. 0. 0. 0. 0. 0. 0. 0. 0. 0. 0. 0. 0. 0. 0. 0. 0. 0. 0. 0. 0. 0. 0.
 0. 0. 0. 0. 0. 0. 0. 0.]
start SG
end SG -->  0.31469225883483887
    CPU time for vj and vk      0.94 sec, wall time      0.94 sec
E1 = 16.30961857509676  Ecoul = 4.645154364903701  Exc = -12.983173976934706
cycle= 2 E= -43.2638934288784  delta_E= 1.96e-09  |g|= 0.000147  |ddm|= 0.000204
    CPU time for cycle= 2      1.84 sec, wall time      1.84 sec
  HOMO = 0.569499923643778  LUMO = 0.849423276047152
  mo_energy =
[-0.26074641  0.06384567  0.06385265  0.06385265  0.06385265  0.0638565
  0.0638565   0.32173401  0.32173401  0.32173401  0.32176994  0.32176994
  0.32176994  0.56949992  0.56949992  0.56949992  0.84942328  0.84942328
  0.84942328  0.87504905  0.87505064  0.87505064  0.87505064  0.87505176
  0.87505176  1.18886628  1.28870257  1.28870257  1.28870257  1.28880701
  1.28880701  1.28880701  1.72495889  1.72495889  1.72496286  1.72496286
  1.72496286  1.72497375  1.7616643   1.7616643   2.04661401  2.04661401
  2.04661401  2.0466609   2.0466609   2.0466609   2.35154334  2.35154334
  2.35155602  2.35155602  2.35155602  2.35158289  2.41507103  2.41507103
  2.41507103  2.48162075  2.48162075  2.48162075  2.79655604  2.79655604
  2.79655604  2.79676004  2.79676004  2.79676004  2.98804344  2.98804363
  2.98804363  2.98804363  2.98804427  2.98804427  3.0287289   3.0287289
  3.0287289   3.02882746  3.02882746  3.02882746  3.43660206  3.43661153
  3.43661153  3.43661153  3.43661612  3.43661612  3.56950428  3.56950428
  3.73931653  3.73931653  3.73931653  4.63044655  4.63044655  4.63044655
  4.73150955  4.73150955  4.73150955  4.73167716  4.73167716  4.73167716
  8.68887213  9.01396618  9.02567778  9.03092411  9.03092411  9.03092411
  9.03508244  9.03508244]
nelec by numeric integration = 31.99999999816238
    CPU time for vxc      0.91 sec, wall time      0.91 sec
~/packages/PeriodicIntegrals/PeriodicIntegrals-junjie-benchmark/isdfx/isdfx.py +4733
[[ 5.38616948e-01 -1.50634962e-02 -3.47949893e-11 ...  2.28613135e-06
   6.10620741e-03  1.43943031e-12]
 [-1.50634962e-02  4.39258362e-04  3.25598875e-12 ... -5.69660283e-08
  -1.52143995e-04 -9.20649987e-14]
 [-3.47949893e-11  3.25598875e-12  6.47444261e-01 ...  2.21820032e-03
  -1.53588056e-03 -3.84850419e-03]
 ...
 [ 2.28613135e-06 -5.69660283e-08  2.21820032e-03 ...  2.61688756e-04
   7.71512163e-08 -1.45994853e-14]
 [ 6.10620741e-03 -1.52143995e-04 -1.53588056e-03 ...  7.71512163e-08
   2.24301005e-03  1.33629950e-07]
 [ 1.43943031e-12 -9.20649987e-14 -3.84850419e-03 ... -1.45994853e-14
   1.33629950e-07  2.61688756e-04]]
[[ 2.42249459e-01 -1.52978452e-01 -1.33177868e-06 ... -2.16439058e-09
  -6.98587003e-03  1.51175324e+00]
 [-9.42641995e-03  3.81099972e-03  3.31849268e-08 ... -2.13903040e-09
  -6.42653471e-03  1.39071219e+00]
 [ 1.97278921e-12  3.12569266e-07  5.68790927e-02 ...  6.73807575e-02
   4.40578053e-11  6.54952962e-12]
 ...
 [-1.04619948e-11  2.20117150e-09  1.10567701e-02 ... -6.10918420e-03
  -5.57544772e-08  1.20657992e-05]
 [ 1.82042359e-07 -6.65297014e-03 -1.18671918e-06 ...  9.74932714e-05
   7.65335189e-02 -4.37163505e-02]
 [ 2.75501786e-12 -3.39140221e-09  1.24404871e-04 ...  3.69040192e-03
  -1.20658082e-05 -5.57632454e-08]]
[2. 2. 2. 2. 2. 2. 2. 2. 2. 2. 2. 2. 2. 2. 2. 2. 0. 0. 0. 0. 0. 0. 0. 0.
 0. 0. 0. 0. 0. 0. 0. 0. 0. 0. 0. 0. 0. 0. 0. 0. 0. 0. 0. 0. 0. 0. 0. 0.
 0. 0. 0. 0. 0. 0. 0. 0. 0. 0. 0. 0. 0. 0. 0. 0. 0. 0. 0. 0. 0. 0. 0. 0.
 0. 0. 0. 0. 0. 0. 0. 0. 0. 0. 0. 0. 0. 0. 0. 0. 0. 0. 0. 0. 0. 0. 0. 0.
 0. 0. 0. 0. 0. 0. 0. 0.]
start SG
end SG -->  0.31394028663635254
    CPU time for vj and vk      0.94 sec, wall time      0.94 sec
E1 = 16.30961856410355  Ecoul = 4.645154376886723  Exc = -12.983173983077425
cycle= 3 E= -43.2638934340313  delta_E= -5.15e-09  |g|= 6.35e-07  |ddm|= 0.000115
    CPU time for cycle= 3      1.86 sec, wall time      1.86 sec
  HOMO = 0.569499919670456  LUMO = 0.849423272723079
  mo_energy =
[-0.26074641  0.06384565  0.06385267  0.06385267  0.06385267  0.06385649
  0.06385649  0.321734    0.321734    0.321734    0.32176994  0.32176994
  0.32176994  0.56949992  0.56949992  0.56949992  0.84942327  0.84942327
  0.84942327  0.87504903  0.87505065  0.87505065  0.87505065  0.87505175
  0.87505175  1.18886627  1.28870256  1.28870256  1.28870256  1.288807
  1.288807    1.288807    1.72495898  1.72495898  1.72496276  1.72496276
  1.72496276  1.72497383  1.7616643   1.7616643   2.04661401  2.04661401
  2.04661401  2.04666089  2.04666089  2.04666089  2.35154327  2.35154327
  2.35155608  2.35155608  2.35155608  2.35158283  2.41507103  2.41507103
  2.41507103  2.48162075  2.48162075  2.48162075  2.79655604  2.79655604
  2.79655604  2.79676004  2.79676004  2.79676004  2.98804342  2.98804364
  2.98804364  2.98804364  2.98804425  2.98804425  3.0287289   3.0287289
  3.0287289   3.02882745  3.02882745  3.02882745  3.43660207  3.43661152
  3.43661152  3.43661152  3.43661612  3.43661612  3.56950428  3.56950428
  3.73931653  3.73931653  3.73931653  4.63044654  4.63044654  4.63044654
  4.73150955  4.73150955  4.73150955  4.73167716  4.73167716  4.73167716
  8.68887211  9.0139661   9.02567763  9.03092429  9.03092429  9.03092429
  9.03508224  9.03508224]
nelec by numeric integration = 31.999999998162377
    CPU time for vxc      0.89 sec, wall time      0.90 sec
~/packages/PeriodicIntegrals/PeriodicIntegrals-junjie-benchmark/isdfx/isdfx.py +4733
[[ 5.38617072e-01 -1.50635103e-02 -3.65800279e-11 ...  2.28622610e-06
   6.10620752e-03  1.42747891e-12]
 [-1.50635103e-02  4.39259045e-04  3.47965247e-12 ... -5.69684406e-08
  -1.52144128e-04 -9.17585359e-14]
 [-3.65800279e-11  3.47965247e-12  6.47444475e-01 ...  2.21820021e-03
  -1.53588071e-03 -3.84850429e-03]
 ...
 [ 2.28622610e-06 -5.69684406e-08  2.21820021e-03 ...  2.61688716e-04
   7.71664337e-08 -1.46127834e-14]
 [ 6.10620752e-03 -1.52144128e-04 -1.53588071e-03 ...  7.71664337e-08
   2.24301019e-03  1.33656313e-07]
 [ 1.42747891e-12 -9.17585359e-14 -3.84850429e-03 ... -1.46127834e-14
   1.33656313e-07  2.61688716e-04]]
[[ 2.42249484e-01 -1.52978467e-01 -1.33858138e-06 ... -2.41380943e-09
  -6.40701012e-03  1.51175581e+00]
 [-9.42642455e-03  3.81100339e-03  3.33543516e-08 ... -2.38770590e-09
  -5.89402214e-03  1.39071455e+00]
 [ 1.39836800e-12  3.10318785e-07  5.73652014e-02 ...  6.59760416e-02
   4.40148859e-11  6.58726307e-12]
 ...
 [-1.04695056e-11  2.25148599e-09  1.10664818e-02 ... -5.49799831e-03
  -5.11343050e-08  1.20657971e-05]
 [ 1.81960330e-07 -6.65296910e-03 -1.19129363e-06 ...  9.78928303e-05
   7.65167766e-02 -4.37456539e-02]
 [ 2.75290446e-12 -3.45216968e-09  1.27197932e-04 ...  3.24202721e-03
  -1.20658061e-05 -5.11430686e-08]]
[2. 2. 2. 2. 2. 2. 2. 2. 2. 2. 2. 2. 2. 2. 2. 2. 0. 0. 0. 0. 0. 0. 0. 0.
 0. 0. 0. 0. 0. 0. 0. 0. 0. 0. 0. 0. 0. 0. 0. 0. 0. 0. 0. 0. 0. 0. 0. 0.
 0. 0. 0. 0. 0. 0. 0. 0. 0. 0. 0. 0. 0. 0. 0. 0. 0. 0. 0. 0. 0. 0. 0. 0.
 0. 0. 0. 0. 0. 0. 0. 0. 0. 0. 0. 0. 0. 0. 0. 0. 0. 0. 0. 0. 0. 0. 0. 0.
 0. 0. 0. 0. 0. 0. 0. 0.]
start SG
end SG -->  0.31478166580200195
    CPU time for vj and vk      0.93 sec, wall time      0.94 sec
E1 = 16.30961855865422  Ecoul = 4.645154383093994  Exc = -12.983173983835282
Extra cycle  E= -43.2638934340313  delta_E= 8.53e-14  |g|= 8.37e-07  |ddm|= 1.31e-06
    CPU time for scf_cycle     11.81 sec, wall time     11.85 sec
    CPU time for SCF     12.20 sec, wall time     12.92 sec
converged SCF energy = -43.2638934340313
Successfully saved all results to /central/scratch/yangjunjie//run-scf-spc-diamond-conv-1-1-1-fftdf-occri-1-100-/48048541/scf.h5
