SLURMD_NODENAME = hpc-53-10
Start time = Mon Mar 17 04:17:52 PM PDT 2025
OMP_NUM_THREADS = 1
MKL_NUM_THREADS = 1
PYSCF_MAX_MEMORY = 409600
TMPDIR = /central/scratch/yangjunjie//run-scf-spc-diamond-conv-1-1-2-fftisdf-ks-1-100-rcut_epsilon-1e-05-ke_epsilon-0.05-isdf_thresh-4e-05/48050901/
PYSCF_TMPDIR = /central/scratch/yangjunjie//run-scf-spc-diamond-conv-1-1-2-fftisdf-ks-1-100-rcut_epsilon-1e-05-ke_epsilon-0.05-isdf_thresh-4e-05/48050901/

/home/junjiey/anaconda3/envs/fftisdf/bin/python
2.8.0
1.13.1
2.0.2
fft_engine = NUMPY+BLAS
name = diamond-conv
ke_cutoff =  1.00e+02
exxdiv = None
df = fftisdf-ks
chk_path = ../../../gdf-32/tmp/scf.h5
mesh = 1,1,2
rcut_epsilon =  1.00e-05
ke_epsilon =  5.00e-02
isdf_thresh =  4.00e-05

Discarded 24 diffused primitive functions, 0 contracted functions
ke_cutoff = 100.0
None

******** <class 'ISDFX'> ********
lin_dep_thresh: 1e-10
alpha_cutoff: 2.8
rcut_epsilon: 1e-05
ke_epsilon: 0.05
isdf_thresh: 4e-05
grid_vol_cutoff: 0.05
ke_step: 2.0
ao_tol: 1e-12
multigrid_on: True
direct_j: True
iterative_build: True
occRI: True
voronoi: True
fit_sparse_grid: False
fit_dense_grid: True
direct_k_sparse: True
direct_k: False
use_kpt_symm: False
kmesh: [1, 1, 1]
isdf_pts_from_q0: True
isdf_pts_from_gamma_point: False
alpha: None
do_real_isdf: False
N_xi: None
use_cell_periodic: False
isdf_thresh_sparse: None
ncopy: [1, 1, 1]
j_grid_mesh: None
k_grid_mesh: None
num_j_grids: 100
get_ao_from_pyscf: False
nuc_pp_version: 0
vppnl_ver: 0
universal_dense_grid: None
same_jk_grids: None
coulomb_only: False
max_memory   409600 MB (current use       90 MB)

Exchange function: getK_occRI  

cell mesh: [33 33 67]
nbas:  192
Grid     keMax    keMin    keGrid   expMax   expMin   nexp     lmax     PWs      mesh        
0        33.6     33.6     111.6    5.6      5.6      1        2        72963    [33 33 67]
1        12.7     2.1      12.7     2.1      0.3      3        2        3887     [13 13 23]
0        59.4     55.8     111.6    5.6      5.6      1        2        72963    [33 33 67]
1        22.4     11.2     22.4     2.1      2.1      1        2        8959     [17 17 31]
2        8.2      3.7      8.2      0.8      0.3      2        2        2299     [11 11 19]

ISDF

atm      grid     Ng       NI       Nxi      sharp    on_grid  diffuse  maxexp   minexp   lmax     lmin    
0        0        72963    1458     120      9        279      270      5.61     5.61     2        0       
1        0        72963    1474     119      9        279      270      5.61     5.61     2        0       
2        0        72963    1470     120      9        279      270      5.61     5.61     2        0       
3        0        72963    1487     119      9        279      270      5.61     5.61     2        0       
4        0        72963    1470     120      9        279      270      5.61     5.61     2        0       
5        0        72963    1487     119      9        279      270      5.61     5.61     2        0       
6        0        72963    1464     119      9        279      270      5.61     5.61     2        0       
7        0        72963    1474     119      9        279      270      5.61     5.61     2        0       
8        0        72963    1458     120      9        279      270      5.61     5.61     2        0       
9        0        72963    1487     119      9        279      270      5.61     5.61     2        0       
10       0        72963    1484     118      9        279      270      5.61     5.61     2        0       
11       0        72963    1474     119      9        279      270      5.61     5.61     2        0       
12       0        72963    1484     118      9        279      270      5.61     5.61     2        0       
13       0        72963    1474     119      9        279      270      5.61     5.61     2        0       
14       0        72963    1464     119      9        279      270      5.61     5.61     2        0       
15       0        72963    1487     119      9        279      270      5.61     5.61     2        0       
-        1        3887     3887     3887     432      432      432      2.11     0.35     2        0       
ISDF-pts:       0.64
ISDF-vec:       0.12
Fit dense grids ISDF:       0.75
Fit sparse grids ISDF:       0.00

Grid     PWs      Ng_i     N_xi     N_mu    
0        72963    23596    1906     4464    
1        3887     3887     3887     432     

nTHC: 5793
Mem Required (MB):      74.71
Curent RAM Use (MB) :        213 

Build W
ISDF-fft dense grids (sec):      10.08
Curent RAM Use (MB) :        243 
ISDF-fft:      10.08

Initial guess from minao.
Big error detected in the electron number of initial guess density matrix (Ne/cell = 63.9864)!
  This can cause huge error in Fock matrix and lead to instability in SCF for low-dimensional systems.
  DM is normalized wrt the number of electrons 64
Successfully loaded dm0 from ../../../gdf-32/tmp/scf.h5
~/packages/PeriodicIntegrals/PeriodicIntegrals-junjie-benchmark/isdfx/isdfx.py +4733
[[ 5.92609815e-01 -2.07733389e-02 -1.49374411e-10 ...  3.29312158e-03
  -3.30285561e-03  3.70086867e-13]
 [-2.07733389e-02  8.44685909e-04 -2.19531692e-13 ... -2.09902515e-04
   1.65272475e-04 -3.14121417e-14]
 [-1.49374411e-10 -2.19531692e-13  6.49906929e-01 ...  1.14960616e-04
   2.10995193e-03  3.14505479e-03]
 ...
 [ 3.29312158e-03 -2.09902515e-04  1.14960616e-04 ...  4.46214761e-04
   2.63029861e-08  5.06489513e-15]
 [-3.30285561e-03  1.65272475e-04  2.10995193e-03 ...  2.63029861e-08
   2.26887108e-03  4.99288212e-08]
 [ 3.70086867e-13 -3.14121417e-14  3.14505479e-03 ...  5.06489513e-15
   4.99288212e-08  6.71985021e-04]]
[[ 1.71226849e-01 -1.71868037e-05  2.07241950e-01 ...  2.53723403e-09
  -1.69503661e-11 -1.15456586e+00]
 [-6.74284167e-03  7.43617044e-06 -4.11327152e-03 ...  2.30836473e-09
  -1.52694452e-11 -1.06092267e+00]
 [-9.60288977e-11 -1.84902267e-10 -1.78613800e-11 ... -5.27918257e-02
   1.48520477e-11 -1.18363527e-10]
 ...
 [-6.95558329e-05  1.20762008e-03  1.20741071e-03 ... -1.84653773e-02
  -3.83714359e-12 -4.53892981e-03]
 [ 1.02250060e-07  6.87865355e-08  1.96724149e-07 ...  3.72783696e-05
  -5.79794753e-02 -4.16962067e-02]
 [ 1.72642797e-13 -1.25175997e-14 -4.37896978e-13 ... -2.06932479e-04
   8.52717544e-06 -2.00410681e-13]]
[2. 2. 2. 2. 2. 2. 2. 2. 2. 2. 2. 2. 2. 2. 2. 2. 2. 2. 2. 2. 2. 2. 2. 2.
 2. 2. 2. 2. 2. 2. 2. 2. 0. 0. 0. 0. 0. 0. 0. 0. 0. 0. 0. 0. 0. 0. 0. 0.
 0. 0. 0. 0. 0. 0. 0. 0. 0. 0. 0. 0. 0. 0. 0. 0. 0. 0. 0. 0. 0. 0. 0. 0.
 0. 0. 0. 0. 0. 0. 0. 0. 0. 0. 0. 0. 0. 0. 0. 0. 0. 0. 0. 0. 0. 0. 0. 0.
 0. 0. 0. 0. 0. 0. 0. 0. 0. 0. 0. 0. 0. 0. 0. 0. 0. 0. 0. 0. 0. 0. 0. 0.
 0. 0. 0. 0. 0. 0. 0. 0. 0. 0. 0. 0. 0. 0. 0. 0. 0. 0. 0. 0. 0. 0. 0. 0.
 0. 0. 0. 0. 0. 0. 0. 0. 0. 0. 0. 0. 0. 0. 0. 0. 0. 0. 0. 0. 0. 0. 0. 0.
 0. 0. 0. 0. 0. 0. 0. 0. 0. 0. 0. 0. 0. 0. 0. 0. 0. 0. 0. 0. 0. 0. 0. 0.
 0. 0. 0. 0. 0. 0. 0. 0. 0. 0. 0. 0. 0. 0. 0. 0.]
~/packages/PeriodicIntegrals/PeriodicIntegrals-junjie-benchmark/isdfx/isdfx.py +4733
[[ 5.92609815e-01 -2.07733389e-02 -1.49374411e-10 ...  3.29312158e-03
  -3.30285561e-03  3.70086867e-13]
 [-2.07733389e-02  8.44685909e-04 -2.19531692e-13 ... -2.09902515e-04
   1.65272475e-04 -3.14121417e-14]
 [-1.49374411e-10 -2.19531692e-13  6.49906929e-01 ...  1.14960616e-04
   2.10995193e-03  3.14505479e-03]
 ...
 [ 3.29312158e-03 -2.09902515e-04  1.14960616e-04 ...  4.46214761e-04
   2.63029861e-08  5.06489513e-15]
 [-3.30285561e-03  1.65272475e-04  2.10995193e-03 ...  2.63029861e-08
   2.26887108e-03  4.99288212e-08]
 [ 3.70086867e-13 -3.14121417e-14  3.14505479e-03 ...  5.06489513e-15
   4.99288212e-08  6.71985021e-04]]
[[ 1.71226849e-01 -1.71868037e-05  2.07241950e-01 ...  2.53723403e-09
  -1.69503661e-11 -1.15456586e+00]
 [-6.74284167e-03  7.43617044e-06 -4.11327152e-03 ...  2.30836473e-09
  -1.52694452e-11 -1.06092267e+00]
 [-9.60288977e-11 -1.84902267e-10 -1.78613800e-11 ... -5.27918257e-02
   1.48520477e-11 -1.18363527e-10]
 ...
 [-6.95558329e-05  1.20762008e-03  1.20741071e-03 ... -1.84653773e-02
  -3.83714359e-12 -4.53892981e-03]
 [ 1.02250060e-07  6.87865355e-08  1.96724149e-07 ...  3.72783696e-05
  -5.79794753e-02 -4.16962067e-02]
 [ 1.72642797e-13 -1.25175997e-14 -4.37896978e-13 ... -2.06932479e-04
   8.52717544e-06 -2.00410681e-13]]
[2. 2. 2. 2. 2. 2. 2. 2. 2. 2. 2. 2. 2. 2. 2. 2. 2. 2. 2. 2. 2. 2. 2. 2.
 2. 2. 2. 2. 2. 2. 2. 2. 0. 0. 0. 0. 0. 0. 0. 0. 0. 0. 0. 0. 0. 0. 0. 0.
 0. 0. 0. 0. 0. 0. 0. 0. 0. 0. 0. 0. 0. 0. 0. 0. 0. 0. 0. 0. 0. 0. 0. 0.
 0. 0. 0. 0. 0. 0. 0. 0. 0. 0. 0. 0. 0. 0. 0. 0. 0. 0. 0. 0. 0. 0. 0. 0.
 0. 0. 0. 0. 0. 0. 0. 0. 0. 0. 0. 0. 0. 0. 0. 0. 0. 0. 0. 0. 0. 0. 0. 0.
 0. 0. 0. 0. 0. 0. 0. 0. 0. 0. 0. 0. 0. 0. 0. 0. 0. 0. 0. 0. 0. 0. 0. 0.
 0. 0. 0. 0. 0. 0. 0. 0. 0. 0. 0. 0. 0. 0. 0. 0. 0. 0. 0. 0. 0. 0. 0. 0.
 0. 0. 0. 0. 0. 0. 0. 0. 0. 0. 0. 0. 0. 0. 0. 0. 0. 0. 0. 0. 0. 0. 0. 0.
 0. 0. 0. 0. 0. 0. 0. 0. 0. 0. 0. 0. 0. 0. 0. 0.]
start SG
end SG -->  0.23946762084960938


******** <class 'pyscf.pbc.dft.rks.RKS'> ********
method = RKS
initial guess = minao
damping factor = 0
level_shift factor = 0
DIIS = <class 'pyscf.scf.diis.CDIIS'>
diis_start_cycle = 1
diis_space = 8
diis_damp = 0
SCF conv_tol = 1e-08
SCF conv_tol_grad = None
SCF max_cycles = 50
direct_scf = True
direct_scf_tol = 1e-13
chkfile to save SCF result = /central/scratch/yangjunjie/run-scf-spc-diamond-conv-1-1-2-fftisdf-ks-1-100-rcut_epsilon-1e-05-ke_epsilon-0.05-isdf_thresh-4e-05/48050901/tmp8v6loajo
max_memory 409600 MB (current use 231 MB)
******** PBC SCF flags ********
kpt = [0. 0. 0.]
Exchange divergence treatment (exxdiv) = None
DF object = <isdfx.isdfx.ISDFX object at 0x7f518a887850>
XC functionals = PBE0
small_rho_cutoff = 1e-07
Set gradient conv threshold to 0.0001
nelec by numeric integration = 63.999999995674415
    CPU time for vxc      3.47 sec, wall time      3.47 sec
~/packages/PeriodicIntegrals/PeriodicIntegrals-junjie-benchmark/isdfx/isdfx.py +4733
[[ 5.92609815e-01 -2.07733389e-02 -1.49374411e-10 ...  3.29312158e-03
  -3.30285561e-03  3.70086867e-13]
 [-2.07733389e-02  8.44685909e-04 -2.19531692e-13 ... -2.09902515e-04
   1.65272475e-04 -3.14121417e-14]
 [-1.49374411e-10 -2.19531692e-13  6.49906929e-01 ...  1.14960616e-04
   2.10995193e-03  3.14505479e-03]
 ...
 [ 3.29312158e-03 -2.09902515e-04  1.14960616e-04 ...  4.46214761e-04
   2.63029861e-08  5.06489513e-15]
 [-3.30285561e-03  1.65272475e-04  2.10995193e-03 ...  2.63029861e-08
   2.26887108e-03  4.99288212e-08]
 [ 3.70086867e-13 -3.14121417e-14  3.14505479e-03 ...  5.06489513e-15
   4.99288212e-08  6.71985021e-04]]
[[ 1.71226849e-01 -1.71868037e-05  2.07241950e-01 ...  2.53723403e-09
  -1.69503661e-11 -1.15456586e+00]
 [-6.74284167e-03  7.43617044e-06 -4.11327152e-03 ...  2.30836473e-09
  -1.52694452e-11 -1.06092267e+00]
 [-9.60288977e-11 -1.84902267e-10 -1.78613800e-11 ... -5.27918257e-02
   1.48520477e-11 -1.18363527e-10]
 ...
 [-6.95558329e-05  1.20762008e-03  1.20741071e-03 ... -1.84653773e-02
  -3.83714359e-12 -4.53892981e-03]
 [ 1.02250060e-07  6.87865355e-08  1.96724149e-07 ...  3.72783696e-05
  -5.79794753e-02 -4.16962067e-02]
 [ 1.72642797e-13 -1.25175997e-14 -4.37896978e-13 ... -2.06932479e-04
   8.52717544e-06 -2.00410681e-13]]
[2. 2. 2. 2. 2. 2. 2. 2. 2. 2. 2. 2. 2. 2. 2. 2. 2. 2. 2. 2. 2. 2. 2. 2.
 2. 2. 2. 2. 2. 2. 2. 2. 0. 0. 0. 0. 0. 0. 0. 0. 0. 0. 0. 0. 0. 0. 0. 0.
 0. 0. 0. 0. 0. 0. 0. 0. 0. 0. 0. 0. 0. 0. 0. 0. 0. 0. 0. 0. 0. 0. 0. 0.
 0. 0. 0. 0. 0. 0. 0. 0. 0. 0. 0. 0. 0. 0. 0. 0. 0. 0. 0. 0. 0. 0. 0. 0.
 0. 0. 0. 0. 0. 0. 0. 0. 0. 0. 0. 0. 0. 0. 0. 0. 0. 0. 0. 0. 0. 0. 0. 0.
 0. 0. 0. 0. 0. 0. 0. 0. 0. 0. 0. 0. 0. 0. 0. 0. 0. 0. 0. 0. 0. 0. 0. 0.
 0. 0. 0. 0. 0. 0. 0. 0. 0. 0. 0. 0. 0. 0. 0. 0. 0. 0. 0. 0. 0. 0. 0. 0.
 0. 0. 0. 0. 0. 0. 0. 0. 0. 0. 0. 0. 0. 0. 0. 0. 0. 0. 0. 0. 0. 0. 0. 0.
 0. 0. 0. 0. 0. 0. 0. 0. 0. 0. 0. 0. 0. 0. 0. 0.]
start SG
end SG -->  0.23201751708984375
    CPU time for vj and vk      1.41 sec, wall time      1.41 sec
E1 = 32.24977427473257  Ecoul = 8.781820871783511  Exc = -26.90098073021923
init E= -88.3403703675916
    CPU time for initialize scf      8.41 sec, wall time      8.43 sec
  HOMO = 0.536119208603653  LUMO = 0.809343108428502
  mo_energy =
[-0.30705785 -0.23040121 -0.23039943  0.0181911   0.01819291  0.01819302
  0.01819417  0.02069775  0.02069888  0.0498186   0.04982067  0.04982079
  0.04982193  0.20938097  0.20938102  0.20938114  0.20938305  0.27477472
  0.27477508  0.28466221  0.28466235  0.28466303  0.28466483  0.34992422
  0.34992445  0.36707872  0.36707909  0.36708046  0.36708082  0.53156287
  0.53611873  0.53611921  0.80934311  0.80934385  0.84197753  0.84357686
  0.84357689  0.86866928  0.86867067  0.86987535  0.86987601  0.86987653
  0.86987653  1.07974463  1.07974465  1.07974733  1.07974734  1.08808189
  1.0880819   1.08808551  1.08808825  1.1176915   1.11769366  1.11769384
  1.11769387  1.13487896  1.13487927  1.17879561  1.2782882   1.27828826
  1.27829501  1.27829984  1.27947061  1.27947066  1.59333643  1.59333786
  1.59333788  1.59334131  1.63359623  1.63359687  1.7137168   1.7137383
  1.71506513  1.71506943  1.71506944  1.71507522  1.75659766  1.75800331
  1.87294723  1.87294988  1.90148897  1.90149034  2.04007987  2.04007997
  2.04013014  2.04013029  2.04014886  2.04014894  2.06125472  2.06126016
  2.06126255  2.06126258  2.25910774  2.25910782  2.25911052  2.25911056
  2.34580876  2.34594435  2.34595675  2.34595675  2.34723442  2.34736802
  2.40762335  2.40762336  2.40794352  2.47192159  2.47278672  2.47278703
  2.49625322  2.49625331  2.49625916  2.49625967  2.53733678  2.53733687
  2.53734075  2.53734082  2.768607    2.76860712  2.76861487  2.7686175
  2.78758446  2.78758457  2.78759496  2.78759628  2.78783167  2.78783177
  2.79512207  2.79512218  2.88461034  2.88462305  2.88462307  2.88462397
  2.98044406  2.98045553  2.98045557  2.98045749  2.9811128   2.98113154
  3.0212156   3.02121594  3.02147216  3.02147504  3.02148438  3.02148467
  3.07450487  3.07450561  3.10635323  3.10635395  3.10636246  3.10636249
  3.26838037  3.26838467  3.26838481  3.26838774  3.28640622  3.28641175
  3.35184658  3.35185964  3.41733027  3.41733043  3.41733623  3.41733637
  3.42809395  3.42816589  3.42903958  3.42905232  3.42905237  3.42910125
  3.56148548  3.56383339  3.73134333  3.73180315  3.73180378  3.83432663
  3.83434181  4.33910185  4.33910186  4.33910196  4.33910935  4.62109903
  4.62109909  4.62252172  4.72255799  4.72255849  4.7230565   4.72305662
  4.72374642  4.72374646  4.72376625  4.72377253  4.72408722  4.724088
  8.67338783  8.85995054  8.8599826   9.00148026  9.01116147  9.01555057
  9.01555058  9.01564498  9.01568676  9.02215628  9.0287252   9.0323129
  9.03713611  9.03713613  9.03714863  9.04131614]
nelec by numeric integration = 63.99999999567533
    CPU time for vxc      3.34 sec, wall time      3.34 sec
~/packages/PeriodicIntegrals/PeriodicIntegrals-junjie-benchmark/isdfx/isdfx.py +4733
[[ 5.92674086e-01 -2.07788789e-02 -5.41195075e-07 ...  3.28299408e-03
  -3.30214619e-03 -3.34654083e-09]
 [-2.07788789e-02  8.45074657e-04 -3.30979249e-07 ... -2.08709311e-04
   1.64789954e-04 -5.98523885e-10]
 [-5.41195075e-07 -3.30979249e-07  6.49878178e-01 ...  1.12971967e-04
   2.11670230e-03  3.16141872e-03]
 ...
 [ 3.28299408e-03 -2.08709311e-04  1.12971967e-04 ...  4.45245820e-04
   1.52553700e-06 -1.11998200e-09]
 [-3.30214619e-03  1.64789954e-04  2.11670230e-03 ...  1.52553700e-06
   2.27040789e-03  2.72459503e-06]
 [-3.34654083e-09 -5.98523885e-10  3.16141872e-03 ... -1.11998200e-09
   2.72459503e-06  6.71139141e-04]]
[[ 1.71209250e-01  1.23061562e-03 -2.07219389e-01 ... -8.02458201e-07
  -1.46008723e-06 -1.15351676e+00]
 [-6.74003801e-03 -3.32655342e-05  4.11028408e-03 ... -6.95199006e-07
  -1.32522890e-06 -1.05954719e+00]
 [-7.43435009e-08 -8.37469569e-08  9.64115438e-08 ... -4.76834900e-02
   3.39582565e-05  4.26987822e-08]
 ...
 [-1.12070910e-04  1.24938972e-03 -1.24727103e-03 ... -2.38611553e-06
  -5.81894742e-07 -4.61431383e-03]
 [ 1.54132279e-06 -4.26983964e-06 -8.64153847e-07 ... -8.16269201e-05
  -5.35849681e-02 -4.22959469e-02]
 [-2.55848177e-08  1.25579080e-08 -2.36628928e-08 ...  1.72197105e-03
   1.13718182e-05 -2.03839797e-09]]
[2. 2. 2. 2. 2. 2. 2. 2. 2. 2. 2. 2. 2. 2. 2. 2. 2. 2. 2. 2. 2. 2. 2. 2.
 2. 2. 2. 2. 2. 2. 2. 2. 0. 0. 0. 0. 0. 0. 0. 0. 0. 0. 0. 0. 0. 0. 0. 0.
 0. 0. 0. 0. 0. 0. 0. 0. 0. 0. 0. 0. 0. 0. 0. 0. 0. 0. 0. 0. 0. 0. 0. 0.
 0. 0. 0. 0. 0. 0. 0. 0. 0. 0. 0. 0. 0. 0. 0. 0. 0. 0. 0. 0. 0. 0. 0. 0.
 0. 0. 0. 0. 0. 0. 0. 0. 0. 0. 0. 0. 0. 0. 0. 0. 0. 0. 0. 0. 0. 0. 0. 0.
 0. 0. 0. 0. 0. 0. 0. 0. 0. 0. 0. 0. 0. 0. 0. 0. 0. 0. 0. 0. 0. 0. 0. 0.
 0. 0. 0. 0. 0. 0. 0. 0. 0. 0. 0. 0. 0. 0. 0. 0. 0. 0. 0. 0. 0. 0. 0. 0.
 0. 0. 0. 0. 0. 0. 0. 0. 0. 0. 0. 0. 0. 0. 0. 0. 0. 0. 0. 0. 0. 0. 0. 0.
 0. 0. 0. 0. 0. 0. 0. 0. 0. 0. 0. 0. 0. 0. 0. 0.]
start SG
end SG -->  0.23518705368041992
    CPU time for vj and vk      1.41 sec, wall time      1.42 sec
E1 = 32.24929842685939  Ecoul = 8.78251726683214  Exc = -26.90120780960092
cycle= 1 E= -88.3403768997979  delta_E= -6.53e-06  |g|= 0.000807  |ddm|= 0.00545
    CPU time for cycle= 1      4.76 sec, wall time      4.77 sec
  HOMO = 0.536135777776209  LUMO = 0.80935407145156
  mo_energy =
[-0.30704893 -0.23039377 -0.23039004  0.01819926  0.01820309  0.0182032
  0.01820536  0.02070523  0.02070678  0.04982768  0.04983218  0.04983229
  0.04983388  0.20938748  0.20938754  0.20938765  0.20939094  0.27478706
  0.27478741  0.28466826  0.28466909  0.28466925  0.28467297  0.34992783
  0.34992931  0.36709178  0.36709216  0.36709432  0.36709445  0.53156124
  0.53613527  0.53613578  0.80935407  0.80935686  0.84199124  0.84358441
  0.84358444  0.86868074  0.86868247  0.86987953  0.86988105  0.86988148
  0.8698815   1.07975612  1.07975616  1.07975915  1.07975916  1.08808824
  1.08808826  1.0880895   1.08809456  1.11770274  1.11770481  1.11770485
  1.11770622  1.13489491  1.13489694  1.17881193  1.27830434  1.27830439
  1.27830922  1.27831812  1.27948599  1.27948605  1.59335231  1.59335233
  1.5933529   1.59335906  1.63360493  1.63360545  1.71372956  1.71374712
  1.71508435  1.71508622  1.71508623  1.71509419  1.75661313  1.75800502
  1.87295652  1.87296232  1.9014901   1.90149346  2.04007922  2.0400793
  2.04013506  2.04013791  2.04016411  2.04016416  2.06127267  2.06127834
  2.06128107  2.0612811   2.2591203   2.25912041  2.25912204  2.25912205
  2.34582329  2.34595701  2.34597438  2.34597441  2.34723868  2.34736883
  2.40763293  2.40763295  2.40795218  2.47193314  2.4728029   2.47280322
  2.4962612   2.4962613   2.49626461  2.4962675   2.5373494   2.53734947
  2.53735357  2.53735366  2.76861871  2.76861883  2.76862424  2.76862963
  2.78759652  2.78759664  2.78760652  2.78761152  2.78784782  2.78784791
  2.79513253  2.79513515  2.88462485  2.88463809  2.88463927  2.88463931
  2.98045478  2.98046521  2.98046701  2.98046704  2.98112919  2.98115151
  3.02122447  3.02122481  3.02148032  3.02148551  3.02149756  3.02149785
  3.07450929  3.07451154  3.10636603  3.10636711  3.1063759   3.10637593
  3.26838605  3.2683932   3.26839333  3.26839489  3.28642877  3.28643562
  3.3518632   3.3518736   3.41734543  3.4173456   3.4173497   3.41734982
  3.42810577  3.42818232  3.42905127  3.42906434  3.42906439  3.42911427
  3.5615133   3.5638398   3.73135424  3.7318178   3.73181842  3.83434227
  3.8343572   4.33911187  4.33911249  4.33911259  4.33911659  4.62110624
  4.62110629  4.62253302  4.7225262   4.72252747  4.72306682  4.72306694
  4.72376236  4.72376243  4.72377822  4.72378262  4.72413097  4.7241325
  8.67341625  8.8599799   8.86001025  9.00149156  9.01116724  9.01558192
  9.01558213  9.01567776  9.0157283   9.02221592  9.02873503  9.03232867
  9.03712969  9.03717928  9.03717951  9.04136904]
nelec by numeric integration = 63.999999995675594
    CPU time for vxc      3.28 sec, wall time      3.29 sec
~/packages/PeriodicIntegrals/PeriodicIntegrals-junjie-benchmark/isdfx/isdfx.py +4733
[[ 5.92637438e-01 -2.07740129e-02 -4.57658152e-07 ...  3.28312199e-03
  -3.30192134e-03 -3.48547990e-09]
 [-2.07740129e-02  8.44743678e-04 -3.47641332e-07 ... -2.08720928e-04
   1.64728170e-04 -6.57676304e-10]
 [-4.57658152e-07 -3.47641332e-07  6.49834285e-01 ...  1.12837987e-04
   2.11504534e-03  3.16156188e-03]
 ...
 [ 3.28312199e-03 -2.08720928e-04  1.12837987e-04 ...  4.45109276e-04
   1.52859052e-06 -1.11299676e-09]
 [-3.30192134e-03  1.64728170e-04  2.11504534e-03 ...  1.52859052e-06
   2.27088785e-03  2.75621356e-06]
 [-3.48547990e-09 -6.57676304e-10  3.16156188e-03 ... -1.11299676e-09
   2.75621356e-06  6.71281058e-04]]
[[ 1.71194182e-01  4.16356551e-04 -2.07197115e-01 ...  2.34433959e-05
  -8.04977866e-06 -1.15351527e+00]
 [-6.73928656e-03 -2.28419148e-05  4.10875062e-03 ...  2.05475356e-05
  -7.13685773e-06 -1.05958856e+00]
 [-1.08966387e-07 -1.37570387e-07  1.46739154e-07 ... -5.51544724e-02
  -4.75819750e-02 -1.23277121e-06]
 ...
 [-1.11312413e-04  1.23920081e-03 -1.25238693e-03 ... -1.89990789e-02
   2.07331003e-06 -4.61149039e-03]
 [ 1.43497188e-06 -4.68726483e-06 -1.56251154e-06 ...  3.63225848e-05
  -2.92351265e-05 -4.22657608e-02]
 [-2.20423181e-08  8.37333171e-09 -1.97447826e-08 ...  1.92039696e-07
   1.75992313e-03  9.89089821e-09]]
[2. 2. 2. 2. 2. 2. 2. 2. 2. 2. 2. 2. 2. 2. 2. 2. 2. 2. 2. 2. 2. 2. 2. 2.
 2. 2. 2. 2. 2. 2. 2. 2. 0. 0. 0. 0. 0. 0. 0. 0. 0. 0. 0. 0. 0. 0. 0. 0.
 0. 0. 0. 0. 0. 0. 0. 0. 0. 0. 0. 0. 0. 0. 0. 0. 0. 0. 0. 0. 0. 0. 0. 0.
 0. 0. 0. 0. 0. 0. 0. 0. 0. 0. 0. 0. 0. 0. 0. 0. 0. 0. 0. 0. 0. 0. 0. 0.
 0. 0. 0. 0. 0. 0. 0. 0. 0. 0. 0. 0. 0. 0. 0. 0. 0. 0. 0. 0. 0. 0. 0. 0.
 0. 0. 0. 0. 0. 0. 0. 0. 0. 0. 0. 0. 0. 0. 0. 0. 0. 0. 0. 0. 0. 0. 0. 0.
 0. 0. 0. 0. 0. 0. 0. 0. 0. 0. 0. 0. 0. 0. 0. 0. 0. 0. 0. 0. 0. 0. 0. 0.
 0. 0. 0. 0. 0. 0. 0. 0. 0. 0. 0. 0. 0. 0. 0. 0. 0. 0. 0. 0. 0. 0. 0. 0.
 0. 0. 0. 0. 0. 0. 0. 0. 0. 0. 0. 0. 0. 0. 0. 0.]
start SG
end SG -->  0.23060107231140137
    CPU time for vj and vk      1.42 sec, wall time      1.42 sec
E1 = 32.249362373357776  Ecoul = 8.78242321054012  Exc = -26.901177694680637
cycle= 2 E= -88.3403768946712  delta_E= 5.13e-09  |g|= 0.000911  |ddm|= 0.00123
    CPU time for cycle= 2      4.72 sec, wall time      4.73 sec
  HOMO = 0.53613527454934  LUMO = 0.809354524972135
  mo_energy =
[-0.30704925 -0.23039378 -0.23039117  0.01820013  0.01820294  0.01820305
  0.01820434  0.02070461  0.02070602  0.04982785  0.04983115  0.04983126
  0.04983262  0.20938709  0.20938715  0.20938727  0.20938991  0.27478671
  0.27478706  0.2846681   0.28466823  0.28466841  0.28467162  0.34992728
  0.34992795  0.36709165  0.36709206  0.36709338  0.36709366  0.53155982
  0.53613476  0.53613527  0.80935452  0.80935618  0.8419908   0.84358375
  0.84358377  0.86868062  0.86868221  0.8698793   0.86988023  0.86988091
  0.86988093  1.07975544  1.07975548  1.07975818  1.0797582   1.08808718
  1.0880872   1.08808922  1.08809378  1.11770198  1.11770424  1.11770427
  1.11770447  1.13489498  1.13489584  1.17881089  1.2783037   1.27830374
  1.27830918  1.27831662  1.27948437  1.27948443  1.59335201  1.59335253
  1.59335255  1.59335734  1.63360424  1.63360479  1.71372751  1.71374705
  1.71508272  1.71508573  1.71508576  1.71509282  1.75661303  1.75800451
  1.8729561   1.8729609   1.90149016  1.90149217  2.04008287  2.04008295
  2.04013517  2.0401366   2.04015985  2.0401599   2.06127256  2.06127721
  2.06128062  2.06128065  2.25911942  2.25911949  2.25912165  2.25912169
  2.34582192  2.34595669  2.34597339  2.34597342  2.34723746  2.34737142
  2.40763231  2.40763233  2.40795143  2.4719322   2.47280202  2.47280234
  2.49626013  2.49626022  2.49626502  2.49626622  2.53734852  2.5373486
  2.53735285  2.53735293  2.76861765  2.76861778  2.76862416  2.76862835
  2.78759672  2.78759684  2.78760609  2.78760962  2.78784627  2.78784637
  2.79513236  2.79513377  2.88462477  2.88463742  2.88463878  2.8846388
  2.98045473  2.98046547  2.9804655   2.98046612  2.98112877  2.98115081
  3.02122561  3.02122596  3.02148021  3.021484    3.02149509  3.02149537
  3.07450907  3.07451008  3.10636566  3.10636588  3.10637512  3.10637516
  3.2683865   3.26839207  3.2683922   3.26839372  3.28642715  3.28643625
  3.35186237  3.35187295  3.41734425  3.4173444   3.4173494   3.41734954
  3.42810639  3.42818212  3.42905029  3.42906371  3.42906376  3.42911209
  3.56151339  3.5638389   3.73135331  3.73181699  3.73181761  3.83434188
  3.83435629  4.33911068  4.33911143  4.33911154  4.33911686  4.62110556
  4.62110561  4.62253213  4.72253957  4.72254008  4.72306406  4.72306417
  4.72376029  4.72376032  4.72377683  4.72378216  4.72411977  4.72412056
  8.67341459  8.85997865  8.86000721  9.00150242  9.0111774   9.01558926
  9.01558926  9.0156815   9.01570988  9.02218575  9.02874369  9.03233197
  9.03715076  9.03716474  9.0371648   9.04134475]
nelec by numeric integration = 63.99999999567559
    CPU time for vxc      3.29 sec, wall time      3.30 sec
~/packages/PeriodicIntegrals/PeriodicIntegrals-junjie-benchmark/isdfx/isdfx.py +4733
[[ 5.92652928e-01 -2.07759264e-02 -5.01510747e-07 ...  3.28336620e-03
  -3.30221360e-03 -2.91174878e-09]
 [-2.07759264e-02  8.44863885e-04 -3.43047191e-07 ... -2.08770316e-04
   1.64793805e-04 -7.06369628e-10]
 [-5.01510747e-07 -3.43047191e-07  6.49849023e-01 ...  1.12915713e-04
   2.11508806e-03  3.16162214e-03]
 ...
 [ 3.28336620e-03 -2.08770316e-04  1.12915713e-04 ...  4.45047704e-04
   1.56574003e-06 -1.06481458e-09]
 [-3.30221360e-03  1.64793805e-04  2.11508806e-03 ...  1.56574003e-06
   2.27057955e-03  2.80835115e-06]
 [-2.91174878e-09 -7.06369628e-10  3.16162214e-03 ... -1.06481458e-09
   2.80835115e-06  6.71145847e-04]]
[[ 1.71202312e-01  4.54884329e-04 -2.07211010e-01 ...  1.00516734e-05
  -4.09986197e-06  1.15353947e+00]
 [-6.73973558e-03 -1.91342140e-05  4.10955496e-03 ...  8.73177838e-06
  -3.62243392e-06  1.05957943e+00]
 [-9.06612894e-08 -1.07253342e-07  1.19328767e-07 ... -5.50440885e-02
  -4.77165044e-02  6.05243806e-07]
 ...
 [-1.10026532e-04  1.24095911e-03 -1.25281354e-03 ... -1.90439987e-02
   1.14190931e-05  4.62397487e-03]
 [ 1.57542191e-06 -4.59206561e-06 -1.12523524e-06 ...  3.51823779e-05
   1.31999420e-06  4.22882903e-02]
 [-2.09254336e-08  7.23339072e-09 -1.91506887e-08 ...  1.00996111e-06
   1.68924557e-03 -5.16913860e-09]]
[2. 2. 2. 2. 2. 2. 2. 2. 2. 2. 2. 2. 2. 2. 2. 2. 2. 2. 2. 2. 2. 2. 2. 2.
 2. 2. 2. 2. 2. 2. 2. 2. 0. 0. 0. 0. 0. 0. 0. 0. 0. 0. 0. 0. 0. 0. 0. 0.
 0. 0. 0. 0. 0. 0. 0. 0. 0. 0. 0. 0. 0. 0. 0. 0. 0. 0. 0. 0. 0. 0. 0. 0.
 0. 0. 0. 0. 0. 0. 0. 0. 0. 0. 0. 0. 0. 0. 0. 0. 0. 0. 0. 0. 0. 0. 0. 0.
 0. 0. 0. 0. 0. 0. 0. 0. 0. 0. 0. 0. 0. 0. 0. 0. 0. 0. 0. 0. 0. 0. 0. 0.
 0. 0. 0. 0. 0. 0. 0. 0. 0. 0. 0. 0. 0. 0. 0. 0. 0. 0. 0. 0. 0. 0. 0. 0.
 0. 0. 0. 0. 0. 0. 0. 0. 0. 0. 0. 0. 0. 0. 0. 0. 0. 0. 0. 0. 0. 0. 0. 0.
 0. 0. 0. 0. 0. 0. 0. 0. 0. 0. 0. 0. 0. 0. 0. 0. 0. 0. 0. 0. 0. 0. 0. 0.
 0. 0. 0. 0. 0. 0. 0. 0. 0. 0. 0. 0. 0. 0. 0. 0.]
start SG
end SG -->  0.2317507266998291
    CPU time for vj and vk      1.41 sec, wall time      1.41 sec
E1 = 32.24935779664636  Ecoul = 8.782430111669763  Exc = -26.901180165550958
cycle= 3 E= -88.3403770411233  delta_E= -1.46e-07  |g|= 0.000405  |ddm|= 0.000906
    CPU time for cycle= 3      4.71 sec, wall time      4.72 sec
  HOMO = 0.536134941115609  LUMO = 0.809354507808368
  mo_energy =
[-0.3070497  -0.23039404 -0.23039172  0.01819995  0.0182024   0.01820251
  0.01820384  0.02070411  0.02070544  0.04982772  0.04983079  0.04983091
  0.04983206  0.20938663  0.20938672  0.20938688  0.20938931  0.27478633
  0.27478668  0.28466757  0.28466769  0.28466784  0.28467085  0.34992651
  0.34992704  0.36709133  0.36709174  0.36709299  0.36709331  0.53155861
  0.53613443  0.53613494  0.80935451  0.80935595  0.84199048  0.84358315
  0.84358318  0.86868056  0.86868216  0.8698789   0.86987972  0.86988036
  0.86988039  1.07975476  1.0797548   1.07975746  1.07975748  1.0880864
  1.08808642  1.08808881  1.08809302  1.11770129  1.11770349  1.11770352
  1.11770361  1.13489467  1.13489533  1.17881013  1.27830311  1.27830315
  1.2783085   1.27831559  1.2794834   1.27948346  1.59335138  1.59335208
  1.5933521   1.59335683  1.63360377  1.63360422  1.71372655  1.7137462
  1.71508185  1.71508532  1.71508534  1.71509173  1.75661304  1.758004
  1.87295537  1.87295996  1.90148979  1.9014915   2.04008334  2.04008342
  2.04013487  2.04013614  2.04015851  2.04015857  2.06127244  2.06127659
  2.06128044  2.06128046  2.25911878  2.25911885  2.25912124  2.25912128
  2.34582151  2.34595636  2.34597312  2.34597315  2.34723672  2.34737164
  2.40763173  2.40763175  2.40795081  2.47193139  2.47280132  2.47280164
  2.49625935  2.49625944  2.49626466  2.49626555  2.53734793  2.53734802
  2.53735222  2.5373523   2.76861702  2.76861714  2.76862363  2.76862776
  2.7875959   2.78759602  2.78760543  2.78760886  2.78784548  2.78784557
  2.79513184  2.79513307  2.884625    2.88463671  2.88463839  2.88463842
  2.98045414  2.98046522  2.98046525  2.98046528  2.98112852  2.98115028
  3.02122545  3.0212258   3.02147967  3.02148338  3.0214941   3.02149438
  3.07450851  3.07450923  3.10636494  3.10636511  3.10637465  3.10637469
  3.268386    3.26839133  3.26839146  3.26839312  3.28642671  3.28643604
  3.35186183  3.35187246  3.41734355  3.4173437   3.41734891  3.41734905
  3.42810643  3.42818155  3.42904981  3.429063    3.42906305  3.42911116
  3.56151336  3.56383813  3.73135252  3.73181641  3.73181704  3.83434117
  3.83435585  4.33910991  4.33911086  4.33911096  4.33911633  4.62110487
  4.62110492  4.62253138  4.72253959  4.7225404   4.7230641   4.72306422
  4.72375916  4.72375921  4.723776    4.72378178  4.72411779  4.72411886
  8.67341248  8.85997641  8.86000549  9.00150205  9.01117937  9.01557993
  9.01557999  9.01567455  9.01571182  9.02217885  9.02875045  9.03233008
  9.03714604  9.03716974  9.03716986  9.04133897]
