SLURMD_NODENAME = hpc-54-10
Start time = Wed Mar 19 05:12:03 PM PDT 2025
OMP_NUM_THREADS = 1
MKL_NUM_THREADS = 1
PYSCF_MAX_MEMORY = 409600
TMPDIR = /central/scratch/yangjunjie//run-scf-spc-diamond-prim-1-1-2-fftisdf-ks-1-100-rcut_epsilon-1e-05-ke_epsilon-0.05-isdf_thresh-0.0005/48100078/
PYSCF_TMPDIR = /central/scratch/yangjunjie//run-scf-spc-diamond-prim-1-1-2-fftisdf-ks-1-100-rcut_epsilon-1e-05-ke_epsilon-0.05-isdf_thresh-0.0005/48100078/

/home/junjiey/anaconda3/envs/fftisdf/bin/python
2.8.0
1.13.1
2.0.2
fft_engine = NUMPY+BLAS
name = diamond-prim
ke_cutoff =  1.00e+02
exxdiv = None
df = fftisdf-ks
chk_path = ../../../gdf-64/tmp/scf.h5
mesh = 1,1,2
rcut_epsilon =  1.00e-05
ke_epsilon =  5.00e-02
isdf_thresh =  5.00e-04

Discarded 6 diffused primitive functions, 0 contracted functions
ke_cutoff = 100.0
None

******** <class 'ISDFX'> ********
lin_dep_thresh: 1e-10
alpha_cutoff: 2.8
rcut_epsilon: 1e-05
ke_epsilon: 0.05
isdf_thresh: 0.0005
grid_vol_cutoff: 0.05
ke_step: 2.0
ao_tol: 1e-12
multigrid_on: True
direct_j: True
iterative_build: True
occRI: True
voronoi: True
fit_sparse_grid: False
fit_dense_grid: True
direct_k_sparse: True
direct_k: False
use_kpt_symm: False
kmesh: [1, 1, 1]
isdf_pts_from_q0: True
isdf_pts_from_gamma_point: False
alpha: None
do_real_isdf: False
N_xi: None
use_cell_periodic: False
isdf_thresh_sparse: None
ncopy: [1, 1, 1]
j_grid_mesh: None
k_grid_mesh: None
num_j_grids: 100
get_ao_from_pyscf: False
nuc_pp_version: 0
vppnl_ver: 0
universal_dense_grid: None
same_jk_grids: None
coulomb_only: False
max_memory   409600 MB (current use       94 MB)

Exchange function: getK_occRI  

cell mesh: [23 23 47]
nbas:  48
Grid     keMax    keMin    keGrid   expMax   expMin   nexp     lmax     PWs      mesh        
0        33.6     33.6     105.5    5.6      5.6      1        2        24863    [23 23 47]
1        12.7     2.1      12.7     2.1      0.3      3        2        1377     [ 9  9 17]
0        59.4     52.8     105.5    5.6      5.6      1        2        24863    [23 23 47]
1        22.4     3.7      22.4     2.1      0.3      3        2        3887     [13 13 23]

ISDF

atm      grid     Ng       NI       Nxi      sharp    on_grid  diffuse  maxexp   minexp   lmax     lmin    
0        0        24863    2021     78       9        108      99       5.61     5.61     2        0       
1        0        24863    2012     75       9        108      99       5.61     5.61     2        0       
2        0        24863    2012     75       9        108      99       5.61     5.61     2        0       
3        0        24863    2021     78       9        108      99       5.61     5.61     2        0       
-        1        1377     1377     1377     108      108      108      2.11     0.35     2        0       
ISDF-pts:       0.28
ISDF-vec:       0.02
Fit dense grids ISDF:       0.30
Fit sparse grids ISDF:       0.00

Grid     PWs      Ng_i     N_xi     N_mu    
0        24863    8066     306      432     
1        1377     1377     1377     108     

nTHC: 1683
Mem Required (MB):       3.84
Curent RAM Use (MB) :        141 

Build W
ISDF-fft dense grids (sec):       0.52
Curent RAM Use (MB) :        114 
ISDF-fft:       0.52

Initial guess from minao.
Big error detected in the electron number of initial guess density matrix (Ne/cell = 16.1866)!
  This can cause huge error in Fock matrix and lead to instability in SCF for low-dimensional systems.
  DM is normalized wrt the number of electrons 16
Successfully loaded dm0 from ../../../gdf-64/tmp/scf.h5
Successfully loaded h1e and s1e from ../../../gdf-64/tmp/scf.h5
~/packages/PeriodicIntegrals/PeriodicIntegrals-junjie-benchmark/isdfx/isdfx.py +4733
[[ 4.86172193e-01 -1.39157814e-02 -5.48149956e-03 ...  9.13456109e-03
  -1.21802416e-02  1.75790149e-03]
 [-1.39157814e-02  4.75208863e-04  1.59535658e-03 ... -2.68386526e-04
   3.57437715e-04 -5.16897598e-05]
 [-5.48149956e-03  1.59535658e-03  7.83114655e-01 ... -3.52104339e-02
   2.41358660e-03  2.11413002e-02]
 ...
 [ 9.13456109e-03 -2.68386526e-04 -3.52104339e-02 ...  3.43456457e-03
  -5.43261351e-04  7.05178178e-04]
 [-1.21802416e-02  3.57437715e-04  2.41358660e-03 ... -5.43261351e-04
   3.66659588e-03  2.15409911e-04]
 [ 1.75790149e-03 -5.16897598e-05  2.11413002e-02 ...  7.05178178e-04
   2.15409911e-04  4.13531469e-03]]
[[ 3.43138044e-01 -3.21239995e-01  1.48819146e-01 ... -8.35271853e-01
   9.05003501e-01  1.01235205e+00]
 [-1.26902860e-02  8.66516395e-03  1.21082496e-03 ... -8.65349065e-01
   8.82649247e-01  8.22969836e-01]
 [-2.65227932e-04  7.02796132e-02  1.33403637e-01 ... -4.67579470e-05
  -1.52561423e-02  1.44412452e-01]
 ...
 [-1.80384789e-04 -1.52432558e-02 -1.74880003e-03 ... -3.73965876e-04
  -3.82990561e-02 -5.44957798e-02]
 [ 2.40652775e-04  2.03248609e-02  2.33165397e-03 ...  5.15109871e-04
   5.10645343e-02  7.26857653e-02]
 [-3.47635032e-05 -2.93364175e-03 -3.36699731e-04 ... -7.68381247e-05
  -7.37483546e-03 -1.04905210e-02]]
[2. 2. 2. 2. 2. 2. 2. 2. 0. 0. 0. 0. 0. 0. 0. 0. 0. 0. 0. 0. 0. 0. 0. 0.
 0. 0. 0. 0. 0. 0. 0. 0. 0. 0. 0. 0. 0. 0. 0. 0. 0. 0. 0. 0. 0. 0. 0. 0.
 0. 0. 0. 0.]
~/packages/PeriodicIntegrals/PeriodicIntegrals-junjie-benchmark/isdfx/isdfx.py +4733
[[ 4.86172193e-01 -1.39157814e-02 -5.48149956e-03 ...  9.13456109e-03
  -1.21802416e-02  1.75790149e-03]
 [-1.39157814e-02  4.75208863e-04  1.59535658e-03 ... -2.68386526e-04
   3.57437715e-04 -5.16897598e-05]
 [-5.48149956e-03  1.59535658e-03  7.83114655e-01 ... -3.52104339e-02
   2.41358660e-03  2.11413002e-02]
 ...
 [ 9.13456109e-03 -2.68386526e-04 -3.52104339e-02 ...  3.43456457e-03
  -5.43261351e-04  7.05178178e-04]
 [-1.21802416e-02  3.57437715e-04  2.41358660e-03 ... -5.43261351e-04
   3.66659588e-03  2.15409911e-04]
 [ 1.75790149e-03 -5.16897598e-05  2.11413002e-02 ...  7.05178178e-04
   2.15409911e-04  4.13531469e-03]]
[[ 3.43138044e-01 -3.21239995e-01  1.48819146e-01 ... -8.35271853e-01
   9.05003501e-01  1.01235205e+00]
 [-1.26902860e-02  8.66516395e-03  1.21082496e-03 ... -8.65349065e-01
   8.82649247e-01  8.22969836e-01]
 [-2.65227932e-04  7.02796132e-02  1.33403637e-01 ... -4.67579470e-05
  -1.52561423e-02  1.44412452e-01]
 ...
 [-1.80384789e-04 -1.52432558e-02 -1.74880003e-03 ... -3.73965876e-04
  -3.82990561e-02 -5.44957798e-02]
 [ 2.40652775e-04  2.03248609e-02  2.33165397e-03 ...  5.15109871e-04
   5.10645343e-02  7.26857653e-02]
 [-3.47635032e-05 -2.93364175e-03 -3.36699731e-04 ... -7.68381247e-05
  -7.37483546e-03 -1.04905210e-02]]
[2. 2. 2. 2. 2. 2. 2. 2. 0. 0. 0. 0. 0. 0. 0. 0. 0. 0. 0. 0. 0. 0. 0. 0.
 0. 0. 0. 0. 0. 0. 0. 0. 0. 0. 0. 0. 0. 0. 0. 0. 0. 0. 0. 0. 0. 0. 0. 0.
 0. 0. 0. 0.]
start SG
end SG -->  0.006282806396484375


******** <class 'pyscf.pbc.dft.rks.RKS'> ********
method = RKS
initial guess = minao
damping factor = 0
level_shift factor = 0
DIIS = <class 'pyscf.scf.diis.CDIIS'>
diis_start_cycle = 1
diis_space = 8
diis_damp = 0
SCF conv_tol = 1e-08
SCF conv_tol_grad = None
SCF max_cycles = 50
direct_scf = True
direct_scf_tol = 1e-13
chkfile to save SCF result = /central/scratch/yangjunjie/run-scf-spc-diamond-prim-1-1-2-fftisdf-ks-1-100-rcut_epsilon-1e-05-ke_epsilon-0.05-isdf_thresh-0.0005/48100078/tmpid92o2_k
max_memory 409600 MB (current use 126 MB)
******** PBC SCF flags ********
kpt = [0. 0. 0.]
Exchange divergence treatment (exxdiv) = None
DF object = <isdfx.isdfx.ISDFX object at 0x7f1a3184d4f0>
XC functionals = PBE0
small_rho_cutoff = 1e-07
Overwritten attributes  get_ovlp get_hcore  of <class 'pyscf.pbc.dft.rks.RKS'>
Set gradient conv threshold to 0.0001
nelec by numeric integration = 15.999999999385867
    CPU time for vxc      0.62 sec, wall time      0.63 sec
~/packages/PeriodicIntegrals/PeriodicIntegrals-junjie-benchmark/isdfx/isdfx.py +4733
[[ 4.86172193e-01 -1.39157814e-02 -5.48149956e-03 ...  9.13456109e-03
  -1.21802416e-02  1.75790149e-03]
 [-1.39157814e-02  4.75208863e-04  1.59535658e-03 ... -2.68386526e-04
   3.57437715e-04 -5.16897598e-05]
 [-5.48149956e-03  1.59535658e-03  7.83114655e-01 ... -3.52104339e-02
   2.41358660e-03  2.11413002e-02]
 ...
 [ 9.13456109e-03 -2.68386526e-04 -3.52104339e-02 ...  3.43456457e-03
  -5.43261351e-04  7.05178178e-04]
 [-1.21802416e-02  3.57437715e-04  2.41358660e-03 ... -5.43261351e-04
   3.66659588e-03  2.15409911e-04]
 [ 1.75790149e-03 -5.16897598e-05  2.11413002e-02 ...  7.05178178e-04
   2.15409911e-04  4.13531469e-03]]
[[ 3.43138044e-01 -3.21239995e-01  1.48819146e-01 ... -8.35271853e-01
   9.05003501e-01  1.01235205e+00]
 [-1.26902860e-02  8.66516395e-03  1.21082496e-03 ... -8.65349065e-01
   8.82649247e-01  8.22969836e-01]
 [-2.65227932e-04  7.02796132e-02  1.33403637e-01 ... -4.67579470e-05
  -1.52561423e-02  1.44412452e-01]
 ...
 [-1.80384789e-04 -1.52432558e-02 -1.74880003e-03 ... -3.73965876e-04
  -3.82990561e-02 -5.44957798e-02]
 [ 2.40652775e-04  2.03248609e-02  2.33165397e-03 ...  5.15109871e-04
   5.10645343e-02  7.26857653e-02]
 [-3.47635032e-05 -2.93364175e-03 -3.36699731e-04 ... -7.68381247e-05
  -7.37483546e-03 -1.04905210e-02]]
[2. 2. 2. 2. 2. 2. 2. 2. 0. 0. 0. 0. 0. 0. 0. 0. 0. 0. 0. 0. 0. 0. 0. 0.
 0. 0. 0. 0. 0. 0. 0. 0. 0. 0. 0. 0. 0. 0. 0. 0. 0. 0. 0. 0. 0. 0. 0. 0.
 0. 0. 0. 0.]
start SG
end SG -->  0.006304025650024414
    CPU time for vj and vk      0.35 sec, wall time      0.35 sec
E1 = 8.784676807250891  Ecoul = 2.827192582311076  Exc = -6.605131737000807
init E= -20.611008543411
    CPU time for initialize scf      0.98 sec, wall time      0.98 sec
  HOMO = 0.617510391840932  LUMO = 0.871926502580408
  mo_energy =
[-2.23597864e-01 -7.28107732e-03  7.95068054e-02  4.86973568e-01
  4.87010595e-01  5.99527383e-01  5.99569576e-01  6.17510392e-01
  8.71926503e-01  8.75240500e-01  8.75251311e-01  9.96350344e-01
  9.96360997e-01  1.02620046e+00  1.22627018e+00  1.38953613e+00
  1.74925035e+00  1.78006601e+00  1.78006858e+00  1.94436839e+00
  1.94438939e+00  2.08926450e+00  2.08927133e+00  2.43892819e+00
  2.44480545e+00  2.44480904e+00  2.51763609e+00  2.51778788e+00
  2.51783665e+00  2.67919859e+00  2.93555524e+00  2.97056435e+00
  2.97059974e+00  3.01082425e+00  3.01085864e+00  3.30312033e+00
  3.59739484e+00  3.59740331e+00  3.64871231e+00  3.64872822e+00
  3.77123945e+00  3.77135041e+00  3.77141277e+00  4.54703119e+00
  4.54704600e+00  4.66023979e+00  4.66444564e+00  4.66445938e+00
  8.76305057e+00  9.09006237e+00  9.10327227e+00  9.14708656e+00]
nelec by numeric integration = 15.999999999385887
    CPU time for vxc      0.59 sec, wall time      0.59 sec
~/packages/PeriodicIntegrals/PeriodicIntegrals-junjie-benchmark/isdfx/isdfx.py +4733
[[ 4.86197750e-01 -1.39127350e-02 -5.46870529e-03 ...  9.13731445e-03
  -1.21803082e-02  1.75799153e-03]
 [-1.39127350e-02  4.75064526e-04  1.59813864e-03 ... -2.68711929e-04
   3.57720530e-04 -5.17409378e-05]
 [-5.46870529e-03  1.59813864e-03  7.83116680e-01 ... -3.52072214e-02
   2.41984234e-03  2.11393385e-02]
 ...
 [ 9.13731445e-03 -2.68711929e-04 -3.52072214e-02 ...  3.43447469e-03
  -5.44108871e-04  7.05104739e-04]
 [-1.21803082e-02  3.57720530e-04  2.41984234e-03 ... -5.44108871e-04
   3.66661797e-03  2.15049507e-04]
 [ 1.75799153e-03 -5.17409378e-05  2.11393385e-02 ...  7.05104739e-04
   2.15049507e-04  4.13413252e-03]]
[[ 3.43151357e-01 -3.21239340e-01  1.48832782e-01 ...  8.36683230e-01
  -9.03087731e-01  1.01176603e+00]
 [-1.26871233e-02  8.66506441e-03  1.21452466e-03 ...  8.67073242e-01
  -8.81070770e-01  8.23089170e-01]
 [-2.64176215e-04  7.02710978e-02  1.33401310e-01 ...  7.98638465e-05
   1.52282585e-02  1.44097894e-01]
 ...
 [-1.77151866e-04 -1.52451870e-02 -1.75028842e-03 ...  3.60542791e-04
   3.82677126e-02 -5.44426374e-02]
 [ 2.40050042e-04  2.03253290e-02  2.33214273e-03 ... -4.84642329e-04
  -5.10335559e-02  7.26123886e-02]
 [-3.50465685e-05 -2.93372371e-03 -3.36169099e-04 ...  7.40521127e-05
   7.36883878e-03 -1.04798610e-02]]
[2. 2. 2. 2. 2. 2. 2. 2. 0. 0. 0. 0. 0. 0. 0. 0. 0. 0. 0. 0. 0. 0. 0. 0.
 0. 0. 0. 0. 0. 0. 0. 0. 0. 0. 0. 0. 0. 0. 0. 0. 0. 0. 0. 0. 0. 0. 0. 0.
 0. 0. 0. 0.]
start SG
end SG -->  0.006289482116699219
    CPU time for vj and vk      0.35 sec, wall time      0.35 sec
E1 = 8.784757189462791  Ecoul = 2.8270808568640136  Exc = -6.605100412122174
cycle= 1 E= -20.6110085617675  delta_E= -1.84e-08  |g|= 3.98e-05  |ddm|= 0.000255
    CPU time for cycle= 1      0.94 sec, wall time      0.95 sec
  HOMO = 0.617505345924232  LUMO = 0.871919813990804
  mo_energy =
[-2.23603124e-01 -7.28823701e-03  7.95053028e-02  4.86965238e-01
  4.87004656e-01  5.99517648e-01  5.99562916e-01  6.17505346e-01
  8.71919814e-01  8.75235898e-01  8.75245439e-01  9.96345067e-01
  9.96353329e-01  1.02619171e+00  1.22626072e+00  1.38952720e+00
  1.74924259e+00  1.78006254e+00  1.78006554e+00  1.94436068e+00
  1.94438398e+00  2.08926162e+00  2.08926930e+00  2.43892085e+00
  2.44480003e+00  2.44480217e+00  2.51762733e+00  2.51777728e+00
  2.51782747e+00  2.67919368e+00  2.93554912e+00  2.97055492e+00
  2.97059042e+00  3.01081552e+00  3.01085086e+00  3.30311143e+00
  3.59738810e+00  3.59739722e+00  3.64870519e+00  3.64872182e+00
  3.77123202e+00  3.77134100e+00  3.77140489e+00  4.54702419e+00
  4.54703941e+00  4.66023215e+00  4.66443780e+00  4.66445189e+00
  8.76302798e+00  9.09004088e+00  9.10324961e+00  9.14706519e+00]
nelec by numeric integration = 15.999999999385883
    CPU time for vxc      0.59 sec, wall time      0.59 sec
~/packages/PeriodicIntegrals/PeriodicIntegrals-junjie-benchmark/isdfx/isdfx.py +4733
[[ 4.86201765e-01 -1.39136399e-02 -5.46530065e-03 ...  9.13726077e-03
  -1.21799186e-02  1.75790199e-03]
 [-1.39136399e-02  4.75102980e-04  1.59790369e-03 ... -2.68719881e-04
   3.57723175e-04 -5.17416358e-05]
 [-5.46530065e-03  1.59790369e-03  7.83120525e-01 ... -3.52085713e-02
   2.41930666e-03  2.11406189e-02]
 ...
 [ 9.13726077e-03 -2.68719881e-04 -3.52085713e-02 ...  3.43466009e-03
  -5.43991033e-04  7.05107700e-04]
 [-1.21799186e-02  3.57723175e-04  2.41930666e-03 ... -5.43991033e-04
   3.66658752e-03  2.15007499e-04]
 [ 1.75790199e-03 -5.17416358e-05  2.11406189e-02 ...  7.05107700e-04
   2.15007499e-04  4.13435516e-03]]
[[ 3.43167947e-01 -3.21223104e-01 -1.48836302e-01 ... -8.37876888e-01
   9.01981420e-01  1.01173425e+00]
 [-1.26879774e-02  8.66502780e-03 -1.21381207e-03 ... -8.68237105e-01
   8.79923704e-01  8.23049665e-01]
 [-2.68097327e-04  7.02731647e-02 -1.33403936e-01 ... -5.96431201e-05
  -1.52282607e-02  1.44098322e-01]
 ...
 [-1.76191982e-04 -1.52455131e-02  1.75068843e-03 ... -3.09931109e-04
  -3.82681469e-02 -5.44427939e-02]
 [ 2.39009313e-04  2.03254469e-02 -2.33272124e-03 ...  4.17223924e-04
   5.10340325e-02  7.26124878e-02]
 [-3.49187803e-05 -2.93372509e-03  3.36267155e-04 ... -6.42883514e-05
  -7.36891404e-03 -1.04798561e-02]]
[2. 2. 2. 2. 2. 2. 2. 2. 0. 0. 0. 0. 0. 0. 0. 0. 0. 0. 0. 0. 0. 0. 0. 0.
 0. 0. 0. 0. 0. 0. 0. 0. 0. 0. 0. 0. 0. 0. 0. 0. 0. 0. 0. 0. 0. 0. 0. 0.
 0. 0. 0. 0.]
start SG
end SG -->  0.006321430206298828
    CPU time for vj and vk      0.35 sec, wall time      0.35 sec
E1 = 8.784746809800582  Ecoul = 2.827095791268441  Exc = -6.605104967068983
cycle= 2 E= -20.6110085619721  delta_E= -2.05e-10  |g|= 2.26e-05  |ddm|= 4.75e-05
    CPU time for cycle= 2      0.94 sec, wall time      0.95 sec
  HOMO = 0.617505900168277  LUMO = 0.871920685897698
  mo_energy =
[-2.23602450e-01 -7.28723570e-03  7.95054103e-02  4.86966335e-01
  4.87005507e-01  5.99518903e-01  5.99563904e-01  6.17505900e-01
  8.71920686e-01  8.75236517e-01  8.75246220e-01  9.96345840e-01
  9.96354396e-01  1.02619278e+00  1.22626195e+00  1.38952827e+00
  1.74924352e+00  1.78006300e+00  1.78006599e+00  1.94436165e+00
  1.94438476e+00  2.08926190e+00  2.08926954e+00  2.43892182e+00
  2.44480078e+00  2.44480303e+00  2.51762840e+00  2.51777865e+00
  2.51782875e+00  2.67919435e+00  2.93554989e+00  2.97055613e+00
  2.97059172e+00  3.01081666e+00  3.01085190e+00  3.30311255e+00
  3.59738894e+00  3.59739807e+00  3.64870615e+00  3.64872274e+00
  3.77123291e+00  3.77134224e+00  3.77140600e+00  4.54702513e+00
  4.54704033e+00  4.66023311e+00  4.66443882e+00  4.66445293e+00
  8.76303078e+00  9.09004319e+00  9.10325278e+00  9.14706787e+00]
nelec by numeric integration = 15.999999999385896
    CPU time for vxc      0.59 sec, wall time      0.59 sec
~/packages/PeriodicIntegrals/PeriodicIntegrals-junjie-benchmark/isdfx/isdfx.py +4733
[[ 4.86199881e-01 -1.39133203e-02 -5.46770914e-03 ...  9.13736651e-03
  -1.21800703e-02  1.75792469e-03]
 [-1.39133203e-02  4.75090524e-04  1.59816516e-03 ... -2.68734272e-04
   3.57741921e-04 -5.17443431e-05]
 [-5.46770914e-03  1.59816516e-03  7.83117016e-01 ... -3.52078757e-02
   2.41954831e-03  2.11402288e-02]
 ...
 [ 9.13736651e-03 -2.68734272e-04 -3.52078757e-02 ...  3.43455753e-03
  -5.44046602e-04  7.05100712e-04]
 [-1.21800703e-02  3.57741921e-04  2.41954831e-03 ... -5.44046602e-04
   3.66655594e-03  2.15035460e-04]
 [ 1.75792469e-03 -5.17443431e-05  2.11402288e-02 ...  7.05100712e-04
   2.15035460e-04  4.13424288e-03]]
[[ 3.43154086e-01 -3.21237312e-01  1.48834442e-01 ...  8.36922193e-01
  -9.02866944e-01  1.01176033e+00]
 [-1.26874087e-02  8.66544879e-03  1.21414598e-03 ...  8.67305976e-01
  -8.80841522e-01  8.23081150e-01]
 [-2.65569150e-04  7.02717132e-02  1.33402071e-01 ...  7.57522210e-05
   1.52283057e-02  1.44098262e-01]
 ...
 [-1.76825542e-04 -1.52452597e-02 -1.75049986e-03 ...  3.50446727e-04
   3.82679138e-02 -5.44427824e-02]
 [ 2.39836057e-04  2.03251184e-02  2.33249628e-03 ... -4.71266468e-04
  -5.10337123e-02  7.26124860e-02]
 [-3.50359059e-05 -2.93367781e-03 -3.36240323e-04 ...  7.20923297e-05
   7.36886547e-03 -1.04798573e-02]]
[2. 2. 2. 2. 2. 2. 2. 2. 0. 0. 0. 0. 0. 0. 0. 0. 0. 0. 0. 0. 0. 0. 0. 0.
 0. 0. 0. 0. 0. 0. 0. 0. 0. 0. 0. 0. 0. 0. 0. 0. 0. 0. 0. 0. 0. 0. 0. 0.
 0. 0. 0. 0.]
start SG
end SG -->  0.00624394416809082
    CPU time for vj and vk      0.35 sec, wall time      0.35 sec
E1 = 8.784748065493876  Ecoul = 2.827094009530076  Exc = -6.605104441062156
Extra cycle  E= -20.6110085620104  delta_E= -3.82e-11  |g|= 1.9e-05  |ddm|= 3.78e-05
    CPU time for scf_cycle      3.81 sec, wall time      3.82 sec
    CPU time for SCF      3.85 sec, wall time      3.87 sec
converged SCF energy = -20.6110085620104
Successfully saved all results to /central/scratch/yangjunjie//run-scf-spc-diamond-prim-1-1-2-fftisdf-ks-1-100-rcut_epsilon-1e-05-ke_epsilon-0.05-isdf_thresh-0.0005/48100078/scf.h5
