SLURMD_NODENAME = hpc-54-36
Start time = Tue Mar 18 01:01:21 PM PDT 2025
OMP_NUM_THREADS = 1
MKL_NUM_THREADS = 1
PYSCF_MAX_MEMORY = 409600
TMPDIR = /central/scratch/yangjunjie//run-scf-spc-diamond-prim-1-1-2-fftisdf-ks-1-100-rcut_epsilon-1e-05-ke_epsilon-0.05-isdf_thresh-0.0005/48068300/
PYSCF_TMPDIR = /central/scratch/yangjunjie//run-scf-spc-diamond-prim-1-1-2-fftisdf-ks-1-100-rcut_epsilon-1e-05-ke_epsilon-0.05-isdf_thresh-0.0005/48068300/

/home/junjiey/anaconda3/envs/fftisdf/bin/python
2.8.0
1.13.1
2.0.2
fft_engine = NUMPY+BLAS
name = diamond-prim
ke_cutoff =  1.00e+02
exxdiv = None
df = fftisdf-ks
chk_path = ../../../gdf-32/tmp/scf.h5
mesh = 1,1,2
rcut_epsilon =  1.00e-05
ke_epsilon =  5.00e-02
isdf_thresh =  5.00e-04

Discarded 6 diffused primitive functions, 0 contracted functions
ke_cutoff = 100.0
None

******** <class 'ISDFX'> ********
lin_dep_thresh: 1e-10
alpha_cutoff: 2.8
rcut_epsilon: 1e-05
ke_epsilon: 0.05
isdf_thresh: 0.0005
grid_vol_cutoff: 0.05
ke_step: 2.0
ao_tol: 1e-12
multigrid_on: True
direct_j: True
iterative_build: True
occRI: True
voronoi: True
fit_sparse_grid: False
fit_dense_grid: True
direct_k_sparse: True
direct_k: False
use_kpt_symm: False
kmesh: [1, 1, 1]
isdf_pts_from_q0: True
isdf_pts_from_gamma_point: False
alpha: None
do_real_isdf: False
N_xi: None
use_cell_periodic: False
isdf_thresh_sparse: None
ncopy: [1, 1, 1]
j_grid_mesh: None
k_grid_mesh: None
num_j_grids: 100
get_ao_from_pyscf: False
nuc_pp_version: 0
vppnl_ver: 0
universal_dense_grid: None
same_jk_grids: None
coulomb_only: False
max_memory   409600 MB (current use       90 MB)

Exchange function: getK_occRI  

cell mesh: [23 23 47]
nbas:  48
Grid     keMax    keMin    keGrid   expMax   expMin   nexp     lmax     PWs      mesh        
0        33.6     33.6     105.5    5.6      5.6      1        2        24863    [23 23 47]
1        12.7     2.1      12.7     2.1      0.3      3        2        1377     [ 9  9 17]
0        59.4     52.8     105.5    5.6      5.6      1        2        24863    [23 23 47]
1        22.4     3.7      22.4     2.1      0.3      3        2        3887     [13 13 23]

ISDF

atm      grid     Ng       NI       Nxi      sharp    on_grid  diffuse  maxexp   minexp   lmax     lmin    
0        0        24863    2021     78       9        108      99       5.61     5.61     2        0       
1        0        24863    2012     75       9        108      99       5.61     5.61     2        0       
2        0        24863    2012     75       9        108      99       5.61     5.61     2        0       
3        0        24863    2021     78       9        108      99       5.61     5.61     2        0       
-        1        1377     1377     1377     108      108      108      2.11     0.35     2        0       
ISDF-pts:       0.31
ISDF-vec:       0.02
Fit dense grids ISDF:       0.32
Fit sparse grids ISDF:       0.00

Grid     PWs      Ng_i     N_xi     N_mu    
0        24863    8066     306      432     
1        1377     1377     1377     108     

nTHC: 1683
Mem Required (MB):       3.84
Curent RAM Use (MB) :        137 

Build W
ISDF-fft dense grids (sec):       0.55
Curent RAM Use (MB) :        109 
ISDF-fft:       0.55

Initial guess from minao.
Big error detected in the electron number of initial guess density matrix (Ne/cell = 16.1866)!
  This can cause huge error in Fock matrix and lead to instability in SCF for low-dimensional systems.
  DM is normalized wrt the number of electrons 16
Successfully loaded dm0 from ../../../gdf-32/tmp/scf.h5
~/packages/PeriodicIntegrals/PeriodicIntegrals-junjie-benchmark/isdfx/isdfx.py +4733
[[ 4.86172193e-01 -1.39157814e-02 -5.48149956e-03 ...  9.13456109e-03
  -1.21802416e-02  1.75790149e-03]
 [-1.39157814e-02  4.75208863e-04  1.59535658e-03 ... -2.68386526e-04
   3.57437715e-04 -5.16897598e-05]
 [-5.48149956e-03  1.59535658e-03  7.83114655e-01 ... -3.52104339e-02
   2.41358660e-03  2.11413002e-02]
 ...
 [ 9.13456109e-03 -2.68386526e-04 -3.52104339e-02 ...  3.43456457e-03
  -5.43261351e-04  7.05178178e-04]
 [-1.21802416e-02  3.57437715e-04  2.41358660e-03 ... -5.43261351e-04
   3.66659588e-03  2.15409911e-04]
 [ 1.75790149e-03 -5.16897598e-05  2.11413002e-02 ...  7.05178178e-04
   2.15409911e-04  4.13531469e-03]]
[[ 3.43138044e-01 -3.21239995e-01  1.48819146e-01 ... -8.35271853e-01
   9.05003501e-01  1.01235205e+00]
 [-1.26902860e-02  8.66516395e-03  1.21082496e-03 ... -8.65349065e-01
   8.82649247e-01  8.22969836e-01]
 [-2.65227932e-04  7.02796132e-02  1.33403637e-01 ... -4.67579473e-05
  -1.52561423e-02  1.44412452e-01]
 ...
 [-1.80384789e-04 -1.52432558e-02 -1.74880003e-03 ... -3.73965876e-04
  -3.82990561e-02 -5.44957798e-02]
 [ 2.40652775e-04  2.03248609e-02  2.33165397e-03 ...  5.15109870e-04
   5.10645343e-02  7.26857653e-02]
 [-3.47635032e-05 -2.93364175e-03 -3.36699731e-04 ... -7.68381247e-05
  -7.37483546e-03 -1.04905210e-02]]
[2. 2. 2. 2. 2. 2. 2. 2. 0. 0. 0. 0. 0. 0. 0. 0. 0. 0. 0. 0. 0. 0. 0. 0.
 0. 0. 0. 0. 0. 0. 0. 0. 0. 0. 0. 0. 0. 0. 0. 0. 0. 0. 0. 0. 0. 0. 0. 0.
 0. 0. 0. 0.]
~/packages/PeriodicIntegrals/PeriodicIntegrals-junjie-benchmark/isdfx/isdfx.py +4733
[[ 4.86172193e-01 -1.39157814e-02 -5.48149956e-03 ...  9.13456109e-03
  -1.21802416e-02  1.75790149e-03]
 [-1.39157814e-02  4.75208863e-04  1.59535658e-03 ... -2.68386526e-04
   3.57437715e-04 -5.16897598e-05]
 [-5.48149956e-03  1.59535658e-03  7.83114655e-01 ... -3.52104339e-02
   2.41358660e-03  2.11413002e-02]
 ...
 [ 9.13456109e-03 -2.68386526e-04 -3.52104339e-02 ...  3.43456457e-03
  -5.43261351e-04  7.05178178e-04]
 [-1.21802416e-02  3.57437715e-04  2.41358660e-03 ... -5.43261351e-04
   3.66659588e-03  2.15409911e-04]
 [ 1.75790149e-03 -5.16897598e-05  2.11413002e-02 ...  7.05178178e-04
   2.15409911e-04  4.13531469e-03]]
[[ 3.43138044e-01 -3.21239995e-01  1.48819146e-01 ... -8.35271853e-01
   9.05003501e-01  1.01235205e+00]
 [-1.26902860e-02  8.66516395e-03  1.21082496e-03 ... -8.65349065e-01
   8.82649247e-01  8.22969836e-01]
 [-2.65227932e-04  7.02796132e-02  1.33403637e-01 ... -4.67579473e-05
  -1.52561423e-02  1.44412452e-01]
 ...
 [-1.80384789e-04 -1.52432558e-02 -1.74880003e-03 ... -3.73965876e-04
  -3.82990561e-02 -5.44957798e-02]
 [ 2.40652775e-04  2.03248609e-02  2.33165397e-03 ...  5.15109870e-04
   5.10645343e-02  7.26857653e-02]
 [-3.47635032e-05 -2.93364175e-03 -3.36699731e-04 ... -7.68381247e-05
  -7.37483546e-03 -1.04905210e-02]]
[2. 2. 2. 2. 2. 2. 2. 2. 0. 0. 0. 0. 0. 0. 0. 0. 0. 0. 0. 0. 0. 0. 0. 0.
 0. 0. 0. 0. 0. 0. 0. 0. 0. 0. 0. 0. 0. 0. 0. 0. 0. 0. 0. 0. 0. 0. 0. 0.
 0. 0. 0. 0.]
start SG
end SG -->  0.006894350051879883


******** <class 'pyscf.pbc.dft.rks.RKS'> ********
method = RKS
initial guess = minao
damping factor = 0
level_shift factor = 0
DIIS = <class 'pyscf.scf.diis.CDIIS'>
diis_start_cycle = 1
diis_space = 8
diis_damp = 0
SCF conv_tol = 1e-08
SCF conv_tol_grad = None
SCF max_cycles = 50
direct_scf = True
direct_scf_tol = 1e-13
chkfile to save SCF result = /central/scratch/yangjunjie/run-scf-spc-diamond-prim-1-1-2-fftisdf-ks-1-100-rcut_epsilon-1e-05-ke_epsilon-0.05-isdf_thresh-0.0005/48068300/tmpbr_3rj8q
max_memory 409600 MB (current use 120 MB)
******** PBC SCF flags ********
kpt = [0. 0. 0.]
Exchange divergence treatment (exxdiv) = None
DF object = <isdfx.isdfx.ISDFX object at 0x7fed96492850>
XC functionals = PBE0
small_rho_cutoff = 1e-07
Set gradient conv threshold to 0.0001
nelec by numeric integration = 15.999999999385878
    CPU time for vxc      0.68 sec, wall time      0.68 sec
~/packages/PeriodicIntegrals/PeriodicIntegrals-junjie-benchmark/isdfx/isdfx.py +4733
[[ 4.86172193e-01 -1.39157814e-02 -5.48149956e-03 ...  9.13456109e-03
  -1.21802416e-02  1.75790149e-03]
 [-1.39157814e-02  4.75208863e-04  1.59535658e-03 ... -2.68386526e-04
   3.57437715e-04 -5.16897598e-05]
 [-5.48149956e-03  1.59535658e-03  7.83114655e-01 ... -3.52104339e-02
   2.41358660e-03  2.11413002e-02]
 ...
 [ 9.13456109e-03 -2.68386526e-04 -3.52104339e-02 ...  3.43456457e-03
  -5.43261351e-04  7.05178178e-04]
 [-1.21802416e-02  3.57437715e-04  2.41358660e-03 ... -5.43261351e-04
   3.66659588e-03  2.15409911e-04]
 [ 1.75790149e-03 -5.16897598e-05  2.11413002e-02 ...  7.05178178e-04
   2.15409911e-04  4.13531469e-03]]
[[ 3.43138044e-01 -3.21239995e-01  1.48819146e-01 ... -8.35271853e-01
   9.05003501e-01  1.01235205e+00]
 [-1.26902860e-02  8.66516395e-03  1.21082496e-03 ... -8.65349065e-01
   8.82649247e-01  8.22969836e-01]
 [-2.65227932e-04  7.02796132e-02  1.33403637e-01 ... -4.67579473e-05
  -1.52561423e-02  1.44412452e-01]
 ...
 [-1.80384789e-04 -1.52432558e-02 -1.74880003e-03 ... -3.73965876e-04
  -3.82990561e-02 -5.44957798e-02]
 [ 2.40652775e-04  2.03248609e-02  2.33165397e-03 ...  5.15109870e-04
   5.10645343e-02  7.26857653e-02]
 [-3.47635032e-05 -2.93364175e-03 -3.36699731e-04 ... -7.68381247e-05
  -7.37483546e-03 -1.04905210e-02]]
[2. 2. 2. 2. 2. 2. 2. 2. 0. 0. 0. 0. 0. 0. 0. 0. 0. 0. 0. 0. 0. 0. 0. 0.
 0. 0. 0. 0. 0. 0. 0. 0. 0. 0. 0. 0. 0. 0. 0. 0. 0. 0. 0. 0. 0. 0. 0. 0.
 0. 0. 0. 0.]
start SG
end SG -->  0.006846189498901367
    CPU time for vj and vk      0.39 sec, wall time      0.39 sec
E1 = 8.784676794060283  Ecoul = 2.8271925823110764  Exc = -6.6051317370008125
init E= -20.6110085566016
    CPU time for initialize scf      1.64 sec, wall time      1.65 sec
  HOMO = 0.617510390846845  LUMO = 0.871926503596706
  mo_energy =
[-2.23597866e-01 -7.28107671e-03  7.95068052e-02  4.86973568e-01
  4.87010593e-01  5.99527383e-01  5.99569574e-01  6.17510391e-01
  8.71926504e-01  8.75240502e-01  8.75251311e-01  9.96350345e-01
  9.96360995e-01  1.02620046e+00  1.22627018e+00  1.38953613e+00
  1.74925034e+00  1.78006601e+00  1.78006858e+00  1.94436839e+00
  1.94438939e+00  2.08926450e+00  2.08927133e+00  2.43892819e+00
  2.44480545e+00  2.44480904e+00  2.51763610e+00  2.51778789e+00
  2.51783664e+00  2.67919859e+00  2.93555524e+00  2.97056435e+00
  2.97059973e+00  3.01082425e+00  3.01085863e+00  3.30312035e+00
  3.59739483e+00  3.59740330e+00  3.64871232e+00  3.64872822e+00
  3.77123944e+00  3.77135041e+00  3.77141274e+00  4.54703119e+00
  4.54704600e+00  4.66023982e+00  4.66444567e+00  4.66445941e+00
  8.76305062e+00  9.09006242e+00  9.10327232e+00  9.14708661e+00]
nelec by numeric integration = 15.999999999385878
    CPU time for vxc      0.64 sec, wall time      0.65 sec
~/packages/PeriodicIntegrals/PeriodicIntegrals-junjie-benchmark/isdfx/isdfx.py +4733
[[ 4.86197749e-01 -1.39127357e-02 -5.46870527e-03 ...  9.13731455e-03
  -1.21803080e-02  1.75799157e-03]
 [-1.39127357e-02  4.75064569e-04  1.59813865e-03 ... -2.68711952e-04
   3.57720556e-04 -5.17409417e-05]
 [-5.46870527e-03  1.59813865e-03  7.83116681e-01 ... -3.52072211e-02
   2.41984236e-03  2.11393381e-02]
 ...
 [ 9.13731455e-03 -2.68711952e-04 -3.52072211e-02 ...  3.43447464e-03
  -5.44108879e-04  7.05104727e-04]
 [-1.21803080e-02  3.57720556e-04  2.41984236e-03 ... -5.44108879e-04
   3.66661791e-03  2.15049491e-04]
 [ 1.75799157e-03 -5.17409417e-05  2.11393381e-02 ...  7.05104727e-04
   2.15049491e-04  4.13413241e-03]]
[[ 3.43151356e-01 -3.21239340e-01  1.48832781e-01 ...  8.36683226e-01
  -9.03087736e-01  1.01176604e+00]
 [-1.26871237e-02  8.66506502e-03  1.21452455e-03 ...  8.67073237e-01
  -8.81070774e-01  8.23089172e-01]
 [-2.64176188e-04  7.02710976e-02  1.33401310e-01 ...  7.98664460e-05
   1.52282545e-02  1.44097895e-01]
 ...
 [-1.77151658e-04 -1.52451870e-02 -1.75028852e-03 ...  3.60546356e-04
   3.82677092e-02 -5.44426382e-02]
 [ 2.40050129e-04  2.03253287e-02  2.33214250e-03 ... -4.84640148e-04
  -5.10335577e-02  7.26123886e-02]
 [-3.50465193e-05 -2.93372373e-03 -3.36169104e-04 ...  7.40527210e-05
   7.36883788e-03 -1.04798613e-02]]
[2. 2. 2. 2. 2. 2. 2. 2. 0. 0. 0. 0. 0. 0. 0. 0. 0. 0. 0. 0. 0. 0. 0. 0.
 0. 0. 0. 0. 0. 0. 0. 0. 0. 0. 0. 0. 0. 0. 0. 0. 0. 0. 0. 0. 0. 0. 0. 0.
 0. 0. 0. 0.]
start SG
end SG -->  0.006935834884643555
    CPU time for vj and vk      0.39 sec, wall time      0.39 sec
E1 = 8.784757174258507  Ecoul = 2.8270808592756747  Exc = -6.6051004125190715
cycle= 1 E= -20.6110085749571  delta_E= -1.84e-08  |g|= 3.98e-05  |ddm|= 0.000255
    CPU time for cycle= 1      1.03 sec, wall time      1.04 sec
  HOMO = 0.617505345171976  LUMO = 0.871919815125785
  mo_energy =
[-2.23603126e-01 -7.28823632e-03  7.95053028e-02  4.86965238e-01
  4.87004654e-01  5.99517648e-01  5.99562913e-01  6.17505345e-01
  8.71919815e-01  8.75235900e-01  8.75245439e-01  9.96345067e-01
  9.96353328e-01  1.02619172e+00  1.22626073e+00  1.38952720e+00
  1.74924259e+00  1.78006254e+00  1.78006554e+00  1.94436068e+00
  1.94438398e+00  2.08926162e+00  2.08926930e+00  2.43892085e+00
  2.44480003e+00  2.44480216e+00  2.51762733e+00  2.51777729e+00
  2.51782746e+00  2.67919368e+00  2.93554912e+00  2.97055492e+00
  2.97059041e+00  3.01081552e+00  3.01085086e+00  3.30311145e+00
  3.59738808e+00  3.59739721e+00  3.64870519e+00  3.64872181e+00
  3.77123200e+00  3.77134100e+00  3.77140486e+00  4.54702419e+00
  4.54703940e+00  4.66023218e+00  4.66443783e+00  4.66445192e+00
  8.76302803e+00  9.09004093e+00  9.10324967e+00  9.14706524e+00]
nelec by numeric integration = 15.999999999385883
    CPU time for vxc      0.64 sec, wall time      0.64 sec
~/packages/PeriodicIntegrals/PeriodicIntegrals-junjie-benchmark/isdfx/isdfx.py +4733
[[ 4.86201764e-01 -1.39136406e-02 -5.46530071e-03 ...  9.13726085e-03
  -1.21799184e-02  1.75790203e-03]
 [-1.39136406e-02  4.75103022e-04  1.59790371e-03 ... -2.68719904e-04
   3.57723202e-04 -5.17416396e-05]
 [-5.46530071e-03  1.59790371e-03  7.83120526e-01 ... -3.52085709e-02
   2.41930665e-03  2.11406185e-02]
 ...
 [ 9.13726085e-03 -2.68719904e-04 -3.52085709e-02 ...  3.43466003e-03
  -5.43991037e-04  7.05107688e-04]
 [-1.21799184e-02  3.57723202e-04  2.41930665e-03 ... -5.43991037e-04
   3.66658745e-03  2.15007481e-04]
 [ 1.75790203e-03 -5.17416396e-05  2.11406185e-02 ...  7.05107688e-04
   2.15007481e-04  4.13435505e-03]]
[[ 3.43167946e-01 -3.21223105e-01 -1.48836302e-01 ... -8.37876864e-01
   9.01981444e-01  1.01173425e+00]
 [-1.26879778e-02  8.66502840e-03 -1.21381198e-03 ... -8.68237081e-01
   8.79923728e-01  8.23049667e-01]
 [-2.68097211e-04  7.02731644e-02 -1.33403936e-01 ... -5.96460749e-05
  -1.52282567e-02  1.44098323e-01]
 ...
 [-1.76191790e-04 -1.52455131e-02  1.75068856e-03 ... -3.09935519e-04
  -3.82681435e-02 -5.44427946e-02]
 [ 2.39009412e-04  2.03254465e-02 -2.33272101e-03 ...  4.17222847e-04
   5.10340343e-02  7.26124878e-02]
 [-3.49187342e-05 -2.93372511e-03  3.36267154e-04 ... -6.42891219e-05
  -7.36891314e-03 -1.04798564e-02]]
[2. 2. 2. 2. 2. 2. 2. 2. 0. 0. 0. 0. 0. 0. 0. 0. 0. 0. 0. 0. 0. 0. 0. 0.
 0. 0. 0. 0. 0. 0. 0. 0. 0. 0. 0. 0. 0. 0. 0. 0. 0. 0. 0. 0. 0. 0. 0. 0.
 0. 0. 0. 0.]
start SG
end SG -->  0.007001638412475586
    CPU time for vj and vk      0.39 sec, wall time      0.39 sec
E1 = 8.784746794932824  Ecoul = 2.827095793173128  Exc = -6.605104967295411
cycle= 2 E= -20.6110085751616  delta_E= -2.05e-10  |g|= 2.26e-05  |ddm|= 4.75e-05
    CPU time for cycle= 2      1.03 sec, wall time      1.04 sec
  HOMO = 0.617505899372511  LUMO = 0.871920687016256
  mo_energy =
[-2.23602452e-01 -7.28723503e-03  7.95054102e-02  4.86966335e-01
  4.87005505e-01  5.99518903e-01  5.99563901e-01  6.17505899e-01
  8.71920687e-01  8.75236519e-01  8.75246220e-01  9.96345841e-01
  9.96354394e-01  1.02619278e+00  1.22626195e+00  1.38952827e+00
  1.74924352e+00  1.78006300e+00  1.78006599e+00  1.94436165e+00
  1.94438476e+00  2.08926190e+00  2.08926954e+00  2.43892182e+00
  2.44480078e+00  2.44480303e+00  2.51762840e+00  2.51777866e+00
  2.51782874e+00  2.67919435e+00  2.93554989e+00  2.97055613e+00
  2.97059171e+00  3.01081667e+00  3.01085190e+00  3.30311256e+00
  3.59738893e+00  3.59739806e+00  3.64870615e+00  3.64872274e+00
  3.77123290e+00  3.77134224e+00  3.77140597e+00  4.54702513e+00
  4.54704032e+00  4.66023315e+00  4.66443885e+00  4.66445295e+00
  8.76303083e+00  9.09004324e+00  9.10325284e+00  9.14706793e+00]
nelec by numeric integration = 15.999999999385894
    CPU time for vxc      0.64 sec, wall time      0.65 sec
~/packages/PeriodicIntegrals/PeriodicIntegrals-junjie-benchmark/isdfx/isdfx.py +4733
[[ 4.86199879e-01 -1.39133210e-02 -5.46770916e-03 ...  9.13736659e-03
  -1.21800701e-02  1.75792474e-03]
 [-1.39133210e-02  4.75090566e-04  1.59816517e-03 ... -2.68734296e-04
   3.57741947e-04 -5.17443469e-05]
 [-5.46770916e-03  1.59816517e-03  7.83117017e-01 ... -3.52078754e-02
   2.41954831e-03  2.11402284e-02]
 ...
 [ 9.13736659e-03 -2.68734296e-04 -3.52078754e-02 ...  3.43455747e-03
  -5.44046606e-04  7.05100700e-04]
 [-1.21800701e-02  3.57741947e-04  2.41954831e-03 ... -5.44046606e-04
   3.66655587e-03  2.15035441e-04]
 [ 1.75792474e-03 -5.17443469e-05  2.11402284e-02 ...  7.05100700e-04
   2.15035441e-04  4.13424276e-03]]
[[ 3.43154085e-01 -3.21237312e-01  1.48834441e-01 ...  8.36922184e-01
  -9.02866953e-01  1.01176033e+00]
 [-1.26874091e-02  8.66544939e-03  1.21414588e-03 ...  8.67305967e-01
  -8.80841530e-01  8.23081153e-01]
 [-2.65569081e-04  7.02717130e-02  1.33402071e-01 ...  7.57548717e-05
   1.52283017e-02  1.44098262e-01]
 ...
 [-1.76825340e-04 -1.52452597e-02 -1.75049999e-03 ...  3.50450478e-04
   3.82679104e-02 -5.44427832e-02]
 [ 2.39836144e-04  2.03251181e-02  2.33249606e-03 ... -4.71264516e-04
  -5.10337141e-02  7.26124860e-02]
 [-3.50358578e-05 -2.93367783e-03 -3.36240323e-04 ...  7.20929730e-05
   7.36886458e-03 -1.04798576e-02]]
[2. 2. 2. 2. 2. 2. 2. 2. 0. 0. 0. 0. 0. 0. 0. 0. 0. 0. 0. 0. 0. 0. 0. 0.
 0. 0. 0. 0. 0. 0. 0. 0. 0. 0. 0. 0. 0. 0. 0. 0. 0. 0. 0. 0. 0. 0. 0. 0.
 0. 0. 0. 0.]
start SG
end SG -->  0.006945610046386719
    CPU time for vj and vk      0.38 sec, wall time      0.38 sec
E1 = 8.784748050582259  Ecoul = 2.8270940114980485  Exc = -6.605104441308024
Extra cycle  E= -20.6110085751999  delta_E= -3.83e-11  |g|= 1.9e-05  |ddm|= 3.78e-05
    CPU time for scf_cycle      4.74 sec, wall time      4.76 sec
    CPU time for SCF      4.83 sec, wall time      4.85 sec
converged SCF energy = -20.6110085751999
Successfully saved all results to /central/scratch/yangjunjie//run-scf-spc-diamond-prim-1-1-2-fftisdf-ks-1-100-rcut_epsilon-1e-05-ke_epsilon-0.05-isdf_thresh-0.0005/48068300/scf.h5
