SLURMD_NODENAME = hpc-54-06
Start time = Tue Mar 18 01:58:41 PM PDT 2025
OMP_NUM_THREADS = 1
MKL_NUM_THREADS = 1
PYSCF_MAX_MEMORY = 409600
TMPDIR = /central/scratch/yangjunjie//run-scf-spc-diamond-conv-1-1-2-fftisdf-ks-1-100-rcut_epsilon-1e-05-ke_epsilon-0.01-isdf_thresh-0.0005/48068326/
PYSCF_TMPDIR = /central/scratch/yangjunjie//run-scf-spc-diamond-conv-1-1-2-fftisdf-ks-1-100-rcut_epsilon-1e-05-ke_epsilon-0.01-isdf_thresh-0.0005/48068326/

/home/junjiey/anaconda3/envs/fftisdf/bin/python
2.8.0
1.13.1
2.0.2
fft_engine = NUMPY+BLAS
name = diamond-conv
ke_cutoff =  1.00e+02
exxdiv = None
df = fftisdf-ks
chk_path = ../../../gdf-32/tmp/scf.h5
mesh = 1,1,2
rcut_epsilon =  1.00e-05
ke_epsilon =  1.00e-02
isdf_thresh =  5.00e-04

Discarded 24 diffused primitive functions, 0 contracted functions
ke_cutoff = 100.0
None

******** <class 'ISDFX'> ********
lin_dep_thresh: 1e-10
alpha_cutoff: 2.8
rcut_epsilon: 1e-05
ke_epsilon: 0.01
isdf_thresh: 0.0005
grid_vol_cutoff: 0.05
ke_step: 2.0
ao_tol: 1e-12
multigrid_on: True
direct_j: True
iterative_build: True
occRI: True
voronoi: True
fit_sparse_grid: False
fit_dense_grid: True
direct_k_sparse: True
direct_k: False
use_kpt_symm: False
kmesh: [1, 1, 1]
isdf_pts_from_q0: True
isdf_pts_from_gamma_point: False
alpha: None
do_real_isdf: False
N_xi: None
use_cell_periodic: False
isdf_thresh_sparse: None
ncopy: [1, 1, 1]
j_grid_mesh: None
k_grid_mesh: None
num_j_grids: 100
get_ao_from_pyscf: False
nuc_pp_version: 0
vppnl_ver: 0
universal_dense_grid: None
same_jk_grids: None
coulomb_only: False
max_memory   409600 MB (current use       89 MB)

Exchange function: getK_occRI  

cell mesh: [33 33 67]
nbas:  192
Grid     keMax    keMin    keGrid   expMax   expMin   nexp     lmax     PWs      mesh        
0        51.6     51.6     111.6    5.6      5.6      1        2        72963    [33 33 67]
1        19.5     3.2      19.5     2.1      0.3      3        2        6525     [15 15 29]
0        77.4     55.8     111.6    5.6      5.6      1        2        72963    [33 33 67]
1        29.2     14.6     29.2     2.1      2.1      1        2        12635    [19 19 35]
2        10.6     4.8      10.6     0.8      0.3      2        2        2541     [11 11 21]

ISDF

atm      grid     Ng       NI       Nxi      sharp    on_grid  diffuse  maxexp   minexp   lmax     lmin    
0        0        72963    1458     80       9        279      270      5.61     5.61     2        0       
1        0        72963    1474     81       9        279      270      5.61     5.61     2        0       
2        0        72963    1470     82       9        279      270      5.61     5.61     2        0       
3        0        72963    1487     81       9        279      270      5.61     5.61     2        0       
4        0        72963    1470     82       9        279      270      5.61     5.61     2        0       
5        0        72963    1487     81       9        279      270      5.61     5.61     2        0       
6        0        72963    1464     80       9        279      270      5.61     5.61     2        0       
7        0        72963    1474     81       9        279      270      5.61     5.61     2        0       
8        0        72963    1458     80       9        279      270      5.61     5.61     2        0       
9        0        72963    1487     81       9        279      270      5.61     5.61     2        0       
10       0        72963    1484     78       9        279      270      5.61     5.61     2        0       
11       0        72963    1474     81       9        279      270      5.61     5.61     2        0       
12       0        72963    1484     78       9        279      270      5.61     5.61     2        0       
13       0        72963    1474     81       9        279      270      5.61     5.61     2        0       
14       0        72963    1464     80       9        279      270      5.61     5.61     2        0       
15       0        72963    1487     81       9        279      270      5.61     5.61     2        0       
-        1        6525     6525     6525     432      432      432      2.11     0.35     2        0       
ISDF-pts:       0.76
ISDF-vec:       0.08
Fit dense grids ISDF:       0.84
Fit sparse grids ISDF:       0.00

Grid     PWs      Ng_i     N_xi     N_mu    
0        72963    23596    1288     4464    
1        6525     6525     6525     432     

nTHC: 7813
Mem Required (MB):      74.28
Curent RAM Use (MB) :        213 

Build W
ISDF-fft dense grids (sec):       8.06
Curent RAM Use (MB) :        255 
ISDF-fft:       8.06

Initial guess from minao.
Big error detected in the electron number of initial guess density matrix (Ne/cell = 63.9864)!
  This can cause huge error in Fock matrix and lead to instability in SCF for low-dimensional systems.
  DM is normalized wrt the number of electrons 64
Successfully loaded dm0 from ../../../gdf-32/tmp/scf.h5
~/packages/PeriodicIntegrals/PeriodicIntegrals-junjie-benchmark/isdfx/isdfx.py +4733
[[ 5.92609815e-01 -2.07733389e-02 -1.49374411e-10 ...  3.29312158e-03
  -3.30285561e-03  3.70086867e-13]
 [-2.07733389e-02  8.44685909e-04 -2.19531692e-13 ... -2.09902515e-04
   1.65272475e-04 -3.14121417e-14]
 [-1.49374411e-10 -2.19531692e-13  6.49906929e-01 ...  1.14960616e-04
   2.10995193e-03  3.14505479e-03]
 ...
 [ 3.29312158e-03 -2.09902515e-04  1.14960616e-04 ...  4.46214761e-04
   2.63029861e-08  5.06489513e-15]
 [-3.30285561e-03  1.65272475e-04  2.10995193e-03 ...  2.63029861e-08
   2.26887108e-03  4.99288212e-08]
 [ 3.70086867e-13 -3.14121417e-14  3.14505479e-03 ...  5.06489513e-15
   4.99288212e-08  6.71985021e-04]]
[[ 1.71226849e-01 -1.71868037e-05  2.07241950e-01 ...  2.53723403e-09
  -1.69503661e-11 -1.15456586e+00]
 [-6.74284167e-03  7.43617044e-06 -4.11327152e-03 ...  2.30836473e-09
  -1.52694452e-11 -1.06092267e+00]
 [-9.60288977e-11 -1.84902267e-10 -1.78613800e-11 ... -5.27918257e-02
   1.48520477e-11 -1.18363527e-10]
 ...
 [-6.95558329e-05  1.20762008e-03  1.20741071e-03 ... -1.84653773e-02
  -3.83714359e-12 -4.53892981e-03]
 [ 1.02250060e-07  6.87865355e-08  1.96724149e-07 ...  3.72783696e-05
  -5.79794753e-02 -4.16962067e-02]
 [ 1.72642797e-13 -1.25175997e-14 -4.37896978e-13 ... -2.06932479e-04
   8.52717544e-06 -2.00410681e-13]]
[2. 2. 2. 2. 2. 2. 2. 2. 2. 2. 2. 2. 2. 2. 2. 2. 2. 2. 2. 2. 2. 2. 2. 2.
 2. 2. 2. 2. 2. 2. 2. 2. 0. 0. 0. 0. 0. 0. 0. 0. 0. 0. 0. 0. 0. 0. 0. 0.
 0. 0. 0. 0. 0. 0. 0. 0. 0. 0. 0. 0. 0. 0. 0. 0. 0. 0. 0. 0. 0. 0. 0. 0.
 0. 0. 0. 0. 0. 0. 0. 0. 0. 0. 0. 0. 0. 0. 0. 0. 0. 0. 0. 0. 0. 0. 0. 0.
 0. 0. 0. 0. 0. 0. 0. 0. 0. 0. 0. 0. 0. 0. 0. 0. 0. 0. 0. 0. 0. 0. 0. 0.
 0. 0. 0. 0. 0. 0. 0. 0. 0. 0. 0. 0. 0. 0. 0. 0. 0. 0. 0. 0. 0. 0. 0. 0.
 0. 0. 0. 0. 0. 0. 0. 0. 0. 0. 0. 0. 0. 0. 0. 0. 0. 0. 0. 0. 0. 0. 0. 0.
 0. 0. 0. 0. 0. 0. 0. 0. 0. 0. 0. 0. 0. 0. 0. 0. 0. 0. 0. 0. 0. 0. 0. 0.
 0. 0. 0. 0. 0. 0. 0. 0. 0. 0. 0. 0. 0. 0. 0. 0.]
~/packages/PeriodicIntegrals/PeriodicIntegrals-junjie-benchmark/isdfx/isdfx.py +4733
[[ 5.92609815e-01 -2.07733389e-02 -1.49374411e-10 ...  3.29312158e-03
  -3.30285561e-03  3.70086867e-13]
 [-2.07733389e-02  8.44685909e-04 -2.19531692e-13 ... -2.09902515e-04
   1.65272475e-04 -3.14121417e-14]
 [-1.49374411e-10 -2.19531692e-13  6.49906929e-01 ...  1.14960616e-04
   2.10995193e-03  3.14505479e-03]
 ...
 [ 3.29312158e-03 -2.09902515e-04  1.14960616e-04 ...  4.46214761e-04
   2.63029861e-08  5.06489513e-15]
 [-3.30285561e-03  1.65272475e-04  2.10995193e-03 ...  2.63029861e-08
   2.26887108e-03  4.99288212e-08]
 [ 3.70086867e-13 -3.14121417e-14  3.14505479e-03 ...  5.06489513e-15
   4.99288212e-08  6.71985021e-04]]
[[ 1.71226849e-01 -1.71868037e-05  2.07241950e-01 ...  2.53723403e-09
  -1.69503661e-11 -1.15456586e+00]
 [-6.74284167e-03  7.43617044e-06 -4.11327152e-03 ...  2.30836473e-09
  -1.52694452e-11 -1.06092267e+00]
 [-9.60288977e-11 -1.84902267e-10 -1.78613800e-11 ... -5.27918257e-02
   1.48520477e-11 -1.18363527e-10]
 ...
 [-6.95558329e-05  1.20762008e-03  1.20741071e-03 ... -1.84653773e-02
  -3.83714359e-12 -4.53892981e-03]
 [ 1.02250060e-07  6.87865355e-08  1.96724149e-07 ...  3.72783696e-05
  -5.79794753e-02 -4.16962067e-02]
 [ 1.72642797e-13 -1.25175997e-14 -4.37896978e-13 ... -2.06932479e-04
   8.52717544e-06 -2.00410681e-13]]
[2. 2. 2. 2. 2. 2. 2. 2. 2. 2. 2. 2. 2. 2. 2. 2. 2. 2. 2. 2. 2. 2. 2. 2.
 2. 2. 2. 2. 2. 2. 2. 2. 0. 0. 0. 0. 0. 0. 0. 0. 0. 0. 0. 0. 0. 0. 0. 0.
 0. 0. 0. 0. 0. 0. 0. 0. 0. 0. 0. 0. 0. 0. 0. 0. 0. 0. 0. 0. 0. 0. 0. 0.
 0. 0. 0. 0. 0. 0. 0. 0. 0. 0. 0. 0. 0. 0. 0. 0. 0. 0. 0. 0. 0. 0. 0. 0.
 0. 0. 0. 0. 0. 0. 0. 0. 0. 0. 0. 0. 0. 0. 0. 0. 0. 0. 0. 0. 0. 0. 0. 0.
 0. 0. 0. 0. 0. 0. 0. 0. 0. 0. 0. 0. 0. 0. 0. 0. 0. 0. 0. 0. 0. 0. 0. 0.
 0. 0. 0. 0. 0. 0. 0. 0. 0. 0. 0. 0. 0. 0. 0. 0. 0. 0. 0. 0. 0. 0. 0. 0.
 0. 0. 0. 0. 0. 0. 0. 0. 0. 0. 0. 0. 0. 0. 0. 0. 0. 0. 0. 0. 0. 0. 0. 0.
 0. 0. 0. 0. 0. 0. 0. 0. 0. 0. 0. 0. 0. 0. 0. 0.]
start SG
end SG -->  0.3337855339050293


******** <class 'pyscf.pbc.dft.rks.RKS'> ********
method = RKS
initial guess = minao
damping factor = 0
level_shift factor = 0
DIIS = <class 'pyscf.scf.diis.CDIIS'>
diis_start_cycle = 1
diis_space = 8
diis_damp = 0
SCF conv_tol = 1e-08
SCF conv_tol_grad = None
SCF max_cycles = 50
direct_scf = True
direct_scf_tol = 1e-13
chkfile to save SCF result = /central/scratch/yangjunjie/run-scf-spc-diamond-conv-1-1-2-fftisdf-ks-1-100-rcut_epsilon-1e-05-ke_epsilon-0.01-isdf_thresh-0.0005/48068326/tmp0t3r55rc
max_memory 409600 MB (current use 301 MB)
******** PBC SCF flags ********
kpt = [0. 0. 0.]
Exchange divergence treatment (exxdiv) = None
DF object = <isdfx.isdfx.ISDFX object at 0x7f54c77e27f0>
XC functionals = PBE0
small_rho_cutoff = 1e-07
Set gradient conv threshold to 0.0001
nelec by numeric integration = 63.999999995674415
    CPU time for vxc      4.08 sec, wall time      4.10 sec
~/packages/PeriodicIntegrals/PeriodicIntegrals-junjie-benchmark/isdfx/isdfx.py +4733
[[ 5.92609815e-01 -2.07733389e-02 -1.49374411e-10 ...  3.29312158e-03
  -3.30285561e-03  3.70086867e-13]
 [-2.07733389e-02  8.44685909e-04 -2.19531692e-13 ... -2.09902515e-04
   1.65272475e-04 -3.14121417e-14]
 [-1.49374411e-10 -2.19531692e-13  6.49906929e-01 ...  1.14960616e-04
   2.10995193e-03  3.14505479e-03]
 ...
 [ 3.29312158e-03 -2.09902515e-04  1.14960616e-04 ...  4.46214761e-04
   2.63029861e-08  5.06489513e-15]
 [-3.30285561e-03  1.65272475e-04  2.10995193e-03 ...  2.63029861e-08
   2.26887108e-03  4.99288212e-08]
 [ 3.70086867e-13 -3.14121417e-14  3.14505479e-03 ...  5.06489513e-15
   4.99288212e-08  6.71985021e-04]]
[[ 1.71226849e-01 -1.71868037e-05  2.07241950e-01 ...  2.53723403e-09
  -1.69503661e-11 -1.15456586e+00]
 [-6.74284167e-03  7.43617044e-06 -4.11327152e-03 ...  2.30836473e-09
  -1.52694452e-11 -1.06092267e+00]
 [-9.60288977e-11 -1.84902267e-10 -1.78613800e-11 ... -5.27918257e-02
   1.48520477e-11 -1.18363527e-10]
 ...
 [-6.95558329e-05  1.20762008e-03  1.20741071e-03 ... -1.84653773e-02
  -3.83714359e-12 -4.53892981e-03]
 [ 1.02250060e-07  6.87865355e-08  1.96724149e-07 ...  3.72783696e-05
  -5.79794753e-02 -4.16962067e-02]
 [ 1.72642797e-13 -1.25175997e-14 -4.37896978e-13 ... -2.06932479e-04
   8.52717544e-06 -2.00410681e-13]]
[2. 2. 2. 2. 2. 2. 2. 2. 2. 2. 2. 2. 2. 2. 2. 2. 2. 2. 2. 2. 2. 2. 2. 2.
 2. 2. 2. 2. 2. 2. 2. 2. 0. 0. 0. 0. 0. 0. 0. 0. 0. 0. 0. 0. 0. 0. 0. 0.
 0. 0. 0. 0. 0. 0. 0. 0. 0. 0. 0. 0. 0. 0. 0. 0. 0. 0. 0. 0. 0. 0. 0. 0.
 0. 0. 0. 0. 0. 0. 0. 0. 0. 0. 0. 0. 0. 0. 0. 0. 0. 0. 0. 0. 0. 0. 0. 0.
 0. 0. 0. 0. 0. 0. 0. 0. 0. 0. 0. 0. 0. 0. 0. 0. 0. 0. 0. 0. 0. 0. 0. 0.
 0. 0. 0. 0. 0. 0. 0. 0. 0. 0. 0. 0. 0. 0. 0. 0. 0. 0. 0. 0. 0. 0. 0. 0.
 0. 0. 0. 0. 0. 0. 0. 0. 0. 0. 0. 0. 0. 0. 0. 0. 0. 0. 0. 0. 0. 0. 0. 0.
 0. 0. 0. 0. 0. 0. 0. 0. 0. 0. 0. 0. 0. 0. 0. 0. 0. 0. 0. 0. 0. 0. 0. 0.
 0. 0. 0. 0. 0. 0. 0. 0. 0. 0. 0. 0. 0. 0. 0. 0.]
start SG
end SG -->  0.37740659713745117
    CPU time for vj and vk      2.00 sec, wall time      2.00 sec
E1 = 32.24977427473257  Ecoul = 8.78255097695386  Exc = -26.900847850437753
init E= -88.3395073826398
    CPU time for initialize scf     10.14 sec, wall time     10.19 sec
  HOMO = 0.536084458491794  LUMO = 0.809435745258359
  mo_energy =
[-0.30704888 -0.23038452 -0.23038273  0.01819798  0.01819877  0.01819934
  0.01820019  0.02074388  0.02074597  0.04982679  0.04982748  0.04982833
  0.04982934  0.20942644  0.20942794  0.20942838  0.20942906  0.27475634
  0.27475797  0.28472135  0.28472243  0.28472315  0.28472382  0.35004474
  0.35004526  0.367056    0.36705675  0.36705765  0.36705858  0.5317675
  0.53608413  0.53608446  0.80943575  0.80943642  0.84213356  0.84353787
  0.84353789  0.86872865  0.86872918  0.86987392  0.86987392  0.8698741
  0.86987463  1.07968484  1.07968487  1.07968768  1.07968769  1.08825455
  1.08825483  1.08825484  1.08825594  1.11764364  1.11764467  1.1176447
  1.11764601  1.1350069   1.13500731  1.17884348  1.27842803  1.27842811
  1.27842842  1.27843303  1.27938163  1.27938167  1.59326122  1.59326317
  1.59326318  1.5932677   1.63353002  1.63353148  1.71408149  1.71408581
  1.7149492   1.71495294  1.71495296  1.71496108  1.75642909  1.75799241
  1.87335783  1.87336078  1.90147614  1.9014776   2.04010309  2.04010317
  2.04018391  2.04018392  2.04019131  2.04019145  2.06112723  2.06112948
  2.0611295   2.06113318  2.25906887  2.25906895  2.25907224  2.25907227
  2.34568164  2.3458016   2.34580236  2.34580236  2.3472139   2.34733457
  2.40765157  2.40765157  2.40805498  2.47230706  2.4726437   2.47264393
  2.49628961  2.49628975  2.49629015  2.49629095  2.53729004  2.53729006
  2.53729419  2.53729429  2.768707    2.76870736  2.76870752  2.76870944
  2.78765079  2.78765092  2.7876648   2.78766924  2.7877318   2.78773186
  2.79524065  2.79524129  2.88460084  2.88460161  2.88460165  2.88460496
  2.98052063  2.98052996  2.98053003  2.98053044  2.98075935  2.98076893
  3.02121465  3.02121487  3.02150409  3.02150433  3.0215104   3.02151077
  3.07447423  3.07447429  3.10636196  3.10636198  3.10636208  3.10636351
  3.26842822  3.26843134  3.2684315   3.26843471  3.28599818  3.28600204
  3.35178441  3.35178687  3.41724502  3.41724514  3.41725126  3.41725137
  3.42814217  3.42821298  3.42901555  3.42901648  3.42901653  3.42908437
  3.56124428  3.56379307  3.73143572  3.73165951  3.73165997  3.83440032
  3.83440834  4.3391518   4.33915511  4.33915517  4.33915935  4.62138589
  4.62138593  4.62243872  4.72312818  4.72312876  4.72324692  4.72324712
  4.72362683  4.7236269   4.72370425  4.7237095   4.72392279  4.72392307
  8.67247094  8.85902269  8.85904052  9.00050428  9.01011898  9.014484
  9.01453887  9.01453888  9.01465391  9.02133397  9.0277252   9.03150284
  9.03630374  9.03630376  9.03651447  9.0405501 ]
nelec by numeric integration = 63.99999999567449
    CPU time for vxc      3.84 sec, wall time      3.86 sec
~/packages/PeriodicIntegrals/PeriodicIntegrals-junjie-benchmark/isdfx/isdfx.py +4733
[[ 5.92660353e-01 -2.07738062e-02 -8.61970604e-07 ...  3.28502792e-03
  -3.30294713e-03  2.48533795e-07]
 [-2.07738062e-02  8.44753000e-04 -1.03063035e-06 ... -2.09154074e-04
   1.65274389e-04 -3.90650587e-08]
 [-8.61970604e-07 -1.03063035e-06  6.49883802e-01 ...  1.11408896e-04
   2.10667293e-03  3.15728682e-03]
 ...
 [ 3.28502792e-03 -2.09154074e-04  1.11408896e-04 ...  4.45787980e-04
   1.50097319e-06 -9.96446360e-09]
 [-3.30294713e-03  1.65274389e-04  2.10667293e-03 ...  1.50097319e-06
   2.26903230e-03  2.47853316e-06]
 [ 2.48533795e-07 -3.90650587e-08  3.15728682e-03 ... -9.96446360e-09
   2.47853316e-06  6.71849173e-04]]
[[ 1.71220472e-01  2.06590284e-01  1.62934041e-02 ...  6.01290619e-07
  -2.87766606e-06  1.15356517e+00]
 [-6.74083102e-03 -4.09819622e-03 -3.15190177e-04 ...  5.33204988e-07
  -2.65192825e-06  1.05978790e+00]
 [ 5.58317066e-07  9.82960554e-07 -3.07244552e-07 ...  3.79838945e-02
   3.14776385e-06  1.79339046e-07]
 ...
 [-7.54633958e-05  1.11075463e-03  1.30661320e-03 ... -2.68285502e-03
  -4.89677924e-08  4.51111405e-03]
 [ 1.28951950e-06  1.62126493e-06 -2.44059817e-06 ...  5.35197093e-05
  -5.70370295e-02  4.21179551e-02]
 [ 1.33614546e-06 -8.42641948e-07 -1.67537656e-06 ... -2.19792242e-03
   1.43538948e-05  6.59196826e-09]]
[2. 2. 2. 2. 2. 2. 2. 2. 2. 2. 2. 2. 2. 2. 2. 2. 2. 2. 2. 2. 2. 2. 2. 2.
 2. 2. 2. 2. 2. 2. 2. 2. 0. 0. 0. 0. 0. 0. 0. 0. 0. 0. 0. 0. 0. 0. 0. 0.
 0. 0. 0. 0. 0. 0. 0. 0. 0. 0. 0. 0. 0. 0. 0. 0. 0. 0. 0. 0. 0. 0. 0. 0.
 0. 0. 0. 0. 0. 0. 0. 0. 0. 0. 0. 0. 0. 0. 0. 0. 0. 0. 0. 0. 0. 0. 0. 0.
 0. 0. 0. 0. 0. 0. 0. 0. 0. 0. 0. 0. 0. 0. 0. 0. 0. 0. 0. 0. 0. 0. 0. 0.
 0. 0. 0. 0. 0. 0. 0. 0. 0. 0. 0. 0. 0. 0. 0. 0. 0. 0. 0. 0. 0. 0. 0. 0.
 0. 0. 0. 0. 0. 0. 0. 0. 0. 0. 0. 0. 0. 0. 0. 0. 0. 0. 0. 0. 0. 0. 0. 0.
 0. 0. 0. 0. 0. 0. 0. 0. 0. 0. 0. 0. 0. 0. 0. 0. 0. 0. 0. 0. 0. 0. 0. 0.
 0. 0. 0. 0. 0. 0. 0. 0. 0. 0. 0. 0. 0. 0. 0. 0.]
start SG
end SG -->  0.3687419891357422
    CPU time for vj and vk      1.98 sec, wall time      1.99 sec
E1 = 32.24958611736887  Ecoul = 8.782830674510608  Exc = -26.900940609208
cycle= 1 E= -88.339508601217  delta_E= -1.22e-06  |g|= 0.000208  |ddm|= 0.00178
    CPU time for cycle= 1      5.83 sec, wall time      5.86 sec
  HOMO = 0.536089189510315  LUMO = 0.809437786417927
  mo_energy =
[-0.30704561 -0.23038076 -0.23038019  0.018201    0.01820189  0.01820299
  0.0182037   0.02074715  0.02074952  0.04982977  0.04983058  0.04983216
  0.04983298  0.20943024  0.20943141  0.2094319   0.20943257  0.27476044
  0.27476185  0.28472563  0.28472635  0.28472692  0.28472768  0.35004856
  0.35004949  0.36706025  0.36706095  0.36706171  0.36706269  0.53177206
  0.53608895  0.53608919  0.80943779  0.80943989  0.84213727  0.84354179
  0.84354183  0.8687309   0.86873134  0.86987622  0.86987636  0.86987663
  0.86987765  1.07968997  1.07969019  1.07969283  1.07969305  1.08825782
  1.08825788  1.08825889  1.08825966  1.11764916  1.11765002  1.11765019
  1.11765054  1.13501072  1.13501287  1.17884953  1.2784345   1.27843464
  1.27843532  1.27843866  1.27938754  1.27938781  1.59326569  1.593269
  1.59326909  1.59327235  1.63353403  1.63353526  1.71408688  1.71409277
  1.71495471  1.71496006  1.7149603   1.71496593  1.75643212  1.75799524
  1.87336401  1.8733657   1.90147872  1.90148106  2.04010502  2.04010519
  2.04018667  2.04018718  2.04019547  2.04019559  2.06113164  2.06113412
  2.0611342   2.06113738  2.25907319  2.25907338  2.25907652  2.25907673
  2.34568249  2.34580536  2.3458056   2.34580586  2.34721694  2.34734295
  2.40765573  2.40765574  2.40805912  2.47231253  2.47264966  2.47264983
  2.49629331  2.49629355  2.49629496  2.49629525  2.53729484  2.53729495
  2.53729902  2.53729909  2.7687123   2.76871249  2.76871278  2.76871441
  2.78765527  2.78765546  2.78767066  2.78767445  2.78773847  2.78773862
  2.79524481  2.79524637  2.88460586  2.8846059   2.88460593  2.88460906
  2.98052731  2.98053418  2.98053422  2.98053539  2.98076412  2.98077201
  3.02121915  3.02121931  3.02150843  3.02150848  3.02151458  3.02151496
  3.07447882  3.0744792   3.10636679  3.10636715  3.1063672   3.10636752
  3.26843284  3.26843554  3.26843557  3.26843995  3.28600383  3.28600758
  3.35178935  3.35179181  3.41725033  3.41725039  3.417256    3.41725633
  3.42814492  3.42821792  3.42902063  3.42902132  3.42902165  3.4290913
  3.56125048  3.56379864  3.73144072  3.73166465  3.73166518  3.83440627
  3.83441325  4.33915603  4.33915914  4.3391592   4.33916347  4.62138987
  4.62138994  4.62244342  4.72313606  4.72313765  4.72325113  4.72325135
  4.72362868  4.72362913  4.7237088   4.72371411  4.72392522  4.72392603
  8.67248252  8.85903593  8.85905088  9.0005207   9.01013689  9.01449956
  9.01455538  9.01455606  9.01466929  9.02133376  9.02774464  9.03150796
  9.03631107  9.0363111   9.03651113  9.04055039]
nelec by numeric integration = 63.99999999567459
    CPU time for vxc      3.87 sec, wall time      3.88 sec
~/packages/PeriodicIntegrals/PeriodicIntegrals-junjie-benchmark/isdfx/isdfx.py +4733
[[ 5.92661198e-01 -2.07740168e-02 -7.35923249e-07 ...  3.28483068e-03
  -3.30288736e-03  2.61542776e-07]
 [-2.07740168e-02  8.44755482e-04 -1.05182583e-06 ... -2.09133950e-04
   1.65270340e-04 -4.08072187e-08]
 [-7.35923249e-07 -1.05182583e-06  6.49880098e-01 ...  1.11301720e-04
   2.10678307e-03  3.15726801e-03]
 ...
 [ 3.28483068e-03 -2.09133950e-04  1.11301720e-04 ...  4.45719590e-04
   1.52456166e-06 -1.03797581e-08]
 [-3.30288736e-03  1.65270340e-04  2.10678307e-03 ...  1.52456166e-06
   2.26902259e-03  2.52193084e-06]
 [ 2.61542776e-07 -4.08072187e-08  3.15726801e-03 ... -1.03797581e-08
   2.52193084e-06  6.71874250e-04]]
[[ 1.71220650e-01  1.91393206e-01 -7.94487675e-02 ... -3.25863127e-05
  -9.23866267e-06 -1.15349047e+00]
 [-6.74128779e-03 -3.79945067e-03  1.56858853e-03 ... -2.95632380e-05
  -8.21968017e-06 -1.05970235e+00]
 [-2.50114370e-08  3.25823540e-07  5.97283040e-07 ...  4.24395799e-02
   9.81797910e-08 -1.14699200e-05]
 ...
 [-7.48891922e-05  6.51239211e-04 -1.58586872e-03 ... -1.33798589e-03
  -3.89785582e-07 -4.51702085e-03]
 [ 1.51103771e-06  2.60298053e-06  2.26961897e-06 ...  4.70248013e-05
   5.69593490e-02 -4.21315806e-02]
 [ 1.36034009e-06 -2.79388192e-07  1.88652875e-06 ... -2.19271844e-03
  -1.41958625e-05  6.88659754e-08]]
[2. 2. 2. 2. 2. 2. 2. 2. 2. 2. 2. 2. 2. 2. 2. 2. 2. 2. 2. 2. 2. 2. 2. 2.
 2. 2. 2. 2. 2. 2. 2. 2. 0. 0. 0. 0. 0. 0. 0. 0. 0. 0. 0. 0. 0. 0. 0. 0.
 0. 0. 0. 0. 0. 0. 0. 0. 0. 0. 0. 0. 0. 0. 0. 0. 0. 0. 0. 0. 0. 0. 0. 0.
 0. 0. 0. 0. 0. 0. 0. 0. 0. 0. 0. 0. 0. 0. 0. 0. 0. 0. 0. 0. 0. 0. 0. 0.
 0. 0. 0. 0. 0. 0. 0. 0. 0. 0. 0. 0. 0. 0. 0. 0. 0. 0. 0. 0. 0. 0. 0. 0.
 0. 0. 0. 0. 0. 0. 0. 0. 0. 0. 0. 0. 0. 0. 0. 0. 0. 0. 0. 0. 0. 0. 0. 0.
 0. 0. 0. 0. 0. 0. 0. 0. 0. 0. 0. 0. 0. 0. 0. 0. 0. 0. 0. 0. 0. 0. 0. 0.
 0. 0. 0. 0. 0. 0. 0. 0. 0. 0. 0. 0. 0. 0. 0. 0. 0. 0. 0. 0. 0. 0. 0. 0.
 0. 0. 0. 0. 0. 0. 0. 0. 0. 0. 0. 0. 0. 0. 0. 0.]
start SG
end SG -->  0.3822591304779053
    CPU time for vj and vk      2.01 sec, wall time      2.02 sec
E1 = 32.24961092239454  Ecoul = 8.782794454707465  Exc = -26.900929206586454
cycle= 2 E= -88.3395086133729  delta_E= -1.22e-08  |g|= 0.000109  |ddm|= 0.000257
    CPU time for cycle= 2      5.90 sec, wall time      5.92 sec
  HOMO = 0.536088781731134  LUMO = 0.809437766541741
  mo_energy =
[-0.30704594 -0.23038134 -0.23038023  0.01820087  0.01820163  0.01820239
  0.01820335  0.02074695  0.02074905  0.04982966  0.04983034  0.04983145
  0.04983258  0.20942999  0.20943117  0.20943161  0.20943223  0.27476009
  0.27476151  0.28472533  0.28472602  0.28472661  0.28472731  0.35004831
  0.35004894  0.36705993  0.36706064  0.36706135  0.36706223  0.53177162
  0.53608853  0.53608878  0.80943777  0.80943932  0.84213691  0.84354145
  0.84354148  0.86873066  0.86873112  0.869876    0.86987613  0.86987641
  0.86987707  1.07968947  1.07968968  1.07969242  1.07969262  1.08825782
  1.08825791  1.08825846  1.08825871  1.11764884  1.11764938  1.11764948
  1.11765027  1.13501059  1.13501207  1.17884897  1.27843389  1.278434
  1.27843467  1.27843812  1.27938701  1.27938727  1.5932658   1.59326798
  1.59326809  1.59327242  1.6335337   1.63353496  1.71408703  1.7140914
  1.71495486  1.71495874  1.71495897  1.71496625  1.75643194  1.75799505
  1.8733634   1.87336525  1.90147885  1.90148052  2.04010493  2.04010506
  2.04018655  2.04018671  2.04019495  2.04019515  2.06113157  2.06113352
  2.06113364  2.06113724  2.25907272  2.25907286  2.25907623  2.2590764
  2.34568187  2.3458051   2.34580568  2.34580594  2.34721722  2.34734206
  2.40765533  2.40765533  2.40805872  2.47231198  2.47264912  2.4726493
  2.49629338  2.49629351  2.49629398  2.49629468  2.53729437  2.53729448
  2.53729856  2.53729864  2.76871198  2.76871206  2.7687122   2.76871387
  2.78765499  2.78765518  2.78767018  2.78767389  2.78773774  2.78773781
  2.79524455  2.79524576  2.88460556  2.88460564  2.88460567  2.88460865
  2.98052665  2.98053399  2.98053403  2.98053475  2.98076399  2.98077175
  3.02121866  3.02121882  3.02150799  3.02150807  3.02151424  3.02151455
  3.07447835  3.07447909  3.10636636  3.10636642  3.10636663  3.10636739
  3.26843252  3.2684355   3.26843558  3.26843892  3.28600336  3.28600747
  3.35178903  3.35179136  3.41724965  3.41724976  3.41725574  3.41725599
  3.42814526  3.42821747  3.42902006  3.42902088  3.42902118  3.42909046
  3.56125022  3.56379831  3.73144025  3.73166419  3.73166471  3.83440569
  3.83441294  4.33915547  4.33915874  4.33915887  4.33916299  4.62138933
  4.62138939  4.62244292  4.72313389  4.72313408  4.72325069  4.72325096
  4.72362925  4.72362948  4.72370827  4.72371369  4.72392637  4.72392659
  8.67248099  8.85903445  8.85904881  9.00051953  9.01013315  9.01448994
  9.01455326  9.01455349  9.01466781  9.02132933  9.02774469  9.03150922
  9.03631429  9.03631461  9.03651421  9.04054816]
nelec by numeric integration = 63.9999999956746
    CPU time for vxc      3.87 sec, wall time      3.89 sec
~/packages/PeriodicIntegrals/PeriodicIntegrals-junjie-benchmark/isdfx/isdfx.py +4733
[[ 5.92663032e-01 -2.07741826e-02 -1.26893030e-06 ...  3.28480536e-03
  -3.30290667e-03  2.56800090e-07]
 [-2.07741826e-02  8.44765817e-04 -9.91601945e-07 ... -2.09131917e-04
   1.65274559e-04 -4.02855464e-08]
 [-1.26893030e-06 -9.91601945e-07  6.49879728e-01 ...  1.11276195e-04
   2.10664895e-03  3.15748383e-03]
 ...
 [ 3.28480536e-03 -2.09131917e-04  1.11276195e-04 ...  4.45723325e-04
   1.54649019e-06 -1.08130281e-08]
 [-3.30290667e-03  1.65274559e-04  2.10664895e-03 ...  1.54649019e-06
   2.26906060e-03  2.55830397e-06]
 [ 2.56800090e-07 -4.02855464e-08  3.15748383e-03 ... -1.08130281e-08
   2.55830397e-06  6.71898700e-04]]
[[ 1.71218773e-01  2.05330978e-01  2.80121950e-02 ...  3.55763807e-05
  -3.01290716e-06  1.15359323e+00]
 [-6.74122113e-03 -4.07403050e-03 -5.47719662e-04 ...  3.17243525e-05
  -2.61878635e-06  1.05980160e+00]
 [ 3.24497103e-07  6.59843699e-07 -4.08984903e-07 ... -5.57270889e-02
   2.74342767e-07  2.29676853e-06]
 ...
 [-7.48300589e-05  1.03408578e-03  1.36726304e-03 ... -1.87055290e-02
  -6.88294232e-08  4.51199969e-03]
 [ 1.51388722e-06  1.82804370e-06 -2.78331716e-06 ...  3.96811184e-05
   5.70118987e-02  4.21239988e-02]
 [ 1.35011143e-06 -7.41890418e-07 -1.74519258e-06 ... -1.50778168e-05
  -1.42561708e-05  1.43913999e-08]]
[2. 2. 2. 2. 2. 2. 2. 2. 2. 2. 2. 2. 2. 2. 2. 2. 2. 2. 2. 2. 2. 2. 2. 2.
 2. 2. 2. 2. 2. 2. 2. 2. 0. 0. 0. 0. 0. 0. 0. 0. 0. 0. 0. 0. 0. 0. 0. 0.
 0. 0. 0. 0. 0. 0. 0. 0. 0. 0. 0. 0. 0. 0. 0. 0. 0. 0. 0. 0. 0. 0. 0. 0.
 0. 0. 0. 0. 0. 0. 0. 0. 0. 0. 0. 0. 0. 0. 0. 0. 0. 0. 0. 0. 0. 0. 0. 0.
 0. 0. 0. 0. 0. 0. 0. 0. 0. 0. 0. 0. 0. 0. 0. 0. 0. 0. 0. 0. 0. 0. 0. 0.
 0. 0. 0. 0. 0. 0. 0. 0. 0. 0. 0. 0. 0. 0. 0. 0. 0. 0. 0. 0. 0. 0. 0. 0.
 0. 0. 0. 0. 0. 0. 0. 0. 0. 0. 0. 0. 0. 0. 0. 0. 0. 0. 0. 0. 0. 0. 0. 0.
 0. 0. 0. 0. 0. 0. 0. 0. 0. 0. 0. 0. 0. 0. 0. 0. 0. 0. 0. 0. 0. 0. 0. 0.
 0. 0. 0. 0. 0. 0. 0. 0. 0. 0. 0. 0. 0. 0. 0. 0.]
start SG
end SG -->  0.36856961250305176
    CPU time for vj and vk      2.01 sec, wall time      2.02 sec
E1 = 32.249608228266936  Ecoul = 8.782798506273375  Exc = -26.90093056647043
cycle= 3 E= -88.3395086158186  delta_E= -2.45e-09  |g|= 4.98e-05  |ddm|= 0.000134
    CPU time for cycle= 3      5.91 sec, wall time      5.93 sec
  HOMO = 0.536088676443275  LUMO = 0.809437576310419
  mo_energy =
[-0.30704603 -0.2303813  -0.23038044  0.01820064  0.01820148  0.01820251
  0.01820322  0.02074676  0.02074907  0.04982938  0.04983015  0.04983163
  0.04983245  0.20942984  0.20943111  0.20943156  0.20943222  0.27476
  0.27476142  0.28472513  0.28472596  0.28472657  0.28472729  0.35004812
  0.35004891  0.36705983  0.36706048  0.36706128  0.36706219  0.53177151
  0.53608842  0.53608868  0.80943758  0.80943935  0.84213681  0.84354135
  0.84354139  0.86873064  0.86873099  0.86987588  0.869876    0.8698764
  0.86987698  1.07968942  1.07968961  1.07969223  1.07969244  1.08825751
  1.08825755  1.08825871  1.08825876  1.11764845  1.11764943  1.1176495
  1.11765008  1.13501035  1.13501206  1.17884881  1.27843368  1.27843382
  1.27843434  1.27843812  1.27938689  1.27938715  1.59326526  1.59326825
  1.59326833  1.59327196  1.63353359  1.63353491  1.71408635  1.71409179
  1.71495417  1.71495913  1.71495936  1.71496559  1.7564319   1.75799501
  1.8733631   1.87336522  1.90147865  1.90148062  2.04010454  2.0401047
  2.04018633  2.04018679  2.04019522  2.04019535  2.06113119  2.0611336
  2.06113368  2.06113708  2.25907268  2.25907286  2.25907602  2.25907622
  2.34568227  2.34580527  2.34580549  2.34580556  2.34721679  2.3473422
  2.40765522  2.40765522  2.40805861  2.47231182  2.47264898  2.47264915
  2.49629295  2.49629318  2.49629434  2.49629467  2.53729427  2.53729437
  2.53729843  2.5372985   2.76871176  2.76871194  2.76871197  2.76871395
  2.78765527  2.78765544  2.78766986  2.78767391  2.78773717  2.78773729
  2.79524433  2.79524577  2.88460542  2.88460552  2.88460556  2.88460874
  2.98052672  2.98053377  2.98053382  2.98053475  2.98076379  2.98077177
  3.02121841  3.02121858  3.02150782  3.021508    3.02151423  3.0215146
  3.0744784   3.07447891  3.10636619  3.10636646  3.10636649  3.10636714
  3.26843255  3.26843519  3.26843522  3.26843918  3.28600335  3.28600733
  3.35178885  3.35179133  3.41724966  3.41724972  3.41725547  3.41725578
  3.42814503  3.42821742  3.42901999  3.42902079  3.4290211   3.4290904
  3.56125017  3.56379824  3.73144012  3.73166407  3.73166459  3.83440562
  3.83441278  4.33915554  4.3391586   4.33915866  4.33916278  4.62138917
  4.62138925  4.62244278  4.72313379  4.72313684  4.72325046  4.72325067
  4.72362854  4.72362953  4.72370828  4.72371342  4.72392432  4.72392604
  8.67248059  8.8590343   8.85904845  9.00051811  9.010133    9.01449459
  9.01455268  9.01455384  9.01466727  9.02133365  9.02774227  9.03150648
  9.03631126  9.03631184  9.03650926  9.04055081]
nelec by numeric integration = 63.99999999567457
    CPU time for vxc      3.88 sec, wall time      3.90 sec
~/packages/PeriodicIntegrals/PeriodicIntegrals-junjie-benchmark/isdfx/isdfx.py +4733
[[ 5.92661623e-01 -2.07740183e-02 -8.69855261e-07 ...  3.28474977e-03
  -3.30288943e-03  2.59311337e-07]
 [-2.07740183e-02  8.44756983e-04 -1.03499888e-06 ... -2.09125303e-04
   1.65272833e-04 -4.05203010e-08]
 [-8.69855261e-07 -1.03499888e-06  6.49877511e-01 ...  1.11247490e-04
   2.10678806e-03  3.15748287e-03]
 ...
 [ 3.28474977e-03 -2.09125303e-04  1.11247490e-04 ...  4.45714489e-04
   1.54781891e-06 -1.05386882e-08]
 [-3.30288943e-03  1.65272833e-04  2.10678806e-03 ...  1.54781891e-06
   2.26904308e-03  2.56180919e-06]
 [ 2.59311337e-07 -4.05203010e-08  3.15748287e-03 ... -1.05386882e-08
   2.56180919e-06  6.71890012e-04]]
[[ 1.71224692e-01 -2.02196659e-01  4.53830122e-02 ... -3.44897614e-05
  -6.43645088e-06 -1.15338371e+00]
 [-6.74130582e-03  4.01232590e-03 -8.92509026e-04 ... -3.10941541e-05
  -5.70627063e-06 -1.05960630e+00]
 [ 9.91328494e-08 -3.89685385e-07 -5.37877118e-07 ...  4.63307025e-02
   3.22633634e-07 -8.94431271e-06]
 ...
 [-7.48256630e-05 -9.13948428e-04  1.45033797e-03 ... -7.06802019e-05
  -3.35347680e-07 -4.51502926e-03]
 [ 1.50796487e-06 -2.09615402e-06 -2.62548657e-06 ...  4.35307012e-05
   5.69721833e-02 -4.21328895e-02]
 [ 1.35457663e-06  5.93076211e-07 -1.80566182e-06 ... -2.20677849e-03
  -1.42376075e-05  5.28642405e-08]]
[2. 2. 2. 2. 2. 2. 2. 2. 2. 2. 2. 2. 2. 2. 2. 2. 2. 2. 2. 2. 2. 2. 2. 2.
 2. 2. 2. 2. 2. 2. 2. 2. 0. 0. 0. 0. 0. 0. 0. 0. 0. 0. 0. 0. 0. 0. 0. 0.
 0. 0. 0. 0. 0. 0. 0. 0. 0. 0. 0. 0. 0. 0. 0. 0. 0. 0. 0. 0. 0. 0. 0. 0.
 0. 0. 0. 0. 0. 0. 0. 0. 0. 0. 0. 0. 0. 0. 0. 0. 0. 0. 0. 0. 0. 0. 0. 0.
 0. 0. 0. 0. 0. 0. 0. 0. 0. 0. 0. 0. 0. 0. 0. 0. 0. 0. 0. 0. 0. 0. 0. 0.
 0. 0. 0. 0. 0. 0. 0. 0. 0. 0. 0. 0. 0. 0. 0. 0. 0. 0. 0. 0. 0. 0. 0. 0.
 0. 0. 0. 0. 0. 0. 0. 0. 0. 0. 0. 0. 0. 0. 0. 0. 0. 0. 0. 0. 0. 0. 0. 0.
 0. 0. 0. 0. 0. 0. 0. 0. 0. 0. 0. 0. 0. 0. 0. 0. 0. 0. 0. 0. 0. 0. 0. 0.
 0. 0. 0. 0. 0. 0. 0. 0. 0. 0. 0. 0. 0. 0. 0. 0.]
start SG
end SG -->  0.3849911689758301
    CPU time for vj and vk      2.02 sec, wall time      2.03 sec
E1 = 32.24960744405055  Ecoul = 8.782799709507863  Exc = -26.90093098529707
Extra cycle  E= -88.3395086156271  delta_E= 1.91e-10  |g|= 5.97e-05  |ddm|= 8.07e-05
    CPU time for scf_cycle     33.70 sec, wall time     33.85 sec
    CPU time for SCF     33.97 sec, wall time     34.12 sec
converged SCF energy = -88.3395086156271
Successfully saved all results to /central/scratch/yangjunjie//run-scf-spc-diamond-conv-1-1-2-fftisdf-ks-1-100-rcut_epsilon-1e-05-ke_epsilon-0.01-isdf_thresh-0.0005/48068326/scf.h5
