SLURMD_NODENAME = hpc-34-31
Start time = Mon Mar 17 03:31:37 PM PDT 2025
OMP_NUM_THREADS = 1
MKL_NUM_THREADS = 1
PYSCF_MAX_MEMORY = 327680
TMPDIR = /central/scratch/yangjunjie//run-scf-spc-diamond-prim-1-1-2-fftdf-occri-1-100-/48048529/
PYSCF_TMPDIR = /central/scratch/yangjunjie//run-scf-spc-diamond-prim-1-1-2-fftdf-occri-1-100-/48048529/

/home/junjiey/anaconda3/envs/fftisdf/bin/python
2.8.0
1.13.1
2.0.2
fft_engine = NUMPY+BLAS
name = diamond-prim
ke_cutoff =  1.00e+02
exxdiv = None
df = fftdf-occri
chk_path = ../../gdf-32/tmp/scf.h5
mesh = 1,1,2

Discarded 6 diffused primitive functions, 0 contracted functions
ke_cutoff = 100.0
None

******** <class 'ISDFX'> ********
lin_dep_thresh: 1e-10
alpha_cutoff: 2.8
rcut_epsilon: 1e-05
ke_epsilon: 1e-05
isdf_thresh: 0.0001
grid_vol_cutoff: 0.05
ke_step: 2.0
ao_tol: 1e-12
multigrid_on: False
direct_j: True
iterative_build: True
occRI: True
voronoi: True
fit_sparse_grid: False
fit_dense_grid: False
direct_k_sparse: True
direct_k: False
use_kpt_symm: False
kmesh: [1, 1, 1]
isdf_pts_from_q0: True
isdf_pts_from_gamma_point: False
alpha: None
do_real_isdf: False
N_xi: None
use_cell_periodic: False
isdf_thresh_sparse: None
ncopy: [1, 1, 1]
j_grid_mesh: None
k_grid_mesh: None
num_j_grids: 100
get_ao_from_pyscf: False
nuc_pp_version: 0
vppnl_ver: 0
universal_dense_grid: None
same_jk_grids: None
coulomb_only: False
max_memory   327680 MB (current use       92 MB)

Exchange function: getK_occRI  

cell mesh: [23 23 47]
nbas:  48
Grid     keMax    keMin    keGrid   expMax   expMin   nexp     lmax     PWs      mesh        
0        100.0    100.0    100.0    5.6      0.3      4        2        24863    [23 23 47]  

ISDF

atm      grid     Ng       NI       Nxi      sharp    on_grid  diffuse  maxexp   minexp   lmax     lmin    
-        1        24863    24863    24863    144      144      144      5.61     0.35     2        0       
ISDF-pts:       0.00
ISDF-vec:       0.00
Fit dense grids ISDF:       0.00
Fit sparse grids ISDF:       0.00

Grid     PWs      Ng_i     N_xi     N_mu    
0        24863    24863    24863    144     
1        24863    24863    24863    144     

nTHC: 49726
Mem Required (MB):       0.00
Curent RAM Use (MB) :        124 

Build W
ISDF-fft dense grids (sec):       0.00
Curent RAM Use (MB) :        124 
ISDF-fft:       0.00

Initial guess from minao.
Big error detected in the electron number of initial guess density matrix (Ne/cell = 16.1866)!
  This can cause huge error in Fock matrix and lead to instability in SCF for low-dimensional systems.
  DM is normalized wrt the number of electrons 16
Successfully loaded dm0 from ../../gdf-32/tmp/scf.h5
~/packages/PeriodicIntegrals/PeriodicIntegrals-junjie-benchmark/isdfx/isdfx.py +4733
[[ 4.86172193e-01 -1.39157814e-02 -5.48149956e-03 ...  9.13456109e-03
  -1.21802416e-02  1.75790149e-03]
 [-1.39157814e-02  4.75208863e-04  1.59535658e-03 ... -2.68386526e-04
   3.57437715e-04 -5.16897598e-05]
 [-5.48149956e-03  1.59535658e-03  7.83114655e-01 ... -3.52104339e-02
   2.41358660e-03  2.11413002e-02]
 ...
 [ 9.13456109e-03 -2.68386526e-04 -3.52104339e-02 ...  3.43456457e-03
  -5.43261351e-04  7.05178178e-04]
 [-1.21802416e-02  3.57437715e-04  2.41358660e-03 ... -5.43261351e-04
   3.66659588e-03  2.15409911e-04]
 [ 1.75790149e-03 -5.16897598e-05  2.11413002e-02 ...  7.05178178e-04
   2.15409911e-04  4.13531469e-03]]
[[ 3.43138044e-01 -3.21239995e-01  1.48819146e-01 ... -8.35271853e-01
   9.05003501e-01  1.01235205e+00]
 [-1.26902860e-02  8.66516395e-03  1.21082496e-03 ... -8.65349065e-01
   8.82649247e-01  8.22969836e-01]
 [-2.65227932e-04  7.02796132e-02  1.33403637e-01 ... -4.67579473e-05
  -1.52561423e-02  1.44412452e-01]
 ...
 [-1.80384789e-04 -1.52432558e-02 -1.74880003e-03 ... -3.73965876e-04
  -3.82990561e-02 -5.44957798e-02]
 [ 2.40652775e-04  2.03248609e-02  2.33165397e-03 ...  5.15109870e-04
   5.10645343e-02  7.26857653e-02]
 [-3.47635032e-05 -2.93364175e-03 -3.36699731e-04 ... -7.68381247e-05
  -7.37483546e-03 -1.04905210e-02]]
[2. 2. 2. 2. 2. 2. 2. 2. 0. 0. 0. 0. 0. 0. 0. 0. 0. 0. 0. 0. 0. 0. 0. 0.
 0. 0. 0. 0. 0. 0. 0. 0. 0. 0. 0. 0. 0. 0. 0. 0. 0. 0. 0. 0. 0. 0. 0. 0.
 0. 0. 0. 0.]
~/packages/PeriodicIntegrals/PeriodicIntegrals-junjie-benchmark/isdfx/isdfx.py +4733
[[ 4.86172193e-01 -1.39157814e-02 -5.48149956e-03 ...  9.13456109e-03
  -1.21802416e-02  1.75790149e-03]
 [-1.39157814e-02  4.75208863e-04  1.59535658e-03 ... -2.68386526e-04
   3.57437715e-04 -5.16897598e-05]
 [-5.48149956e-03  1.59535658e-03  7.83114655e-01 ... -3.52104339e-02
   2.41358660e-03  2.11413002e-02]
 ...
 [ 9.13456109e-03 -2.68386526e-04 -3.52104339e-02 ...  3.43456457e-03
  -5.43261351e-04  7.05178178e-04]
 [-1.21802416e-02  3.57437715e-04  2.41358660e-03 ... -5.43261351e-04
   3.66659588e-03  2.15409911e-04]
 [ 1.75790149e-03 -5.16897598e-05  2.11413002e-02 ...  7.05178178e-04
   2.15409911e-04  4.13531469e-03]]
[[ 3.43138044e-01 -3.21239995e-01  1.48819146e-01 ... -8.35271853e-01
   9.05003501e-01  1.01235205e+00]
 [-1.26902860e-02  8.66516395e-03  1.21082496e-03 ... -8.65349065e-01
   8.82649247e-01  8.22969836e-01]
 [-2.65227932e-04  7.02796132e-02  1.33403637e-01 ... -4.67579473e-05
  -1.52561423e-02  1.44412452e-01]
 ...
 [-1.80384789e-04 -1.52432558e-02 -1.74880003e-03 ... -3.73965876e-04
  -3.82990561e-02 -5.44957798e-02]
 [ 2.40652775e-04  2.03248609e-02  2.33165397e-03 ...  5.15109870e-04
   5.10645343e-02  7.26857653e-02]
 [-3.47635032e-05 -2.93364175e-03 -3.36699731e-04 ... -7.68381247e-05
  -7.37483546e-03 -1.04905210e-02]]
[2. 2. 2. 2. 2. 2. 2. 2. 0. 0. 0. 0. 0. 0. 0. 0. 0. 0. 0. 0. 0. 0. 0. 0.
 0. 0. 0. 0. 0. 0. 0. 0. 0. 0. 0. 0. 0. 0. 0. 0. 0. 0. 0. 0. 0. 0. 0. 0.
 0. 0. 0. 0.]
start SG
end SG -->  0.10139989852905273


******** <class 'pyscf.pbc.dft.rks.RKS'> ********
method = RKS
initial guess = minao
damping factor = 0
level_shift factor = 0
DIIS = <class 'pyscf.scf.diis.CDIIS'>
diis_start_cycle = 1
diis_space = 8
diis_damp = 0
SCF conv_tol = 1e-08
SCF conv_tol_grad = None
SCF max_cycles = 50
direct_scf = True
direct_scf_tol = 1e-13
chkfile to save SCF result = /central/scratch/yangjunjie/run-scf-spc-diamond-prim-1-1-2-fftdf-occri-1-100-/48048529/tmp92_iprh2
max_memory 327680 MB (current use 128 MB)
******** PBC SCF flags ********
kpt = [0. 0. 0.]
Exchange divergence treatment (exxdiv) = None
DF object = <isdfx.isdfx.ISDFX object at 0x7f06acac97f0>
XC functionals = PBE0
small_rho_cutoff = 1e-07
Set gradient conv threshold to 0.0001
nelec by numeric integration = 15.999999999385878
    CPU time for vxc      0.65 sec, wall time      0.65 sec
~/packages/PeriodicIntegrals/PeriodicIntegrals-junjie-benchmark/isdfx/isdfx.py +4733
[[ 4.86172193e-01 -1.39157814e-02 -5.48149956e-03 ...  9.13456109e-03
  -1.21802416e-02  1.75790149e-03]
 [-1.39157814e-02  4.75208863e-04  1.59535658e-03 ... -2.68386526e-04
   3.57437715e-04 -5.16897598e-05]
 [-5.48149956e-03  1.59535658e-03  7.83114655e-01 ... -3.52104339e-02
   2.41358660e-03  2.11413002e-02]
 ...
 [ 9.13456109e-03 -2.68386526e-04 -3.52104339e-02 ...  3.43456457e-03
  -5.43261351e-04  7.05178178e-04]
 [-1.21802416e-02  3.57437715e-04  2.41358660e-03 ... -5.43261351e-04
   3.66659588e-03  2.15409911e-04]
 [ 1.75790149e-03 -5.16897598e-05  2.11413002e-02 ...  7.05178178e-04
   2.15409911e-04  4.13531469e-03]]
[[ 3.43138044e-01 -3.21239995e-01  1.48819146e-01 ... -8.35271853e-01
   9.05003501e-01  1.01235205e+00]
 [-1.26902860e-02  8.66516395e-03  1.21082496e-03 ... -8.65349065e-01
   8.82649247e-01  8.22969836e-01]
 [-2.65227932e-04  7.02796132e-02  1.33403637e-01 ... -4.67579473e-05
  -1.52561423e-02  1.44412452e-01]
 ...
 [-1.80384789e-04 -1.52432558e-02 -1.74880003e-03 ... -3.73965876e-04
  -3.82990561e-02 -5.44957798e-02]
 [ 2.40652775e-04  2.03248609e-02  2.33165397e-03 ...  5.15109870e-04
   5.10645343e-02  7.26857653e-02]
 [-3.47635032e-05 -2.93364175e-03 -3.36699731e-04 ... -7.68381247e-05
  -7.37483546e-03 -1.04905210e-02]]
[2. 2. 2. 2. 2. 2. 2. 2. 0. 0. 0. 0. 0. 0. 0. 0. 0. 0. 0. 0. 0. 0. 0. 0.
 0. 0. 0. 0. 0. 0. 0. 0. 0. 0. 0. 0. 0. 0. 0. 0. 0. 0. 0. 0. 0. 0. 0. 0.
 0. 0. 0. 0.]
start SG
end SG -->  0.10147571563720703
    CPU time for vj and vk      0.42 sec, wall time      0.42 sec
E1 = 8.784676794060283  Ecoul = 2.827220361350481  Exc = -6.60536180493626
init E= -20.6112108454977
    CPU time for initialize scf      1.62 sec, wall time      1.63 sec
  HOMO = 0.617481094113506  LUMO = 0.871932185288422
  mo_energy =
[-2.23592527e-01 -7.28047811e-03  7.94949275e-02  4.86941858e-01
  4.86961195e-01  5.99493964e-01  5.99517059e-01  6.17481094e-01
  8.71932185e-01  8.75240835e-01  8.75257022e-01  9.96350696e-01
  9.96366780e-01  1.02620031e+00  1.22626985e+00  1.38954894e+00
  1.74927320e+00  1.78006903e+00  1.78006940e+00  1.94437004e+00
  1.94440236e+00  2.08926631e+00  2.08927276e+00  2.43893468e+00
  2.44480544e+00  2.44481402e+00  2.51765825e+00  2.51778662e+00
  2.51787473e+00  2.67921472e+00  2.93556253e+00  2.97056306e+00
  2.97062640e+00  3.01082532e+00  3.01087585e+00  3.30313201e+00
  3.59740105e+00  3.59740207e+00  3.64871520e+00  3.64874165e+00
  3.77126492e+00  3.77134736e+00  3.77146884e+00  4.54703303e+00
  4.54704254e+00  4.66024353e+00  4.66444125e+00  4.66445576e+00
  8.76291626e+00  9.08991854e+00  9.10313122e+00  9.14693958e+00]
nelec by numeric integration = 15.999999999385876
    CPU time for vxc      0.61 sec, wall time      0.61 sec
~/packages/PeriodicIntegrals/PeriodicIntegrals-junjie-benchmark/isdfx/isdfx.py +4733
[[ 4.86180524e-01 -1.39168879e-02 -5.47843155e-03 ...  9.13400844e-03
  -1.21795045e-02  1.75779518e-03]
 [-1.39168879e-02  4.75261678e-04  1.59551162e-03 ... -2.68414115e-04
   3.57474513e-04 -5.16950725e-05]
 [-5.47843155e-03  1.59551162e-03  7.83116097e-01 ... -3.52103465e-02
   2.41500027e-03  2.11407483e-02]
 ...
 [ 9.13400844e-03 -2.68414115e-04 -3.52103465e-02 ...  3.43456777e-03
  -5.43473491e-04  7.05200372e-04]
 [-1.21795045e-02  3.57474513e-04  2.41500027e-03 ... -5.43473491e-04
   3.66680094e-03  2.15453653e-04]
 [ 1.75779518e-03 -5.16950725e-05  2.11407483e-02 ...  7.05200372e-04
   2.15453653e-04  4.13525255e-03]]
[[ 3.43145223e-01 -3.21237861e-01 -1.48821191e-01 ...  8.35419939e-01
  -9.04255619e-01  1.01180319e+00]
 [-1.26905650e-02  8.66629881e-03 -1.21067063e-03 ...  8.65842042e-01
  -8.82280987e-01  8.23134165e-01]
 [-2.65671183e-04  7.02769749e-02 -1.33404941e-01 ...  9.50393934e-05
   1.52320784e-02  1.44098304e-01]
 ...
 [-1.80651460e-04 -1.52428703e-02  1.74880574e-03 ...  4.06427907e-04
   3.82718741e-02 -5.44409997e-02]
 [ 2.41008638e-04  2.03243467e-02 -2.33166132e-03 ... -5.58424608e-04
  -5.10282797e-02  7.26127484e-02]
 [-3.48147916e-05 -2.93356760e-03  3.36700790e-04 ...  8.30884474e-05
   7.36961107e-03 -1.04799818e-02]]
[2. 2. 2. 2. 2. 2. 2. 2. 0. 0. 0. 0. 0. 0. 0. 0. 0. 0. 0. 0. 0. 0. 0. 0.
 0. 0. 0. 0. 0. 0. 0. 0. 0. 0. 0. 0. 0. 0. 0. 0. 0. 0. 0. 0. 0. 0. 0. 0.
 0. 0. 0. 0.]
start SG
end SG -->  0.09981417655944824
    CPU time for vj and vk      0.42 sec, wall time      0.42 sec
E1 = 8.784667791230298  Ecoul = 2.8272341756456245  Exc = -6.605366616929798
cycle= 1 E= -20.611210846026  delta_E= -5.28e-10  |g|= 1.17e-05  |ddm|= 6.13e-05
    CPU time for cycle= 1      1.04 sec, wall time      1.04 sec
  HOMO = 0.617482768965819  LUMO = 0.871932439446952
  mo_energy =
[-2.23591952e-01 -7.28044286e-03  7.94963428e-02  4.86942504e-01
  4.86961842e-01  5.99494404e-01  5.99517497e-01  6.17482769e-01
  8.71932439e-01  8.75241719e-01  8.75257908e-01  9.96351104e-01
  9.96367187e-01  1.02620053e+00  1.22627094e+00  1.38955065e+00
  1.74927431e+00  1.78006950e+00  1.78006987e+00  1.94437107e+00
  1.94440339e+00  2.08926721e+00  2.08927366e+00  2.43893505e+00
  2.44480634e+00  2.44481491e+00  2.51765954e+00  2.51778755e+00
  2.51787567e+00  2.67921543e+00  2.93556395e+00  2.97056395e+00
  2.97062729e+00  3.01082562e+00  3.01087615e+00  3.30313228e+00
  3.59740181e+00  3.59740284e+00  3.64871593e+00  3.64874239e+00
  3.77126618e+00  3.77134818e+00  3.77146968e+00  4.54703399e+00
  4.54704350e+00  4.66024444e+00  4.66444214e+00  4.66445665e+00
  8.76291857e+00  9.08992056e+00  9.10313365e+00  9.14694196e+00]
nelec by numeric integration = 15.999999999385887
    CPU time for vxc      0.61 sec, wall time      0.61 sec
~/packages/PeriodicIntegrals/PeriodicIntegrals-junjie-benchmark/isdfx/isdfx.py +4733
[[ 4.86179222e-01 -1.39166980e-02 -5.47973947e-03 ...  9.13402506e-03
  -1.21795266e-02  1.75779839e-03]
 [-1.39166980e-02  4.75255175e-04  1.59566021e-03 ... -2.68421768e-04
   3.57484722e-04 -5.16965449e-05]
 [-5.47973947e-03  1.59566021e-03  7.83114418e-01 ... -3.52102320e-02
   2.41491031e-03  2.11407291e-02]
 ...
 [ 9.13402506e-03 -2.68421768e-04 -3.52102320e-02 ...  3.43453430e-03
  -5.43472021e-04  7.05198362e-04]
 [-1.21795266e-02  3.57484722e-04  2.41491031e-03 ... -5.43472021e-04
   3.66677371e-03  2.15460923e-04]
 [ 1.75779839e-03 -5.16965449e-05  2.11407291e-02 ...  7.05198362e-04
   2.15460923e-04  4.13522614e-03]]
[[ 3.43138587e-01 -3.21244574e-01  1.48819820e-01 ... -8.34964384e-01
   9.04676102e-01  1.01181561e+00]
 [-1.26902884e-02  8.66648139e-03  1.21090204e-03 ... -8.65397676e-01
   8.82716919e-01  8.23149100e-01]
 [-2.64773492e-04  7.02763987e-02  1.33404096e-01 ... -1.02741066e-04
  -1.52320843e-02  1.44098294e-01]
 ...
 [-1.80904680e-04 -1.52427486e-02 -1.74886120e-03 ... -4.25751645e-04
  -3.82717082e-02 -5.44410010e-02]
 [ 2.41346269e-04  2.03241845e-02  2.33173526e-03 ...  5.84189122e-04
   5.10280502e-02  7.26127498e-02]
 [-3.48635253e-05 -2.93354419e-03 -3.36711454e-04 ... -8.68094107e-05
  -7.36957670e-03 -1.04799820e-02]]
[2. 2. 2. 2. 2. 2. 2. 2. 0. 0. 0. 0. 0. 0. 0. 0. 0. 0. 0. 0. 0. 0. 0. 0.
 0. 0. 0. 0. 0. 0. 0. 0. 0. 0. 0. 0. 0. 0. 0. 0. 0. 0. 0. 0. 0. 0. 0. 0.
 0. 0. 0. 0.]
start SG
end SG -->  0.10200023651123047
    CPU time for vj and vk      0.41 sec, wall time      0.42 sec
E1 = 8.784669085244609  Ecoul = 2.827232245121528  Exc = -6.605365980433305
Extra cycle  E= -20.6112108460393  delta_E= -1.33e-11  |g|= 9.14e-06  |ddm|= 1.84e-05
    CPU time for scf_cycle      3.69 sec, wall time      3.71 sec
    CPU time for SCF      3.77 sec, wall time      3.79 sec
converged SCF energy = -20.6112108460393
Successfully saved all results to /central/scratch/yangjunjie//run-scf-spc-diamond-prim-1-1-2-fftdf-occri-1-100-/48048529/scf.h5
