SLURMD_NODENAME = hpc-35-04
Start time = Tue Mar 11 11:47:51 PM PDT 2025
OMP_NUM_THREADS = 1
MKL_NUM_THREADS = 1
PYSCF_MAX_MEMORY = 204800
TMPDIR = /central/scratch/yangjunjie//run-scf/diamond/fftisdf-ks/100/47942467/
PYSCF_TMPDIR = /central/scratch/yangjunjie//run-scf/diamond/fftisdf-ks/100/47942467/

/home/junjiey/anaconda3/envs/fftisdf/bin/python
2.8.0
1.13.1
2.0.2
fft_engine = NUMPY+BLAS
name = diamond
ke_cutoff =  1.00e+02
exxdiv = None
df = fftisdf-ks
mesh = 1,1,1
chk_path = /central/scratch/yangjunjie/run-scf/diamond/gdf/47941657/scf.h5
rcut_epsilon =  1.00e-05
ke_epsilon =  1.00e-02
isdf_thresh =  5.00e-04

Discarded 24 diffused primitive functions, 0 contracted functions
ke_cutoff = 100.0

******** <class 'ISDFX'> ********
lin_dep_thresh: 1e-10
alpha_cutoff: 2.8
rcut_epsilon: 1e-05
ke_epsilon: 0.01
isdf_thresh: 0.0005
grid_vol_cutoff: 0.05
ke_step: 2.0
ao_tol: 1e-12
multigrid_on: True
direct_j: True
iterative_build: True
occRI: True
voronoi: True
fit_sparse_grid: False
fit_dense_grid: True
direct_k_sparse: True
direct_k: False
use_kpt_symm: False
kmesh: [1, 1, 1]
isdf_pts_from_q0: True
isdf_pts_from_gamma_point: False
alpha: None
do_real_isdf: False
N_xi: None
use_cell_periodic: False
isdf_thresh_sparse: None
ncopy: [1, 1, 1]
j_grid_mesh: None
k_grid_mesh: None
num_j_grids: 100
get_ao_from_pyscf: False
nuc_pp_version: 0
vppnl_ver: 0
universal_dense_grid: None
same_jk_grids: None
coulomb_only: False
max_memory   204800 MB (current use       92 MB)

Exchange function: getK_occRI  

cell mesh: [33 33 33]
nbas:  96
Grid     keMax    keMin    keGrid   expMax   expMin   nexp     lmax     PWs      mesh        
0        51.6     51.6     111.6    5.6      5.6      1        2        35937    [33 33 33]
1        19.5     3.2      19.5     2.1      0.3      3        2        3375     [15 15 15]
0        77.4     55.8     111.6    5.6      5.6      1        2        35937    [33 33 33]
1        29.2     14.6     29.2     2.1      2.1      1        2        6859     [19 19 19]
2        10.6     4.8      10.6     0.8      0.3      2        2        1331     [11 11 11]

ISDF

atm      grid     Ng       NI       Nxi      sharp    on_grid  diffuse  maxexp   minexp   lmax     lmin    
0        0        35937    1462     81       9        198      189      5.61     5.61     2        0       
1        0        35937    1457     80       9        198      189      5.61     5.61     2        0       
2        0        35937    1462     81       9        198      189      5.61     5.61     2        0       
3        0        35937    1457     80       9        198      189      5.61     5.61     2        0       
4        0        35937    1462     81       9        198      189      5.61     5.61     2        0       
5        0        35937    1457     80       9        198      189      5.61     5.61     2        0       
6        0        35937    1472     80       9        198      189      5.61     5.61     2        0       
7        0        35937    1457     80       9        198      189      5.61     5.61     2        0       
-        1        3375     3375     3375     216      216      216      2.11     0.35     2        0       
ISDF-pts:       0.41
ISDF-vec:       0.03
Fit dense grids ISDF:       0.44
Fit sparse grids ISDF:       0.00

Grid     PWs      Ng_i     N_xi     N_mu    
0        35937    11686    643      1584    
1        3375     3375     3375     216     

nTHC: 4018
Mem Required (MB):      19.22
Curent RAM Use (MB) :        150 

Build W
ISDF-fft dense grids (sec):       1.09
Curent RAM Use (MB) :        226 
ISDF-fft:       1.10

Running RKS with PBE0
~/packages/PeriodicIntegrals/PeriodicIntegrals-junjie-benchmark/isdfx/isdfx.py +4733
[[ 5.38614370e-01 -1.50633325e-02 -1.38088908e-10 ...  2.03651275e-06
   6.10606872e-03  7.90632964e-13]
 [-1.50633325e-02  4.39251350e-04  7.08969441e-12 ... -5.07444375e-08
  -1.52141668e-04 -4.13597290e-14]
 [-1.38088908e-10  7.08969441e-12  6.47441210e-01 ...  2.21852154e-03
  -1.53611402e-03 -3.84850915e-03]
 ...
 [ 2.03651275e-06 -5.07444375e-08  2.21852154e-03 ...  2.61686732e-04
   6.27410991e-08 -9.55727573e-15]
 [ 6.10606872e-03 -1.52141668e-04 -1.53611402e-03 ...  6.27410991e-08
   2.24296688e-03  1.08670819e-07]
 [ 7.90632964e-13 -4.13597290e-14 -3.84850915e-03 ... -9.55727573e-15
   1.08670819e-07  2.61686732e-04]]
[[ 2.42245902e-01 -1.52984567e-01 -5.85986647e-07 ... -1.76277590e-08
  -4.42868309e-01  1.44595502e+00]
 [-9.42629767e-03  3.81141176e-03  1.45892032e-08 ... -1.75291295e-08
  -4.07241693e-01  1.32963492e+00]
 [ 1.54492417e-11  5.31644715e-07 -1.18991278e-01 ...  5.36000851e-02
   5.04145638e-11  1.02689928e-10]
 ...
 [-6.10670061e-12  3.55601149e-10  1.17947680e-03 ... -1.59328517e-05
  -3.58255236e-06  1.16969525e-05]
 [ 6.11259858e-08 -6.65319911e-03  5.81347599e-07 ...  1.00183439e-04
   8.59254751e-02 -1.97919358e-02]
 [ 2.02370657e-12 -1.01466320e-09 -5.07639494e-04 ... -2.54259494e-05
  -1.16969492e-05 -3.58255060e-06]]
[2. 2. 2. 2. 2. 2. 2. 2. 2. 2. 2. 2. 2. 2. 2. 2. 0. 0. 0. 0. 0. 0. 0. 0.
 0. 0. 0. 0. 0. 0. 0. 0. 0. 0. 0. 0. 0. 0. 0. 0. 0. 0. 0. 0. 0. 0. 0. 0.
 0. 0. 0. 0. 0. 0. 0. 0. 0. 0. 0. 0. 0. 0. 0. 0. 0. 0. 0. 0. 0. 0. 0. 0.
 0. 0. 0. 0. 0. 0. 0. 0. 0. 0. 0. 0. 0. 0. 0. 0. 0. 0. 0. 0. 0. 0. 0. 0.
 0. 0. 0. 0. 0. 0. 0. 0.]
~/packages/PeriodicIntegrals/PeriodicIntegrals-junjie-benchmark/isdfx/isdfx.py +4733
[[ 5.38614370e-01 -1.50633325e-02 -1.38088908e-10 ...  2.03651275e-06
   6.10606872e-03  7.90632964e-13]
 [-1.50633325e-02  4.39251350e-04  7.08969441e-12 ... -5.07444375e-08
  -1.52141668e-04 -4.13597290e-14]
 [-1.38088908e-10  7.08969441e-12  6.47441210e-01 ...  2.21852154e-03
  -1.53611402e-03 -3.84850915e-03]
 ...
 [ 2.03651275e-06 -5.07444375e-08  2.21852154e-03 ...  2.61686732e-04
   6.27410991e-08 -9.55727573e-15]
 [ 6.10606872e-03 -1.52141668e-04 -1.53611402e-03 ...  6.27410991e-08
   2.24296688e-03  1.08670819e-07]
 [ 7.90632964e-13 -4.13597290e-14 -3.84850915e-03 ... -9.55727573e-15
   1.08670819e-07  2.61686732e-04]]
[[ 2.42245902e-01 -1.52984567e-01 -5.85986647e-07 ... -1.76277590e-08
  -4.42868309e-01  1.44595502e+00]
 [-9.42629767e-03  3.81141176e-03  1.45892032e-08 ... -1.75291295e-08
  -4.07241693e-01  1.32963492e+00]
 [ 1.54492417e-11  5.31644715e-07 -1.18991278e-01 ...  5.36000851e-02
   5.04145638e-11  1.02689928e-10]
 ...
 [-6.10670061e-12  3.55601149e-10  1.17947680e-03 ... -1.59328517e-05
  -3.58255236e-06  1.16969525e-05]
 [ 6.11259858e-08 -6.65319911e-03  5.81347599e-07 ...  1.00183439e-04
   8.59254751e-02 -1.97919358e-02]
 [ 2.02370657e-12 -1.01466320e-09 -5.07639494e-04 ... -2.54259494e-05
  -1.16969492e-05 -3.58255060e-06]]
[2. 2. 2. 2. 2. 2. 2. 2. 2. 2. 2. 2. 2. 2. 2. 2. 0. 0. 0. 0. 0. 0. 0. 0.
 0. 0. 0. 0. 0. 0. 0. 0. 0. 0. 0. 0. 0. 0. 0. 0. 0. 0. 0. 0. 0. 0. 0. 0.
 0. 0. 0. 0. 0. 0. 0. 0. 0. 0. 0. 0. 0. 0. 0. 0. 0. 0. 0. 0. 0. 0. 0. 0.
 0. 0. 0. 0. 0. 0. 0. 0. 0. 0. 0. 0. 0. 0. 0. 0. 0. 0. 0. 0. 0. 0. 0. 0.
 0. 0. 0. 0. 0. 0. 0. 0.]
start SG
end SG -->  0.034029483795166016


******** <class 'pyscf.pbc.dft.rks.RKS'> ********
method = RKS
initial guess = minao
damping factor = 0
level_shift factor = 0
DIIS = <class 'pyscf.scf.diis.CDIIS'>
diis_start_cycle = 1
diis_space = 8
diis_damp = 0
SCF conv_tol = 1e-06
SCF conv_tol_grad = None
SCF max_cycles = 50
direct_scf = True
direct_scf_tol = 1e-13
chkfile to save SCF result = /central/scratch/yangjunjie/run-scf/diamond/fftisdf-ks/100/47942467/tmp65wjbzw7
max_memory 204800 MB (current use 227 MB)
******** PBC SCF flags ********
kpt = [0. 0. 0.]
Exchange divergence treatment (exxdiv) = None
DF object = <isdfx.isdfx.ISDFX object at 0x7f4a4453c130>
XC functionals = PBE0
small_rho_cutoff = 1e-07
Set gradient conv threshold to 0.001
~/anaconda3/envs/fftisdf/lib/python3.9/site-packages/pyscf/pbc/dft/rks.py +67
[[ 5.38614370e-01 -1.50633325e-02 -1.38088908e-10 ...  2.03651275e-06
   6.10606872e-03  7.90632964e-13]
 [-1.50633325e-02  4.39251350e-04  7.08969441e-12 ... -5.07444375e-08
  -1.52141668e-04 -4.13597290e-14]
 [-1.38088908e-10  7.08969441e-12  6.47441210e-01 ...  2.21852154e-03
  -1.53611402e-03 -3.84850915e-03]
 ...
 [ 2.03651275e-06 -5.07444375e-08  2.21852154e-03 ...  2.61686732e-04
   6.27410991e-08 -9.55727573e-15]
 [ 6.10606872e-03 -1.52141668e-04 -1.53611402e-03 ...  6.27410991e-08
   2.24296688e-03  1.08670819e-07]
 [ 7.90632964e-13 -4.13597290e-14 -3.84850915e-03 ... -9.55727573e-15
   1.08670819e-07  2.61686732e-04]]
[2. 2. 2. 2. 2. 2. 2. 2. 2. 2. 2. 2. 2. 2. 2. 2. 0. 0. 0. 0. 0. 0. 0. 0.
 0. 0. 0. 0. 0. 0. 0. 0. 0. 0. 0. 0. 0. 0. 0. 0. 0. 0. 0. 0. 0. 0. 0. 0.
 0. 0. 0. 0. 0. 0. 0. 0. 0. 0. 0. 0. 0. 0. 0. 0. 0. 0. 0. 0. 0. 0. 0. 0.
 0. 0. 0. 0. 0. 0. 0. 0. 0. 0. 0. 0. 0. 0. 0. 0. 0. 0. 0. 0. 0. 0. 0. 0.
 0. 0. 0. 0. 0. 0. 0. 0.]
[[ 2.42245902e-01 -1.52984567e-01 -5.85986647e-07 ... -1.76277590e-08
  -4.42868309e-01  1.44595502e+00]
 [-9.42629767e-03  3.81141176e-03  1.45892032e-08 ... -1.75291295e-08
  -4.07241693e-01  1.32963492e+00]
 [ 1.54492417e-11  5.31644715e-07 -1.18991278e-01 ...  5.36000851e-02
   5.04145638e-11  1.02689928e-10]
 ...
 [-6.10670061e-12  3.55601149e-10  1.17947680e-03 ... -1.59328517e-05
  -3.58255236e-06  1.16969525e-05]
 [ 6.11259858e-08 -6.65319911e-03  5.81347599e-07 ...  1.00183439e-04
   8.59254751e-02 -1.97919358e-02]
 [ 2.02370657e-12 -1.01466320e-09 -5.07639494e-04 ... -2.54259494e-05
  -1.16969492e-05 -3.58255060e-06]]
nelec by numeric integration = 31.999999998162384
    CPU time for vxc      1.02 sec, wall time      1.02 sec
~/anaconda3/envs/fftisdf/lib/python3.9/site-packages/pyscf/pbc/scf/hf.py +667
[[ 5.38614370e-01 -1.50633325e-02 -1.38088908e-10 ...  2.03651275e-06
   6.10606872e-03  7.90632964e-13]
 [-1.50633325e-02  4.39251350e-04  7.08969441e-12 ... -5.07444375e-08
  -1.52141668e-04 -4.13597290e-14]
 [-1.38088908e-10  7.08969441e-12  6.47441210e-01 ...  2.21852154e-03
  -1.53611402e-03 -3.84850915e-03]
 ...
 [ 2.03651275e-06 -5.07444375e-08  2.21852154e-03 ...  2.61686732e-04
   6.27410991e-08 -9.55727573e-15]
 [ 6.10606872e-03 -1.52141668e-04 -1.53611402e-03 ...  6.27410991e-08
   2.24296688e-03  1.08670819e-07]
 [ 7.90632964e-13 -4.13597290e-14 -3.84850915e-03 ... -9.55727573e-15
   1.08670819e-07  2.61686732e-04]]
[2. 2. 2. 2. 2. 2. 2. 2. 2. 2. 2. 2. 2. 2. 2. 2. 0. 0. 0. 0. 0. 0. 0. 0.
 0. 0. 0. 0. 0. 0. 0. 0. 0. 0. 0. 0. 0. 0. 0. 0. 0. 0. 0. 0. 0. 0. 0. 0.
 0. 0. 0. 0. 0. 0. 0. 0. 0. 0. 0. 0. 0. 0. 0. 0. 0. 0. 0. 0. 0. 0. 0. 0.
 0. 0. 0. 0. 0. 0. 0. 0. 0. 0. 0. 0. 0. 0. 0. 0. 0. 0. 0. 0. 0. 0. 0. 0.
 0. 0. 0. 0. 0. 0. 0. 0.]
[[ 2.42245902e-01 -1.52984567e-01 -5.85986647e-07 ... -1.76277590e-08
  -4.42868309e-01  1.44595502e+00]
 [-9.42629767e-03  3.81141176e-03  1.45892032e-08 ... -1.75291295e-08
  -4.07241693e-01  1.32963492e+00]
 [ 1.54492417e-11  5.31644715e-07 -1.18991278e-01 ...  5.36000851e-02
   5.04145638e-11  1.02689928e-10]
 ...
 [-6.10670061e-12  3.55601149e-10  1.17947680e-03 ... -1.59328517e-05
  -3.58255236e-06  1.16969525e-05]
 [ 6.11259858e-08 -6.65319911e-03  5.81347599e-07 ...  1.00183439e-04
   8.59254751e-02 -1.97919358e-02]
 [ 2.02370657e-12 -1.01466320e-09 -5.07639494e-04 ... -2.54259494e-05
  -1.16969492e-05 -3.58255060e-06]]
~/packages/PeriodicIntegrals/PeriodicIntegrals-junjie-benchmark/isdfx/isdfx.py +4733
[[ 5.38614370e-01 -1.50633325e-02 -1.38088908e-10 ...  2.03651275e-06
   6.10606872e-03  7.90632964e-13]
 [-1.50633325e-02  4.39251350e-04  7.08969441e-12 ... -5.07444375e-08
  -1.52141668e-04 -4.13597290e-14]
 [-1.38088908e-10  7.08969441e-12  6.47441210e-01 ...  2.21852154e-03
  -1.53611402e-03 -3.84850915e-03]
 ...
 [ 2.03651275e-06 -5.07444375e-08  2.21852154e-03 ...  2.61686732e-04
   6.27410991e-08 -9.55727573e-15]
 [ 6.10606872e-03 -1.52141668e-04 -1.53611402e-03 ...  6.27410991e-08
   2.24296688e-03  1.08670819e-07]
 [ 7.90632964e-13 -4.13597290e-14 -3.84850915e-03 ... -9.55727573e-15
   1.08670819e-07  2.61686732e-04]]
[[ 2.42245902e-01 -1.52984567e-01 -5.85986647e-07 ... -1.76277590e-08
  -4.42868309e-01  1.44595502e+00]
 [-9.42629767e-03  3.81141176e-03  1.45892032e-08 ... -1.75291295e-08
  -4.07241693e-01  1.32963492e+00]
 [ 1.54492417e-11  5.31644715e-07 -1.18991278e-01 ...  5.36000851e-02
   5.04145638e-11  1.02689928e-10]
 ...
 [-6.10670061e-12  3.55601149e-10  1.17947680e-03 ... -1.59328517e-05
  -3.58255236e-06  1.16969525e-05]
 [ 6.11259858e-08 -6.65319911e-03  5.81347599e-07 ...  1.00183439e-04
   8.59254751e-02 -1.97919358e-02]
 [ 2.02370657e-12 -1.01466320e-09 -5.07639494e-04 ... -2.54259494e-05
  -1.16969492e-05 -3.58255060e-06]]
[2. 2. 2. 2. 2. 2. 2. 2. 2. 2. 2. 2. 2. 2. 2. 2. 0. 0. 0. 0. 0. 0. 0. 0.
 0. 0. 0. 0. 0. 0. 0. 0. 0. 0. 0. 0. 0. 0. 0. 0. 0. 0. 0. 0. 0. 0. 0. 0.
 0. 0. 0. 0. 0. 0. 0. 0. 0. 0. 0. 0. 0. 0. 0. 0. 0. 0. 0. 0. 0. 0. 0. 0.
 0. 0. 0. 0. 0. 0. 0. 0. 0. 0. 0. 0. 0. 0. 0. 0. 0. 0. 0. 0. 0. 0. 0. 0.
 0. 0. 0. 0. 0. 0. 0. 0.]
start SG
end SG -->  0.03518867492675781
    CPU time for vj and vk      0.65 sec, wall time      0.66 sec
E1 = 16.309618140603728  Ecoul = 4.644916707432976  Exc = -12.983026657881659
init E= -43.2639842017891
    CPU time for initialize scf      2.66 sec, wall time      2.67 sec
  HOMO = 0.569491111596254  LUMO = 0.849406382359426
  mo_energy =
[-0.26075964  0.06383775  0.06384517  0.0638454   0.06384607  0.06384992
  0.06385011  0.32174114  0.32174175  0.32174226  0.32175901  0.3217599
  0.32176066  0.56949015  0.56949052  0.56949111  0.84940638  0.84940641
  0.84940641  0.87503103  0.87503105  0.87504787  0.87504789  0.87504792
  0.87508321  1.1888521   1.28867578  1.28867586  1.28867588  1.28874853
  1.28874855  1.2887486   1.72484554  1.72490627  1.72490634  1.72490641
  1.72493186  1.7249319   1.76177848  1.76177849  2.04657129  2.04657136
  2.04657156  2.04661686  2.04661701  2.04661707  2.35115868  2.35173802
  2.35173802  2.35173802  2.35202895  2.35202895  2.41502573  2.41502574
  2.41502574  2.48154373  2.48154405  2.48154408  2.79655458  2.79655468
  2.79655472  2.79662673  2.79662678  2.79662694  2.98806972  2.98814128
  2.98814132  2.98814135  2.98817682  2.98817683  3.02867907  3.02867951
  3.02867965  3.02876787  3.02876799  3.02876832  3.43655078  3.43655096
  3.43671511  3.43671532  3.43671553  3.43703604  3.56986422  3.56986423
  3.73926387  3.73926393  3.73926457  4.63028268  4.6302827   4.63028273
  4.73134325  4.73134328  4.7313433   4.73164051  4.73164052  4.73164056
  8.68933347  9.01503606  9.02622007  9.0313833   9.03138345  9.03138359
  9.03519444  9.03519457]
~/anaconda3/envs/fftisdf/lib/python3.9/site-packages/pyscf/pbc/dft/rks.py +67
[[ 5.38654675e-01 -1.50634623e-02  1.51530539e-06 ...  1.81271872e-05
   6.10871451e-03  2.22813488e-07]
 [-1.50634623e-02  4.39205624e-04  9.99935502e-08 ... -4.50688070e-07
  -1.52245711e-04 -1.01202513e-08]
 [ 1.51530539e-06  9.99935502e-08  6.47375088e-01 ...  2.18013394e-03
  -1.53947256e-03 -3.83510104e-03]
 ...
 [ 1.81271872e-05 -4.50688070e-07  2.18013394e-03 ...  2.61628210e-04
   1.74756182e-06  2.68186697e-10]
 [ 6.10871451e-03 -1.52245711e-04 -1.53947256e-03 ...  1.74756182e-06
   2.24329045e-03  3.25835671e-06]
 [ 2.22813488e-07 -1.01202513e-08 -3.83510104e-03 ...  2.68186697e-10
   3.25835671e-06  2.61640730e-04]]
[2. 2. 2. 2. 2. 2. 2. 2. 2. 2. 2. 2. 2. 2. 2. 2. 0. 0. 0. 0. 0. 0. 0. 0.
 0. 0. 0. 0. 0. 0. 0. 0. 0. 0. 0. 0. 0. 0. 0. 0. 0. 0. 0. 0. 0. 0. 0. 0.
 0. 0. 0. 0. 0. 0. 0. 0. 0. 0. 0. 0. 0. 0. 0. 0. 0. 0. 0. 0. 0. 0. 0. 0.
 0. 0. 0. 0. 0. 0. 0. 0. 0. 0. 0. 0. 0. 0. 0. 0. 0. 0. 0. 0. 0. 0. 0. 0.
 0. 0. 0. 0. 0. 0. 0. 0.]
[[ 2.42247992e-01 -1.53766896e-01  3.00923810e-02 ... -2.08521261e-06
   1.46014487e+00 -3.91685313e-01]
 [-9.42434542e-03  3.83211351e-03 -7.49828927e-04 ... -2.12068397e-06
   1.34323195e+00 -3.60323124e-01]
 [ 5.23749365e-07 -2.65820311e-03 -1.95888435e-01 ...  2.93034319e-02
  -6.67699788e-07  5.49056143e-07]
 ...
 [-8.79128307e-07 -4.01184416e-04 -4.91535582e-03 ...  5.85301681e-03
   2.15450581e-05 -5.64874387e-06]
 [ 3.36521326e-06 -6.72865068e-03 -6.31091614e-04 ...  9.88987970e-05
  -6.23395290e-02 -6.23046897e-02]
 [ 3.01042809e-07 -2.14924649e-04  1.01991866e-02 ... -6.95356744e-03
   5.65190334e-06  2.15388691e-05]]
nelec by numeric integration = 31.999999998162355
    CPU time for vxc      0.97 sec, wall time      0.97 sec
~/anaconda3/envs/fftisdf/lib/python3.9/site-packages/pyscf/pbc/scf/hf.py +667
[[ 5.38654675e-01 -1.50634623e-02  1.51530539e-06 ...  1.81271872e-05
   6.10871451e-03  2.22813488e-07]
 [-1.50634623e-02  4.39205624e-04  9.99935502e-08 ... -4.50688070e-07
  -1.52245711e-04 -1.01202513e-08]
 [ 1.51530539e-06  9.99935502e-08  6.47375088e-01 ...  2.18013394e-03
  -1.53947256e-03 -3.83510104e-03]
 ...
 [ 1.81271872e-05 -4.50688070e-07  2.18013394e-03 ...  2.61628210e-04
   1.74756182e-06  2.68186697e-10]
 [ 6.10871451e-03 -1.52245711e-04 -1.53947256e-03 ...  1.74756182e-06
   2.24329045e-03  3.25835671e-06]
 [ 2.22813488e-07 -1.01202513e-08 -3.83510104e-03 ...  2.68186697e-10
   3.25835671e-06  2.61640730e-04]]
[2. 2. 2. 2. 2. 2. 2. 2. 2. 2. 2. 2. 2. 2. 2. 2. 0. 0. 0. 0. 0. 0. 0. 0.
 0. 0. 0. 0. 0. 0. 0. 0. 0. 0. 0. 0. 0. 0. 0. 0. 0. 0. 0. 0. 0. 0. 0. 0.
 0. 0. 0. 0. 0. 0. 0. 0. 0. 0. 0. 0. 0. 0. 0. 0. 0. 0. 0. 0. 0. 0. 0. 0.
 0. 0. 0. 0. 0. 0. 0. 0. 0. 0. 0. 0. 0. 0. 0. 0. 0. 0. 0. 0. 0. 0. 0. 0.
 0. 0. 0. 0. 0. 0. 0. 0.]
[[ 2.42247992e-01 -1.53766896e-01  3.00923810e-02 ... -2.08521261e-06
   1.46014487e+00 -3.91685313e-01]
 [-9.42434542e-03  3.83211351e-03 -7.49828927e-04 ... -2.12068397e-06
   1.34323195e+00 -3.60323124e-01]
 [ 5.23749365e-07 -2.65820311e-03 -1.95888435e-01 ...  2.93034319e-02
  -6.67699788e-07  5.49056143e-07]
 ...
 [-8.79128307e-07 -4.01184416e-04 -4.91535582e-03 ...  5.85301681e-03
   2.15450581e-05 -5.64874387e-06]
 [ 3.36521326e-06 -6.72865068e-03 -6.31091614e-04 ...  9.88987970e-05
  -6.23395290e-02 -6.23046897e-02]
 [ 3.01042809e-07 -2.14924649e-04  1.01991866e-02 ... -6.95356744e-03
   5.65190334e-06  2.15388691e-05]]
~/packages/PeriodicIntegrals/PeriodicIntegrals-junjie-benchmark/isdfx/isdfx.py +4733
[[ 5.38654675e-01 -1.50634623e-02  1.51530539e-06 ...  1.81271872e-05
   6.10871451e-03  2.22813488e-07]
 [-1.50634623e-02  4.39205624e-04  9.99935502e-08 ... -4.50688070e-07
  -1.52245711e-04 -1.01202513e-08]
 [ 1.51530539e-06  9.99935502e-08  6.47375088e-01 ...  2.18013394e-03
  -1.53947256e-03 -3.83510104e-03]
 ...
 [ 1.81271872e-05 -4.50688070e-07  2.18013394e-03 ...  2.61628210e-04
   1.74756182e-06  2.68186697e-10]
 [ 6.10871451e-03 -1.52245711e-04 -1.53947256e-03 ...  1.74756182e-06
   2.24329045e-03  3.25835671e-06]
 [ 2.22813488e-07 -1.01202513e-08 -3.83510104e-03 ...  2.68186697e-10
   3.25835671e-06  2.61640730e-04]]
[[ 2.42247992e-01 -1.53766896e-01  3.00923810e-02 ... -2.08521261e-06
   1.46014487e+00 -3.91685313e-01]
 [-9.42434542e-03  3.83211351e-03 -7.49828927e-04 ... -2.12068397e-06
   1.34323195e+00 -3.60323124e-01]
 [ 5.23749365e-07 -2.65820311e-03 -1.95888435e-01 ...  2.93034319e-02
  -6.67699788e-07  5.49056143e-07]
 ...
 [-8.79128307e-07 -4.01184416e-04 -4.91535582e-03 ...  5.85301681e-03
   2.15450581e-05 -5.64874387e-06]
 [ 3.36521326e-06 -6.72865068e-03 -6.31091614e-04 ...  9.88987970e-05
  -6.23395290e-02 -6.23046897e-02]
 [ 3.01042809e-07 -2.14924649e-04  1.01991866e-02 ... -6.95356744e-03
   5.65190334e-06  2.15388691e-05]]
[2. 2. 2. 2. 2. 2. 2. 2. 2. 2. 2. 2. 2. 2. 2. 2. 0. 0. 0. 0. 0. 0. 0. 0.
 0. 0. 0. 0. 0. 0. 0. 0. 0. 0. 0. 0. 0. 0. 0. 0. 0. 0. 0. 0. 0. 0. 0. 0.
 0. 0. 0. 0. 0. 0. 0. 0. 0. 0. 0. 0. 0. 0. 0. 0. 0. 0. 0. 0. 0. 0. 0. 0.
 0. 0. 0. 0. 0. 0. 0. 0. 0. 0. 0. 0. 0. 0. 0. 0. 0. 0. 0. 0. 0. 0. 0. 0.
 0. 0. 0. 0. 0. 0. 0. 0.]
start SG
end SG -->  0.03132367134094238
    CPU time for vj and vk      0.65 sec, wall time      0.65 sec
E1 = 16.309495927952604  Ecoul = 4.645098309885009  Exc = -12.983086454135515
cycle= 1 E= -43.2639846082421  delta_E= -4.06e-07  |g|= 0.0002  |ddm|= 0.00108
    CPU time for cycle= 1      1.62 sec, wall time      1.63 sec
  HOMO = 0.569497259236198  LUMO = 0.849411166906501
  mo_energy =
[-0.26075535  0.0638173   0.06385006  0.06385025  0.06385094  0.06386572
  0.06386607  0.32173781  0.32173833  0.32173886  0.3217723   0.32177327
  0.32177387  0.56949624  0.56949653  0.56949726  0.84941117  0.84941131
  0.84941133  0.87503187  0.87503222  0.87505109  0.87505152  0.87505191
  0.87509052  1.18885988  1.28867822  1.28867839  1.28867864  1.28876173
  1.28876201  1.28876235  1.72486238  1.72491119  1.72491135  1.72491151
  1.72493966  1.72493986  1.76178192  1.76178195  2.04656206  2.04656212
  2.04656243  2.04663393  2.04663415  2.04663431  2.35116605  2.35174413
  2.35174415  2.35174462  2.35202894  2.35202906  2.41503103  2.41503113
  2.41503116  2.48155111  2.48155154  2.48155161  2.79657206  2.79657238
  2.79657247  2.79662328  2.79662347  2.79662374  2.98808414  2.98814745
  2.98814765  2.98814783  2.98817721  2.98817748  3.02867595  3.02867652
  3.02867669  3.02878219  3.02878236  3.02878257  3.43654845  3.43654884
  3.436721    3.4367212   3.43672154  3.43705967  3.56987076  3.5698708
  3.73927045  3.7392705   3.73927097  4.6302885   4.63028851  4.63028856
  4.73135821  4.73135849  4.73135857  4.73163712  4.73163729  4.7316374
  8.68934799  9.0150027   9.02621993  9.03140914  9.03141013  9.03141126
  9.03522349  9.03522414]
~/anaconda3/envs/fftisdf/lib/python3.9/site-packages/pyscf/pbc/dft/rks.py +67
[[ 5.38637006e-01 -1.50613814e-02  1.17451728e-06 ...  1.64161760e-05
   6.10899546e-03  3.05319669e-07]
 [-1.50613814e-02  4.39113533e-04  1.29857513e-07 ... -4.08721085e-07
  -1.52250309e-04 -1.20679712e-08]
 [ 1.17451728e-06  1.29857513e-07  6.47361564e-01 ...  2.18272332e-03
  -1.53955310e-03 -3.83538136e-03]
 ...
 [ 1.64161760e-05 -4.08721085e-07  2.18272332e-03 ...  2.61614353e-04
   1.64535062e-06  6.90295065e-11]
 [ 6.10899546e-03 -1.52250309e-04 -1.53955310e-03 ...  1.64535062e-06
   2.24328316e-03  3.09339668e-06]
 [ 3.05319669e-07 -1.20679712e-08 -3.83538136e-03 ...  6.90295065e-11
   3.09339668e-06  2.61628200e-04]]
[2. 2. 2. 2. 2. 2. 2. 2. 2. 2. 2. 2. 2. 2. 2. 2. 0. 0. 0. 0. 0. 0. 0. 0.
 0. 0. 0. 0. 0. 0. 0. 0. 0. 0. 0. 0. 0. 0. 0. 0. 0. 0. 0. 0. 0. 0. 0. 0.
 0. 0. 0. 0. 0. 0. 0. 0. 0. 0. 0. 0. 0. 0. 0. 0. 0. 0. 0. 0. 0. 0. 0. 0.
 0. 0. 0. 0. 0. 0. 0. 0. 0. 0. 0. 0. 0. 0. 0. 0. 0. 0. 0. 0. 0. 0. 0. 0.
 0. 0. 0. 0. 0. 0. 0. 0.]
[[ 2.42231799e-01 -1.53814019e-01  7.07845056e-04 ... -3.15834482e-05
  -1.28145300e+00 -8.02052331e-01]
 [-9.42398795e-03  3.83472590e-03 -1.74300649e-05 ... -3.11754233e-05
  -1.17884941e+00 -7.37831371e-01]
 [ 3.86265930e-07  1.62637056e-03  6.36817278e-02 ...  2.39349404e-02
   1.03896338e-06 -4.45559971e-07]
 ...
 [-8.40992330e-07 -3.45825375e-05 -6.94638520e-03 ...  4.79649353e-03
  -1.84617308e-05 -1.17676365e-05]
 [ 3.24093015e-06 -6.70223729e-03 -1.78621984e-05 ...  9.31312183e-05
  -3.14224451e-03  8.80786726e-02]
 [ 2.91105028e-07 -4.80330837e-05 -9.04472282e-03 ... -9.63609245e-03
   1.17004429e-05 -1.86107401e-05]]
nelec by numeric integration = 31.999999998162522
    CPU time for vxc      0.97 sec, wall time      0.97 sec
~/anaconda3/envs/fftisdf/lib/python3.9/site-packages/pyscf/pbc/scf/hf.py +667
[[ 5.38637006e-01 -1.50613814e-02  1.17451728e-06 ...  1.64161760e-05
   6.10899546e-03  3.05319669e-07]
 [-1.50613814e-02  4.39113533e-04  1.29857513e-07 ... -4.08721085e-07
  -1.52250309e-04 -1.20679712e-08]
 [ 1.17451728e-06  1.29857513e-07  6.47361564e-01 ...  2.18272332e-03
  -1.53955310e-03 -3.83538136e-03]
 ...
 [ 1.64161760e-05 -4.08721085e-07  2.18272332e-03 ...  2.61614353e-04
   1.64535062e-06  6.90295065e-11]
 [ 6.10899546e-03 -1.52250309e-04 -1.53955310e-03 ...  1.64535062e-06
   2.24328316e-03  3.09339668e-06]
 [ 3.05319669e-07 -1.20679712e-08 -3.83538136e-03 ...  6.90295065e-11
   3.09339668e-06  2.61628200e-04]]
[2. 2. 2. 2. 2. 2. 2. 2. 2. 2. 2. 2. 2. 2. 2. 2. 0. 0. 0. 0. 0. 0. 0. 0.
 0. 0. 0. 0. 0. 0. 0. 0. 0. 0. 0. 0. 0. 0. 0. 0. 0. 0. 0. 0. 0. 0. 0. 0.
 0. 0. 0. 0. 0. 0. 0. 0. 0. 0. 0. 0. 0. 0. 0. 0. 0. 0. 0. 0. 0. 0. 0. 0.
 0. 0. 0. 0. 0. 0. 0. 0. 0. 0. 0. 0. 0. 0. 0. 0. 0. 0. 0. 0. 0. 0. 0. 0.
 0. 0. 0. 0. 0. 0. 0. 0.]
[[ 2.42231799e-01 -1.53814019e-01  7.07845056e-04 ... -3.15834482e-05
  -1.28145300e+00 -8.02052331e-01]
 [-9.42398795e-03  3.83472590e-03 -1.74300649e-05 ... -3.11754233e-05
  -1.17884941e+00 -7.37831371e-01]
 [ 3.86265930e-07  1.62637056e-03  6.36817278e-02 ...  2.39349404e-02
   1.03896338e-06 -4.45559971e-07]
 ...
 [-8.40992330e-07 -3.45825375e-05 -6.94638520e-03 ...  4.79649353e-03
  -1.84617308e-05 -1.17676365e-05]
 [ 3.24093015e-06 -6.70223729e-03 -1.78621984e-05 ...  9.31312183e-05
  -3.14224451e-03  8.80786726e-02]
 [ 2.91105028e-07 -4.80330837e-05 -9.04472282e-03 ... -9.63609245e-03
   1.17004429e-05 -1.86107401e-05]]
~/packages/PeriodicIntegrals/PeriodicIntegrals-junjie-benchmark/isdfx/isdfx.py +4733
[[ 5.38637006e-01 -1.50613814e-02  1.17451728e-06 ...  1.64161760e-05
   6.10899546e-03  3.05319669e-07]
 [-1.50613814e-02  4.39113533e-04  1.29857513e-07 ... -4.08721085e-07
  -1.52250309e-04 -1.20679712e-08]
 [ 1.17451728e-06  1.29857513e-07  6.47361564e-01 ...  2.18272332e-03
  -1.53955310e-03 -3.83538136e-03]
 ...
 [ 1.64161760e-05 -4.08721085e-07  2.18272332e-03 ...  2.61614353e-04
   1.64535062e-06  6.90295065e-11]
 [ 6.10899546e-03 -1.52250309e-04 -1.53955310e-03 ...  1.64535062e-06
   2.24328316e-03  3.09339668e-06]
 [ 3.05319669e-07 -1.20679712e-08 -3.83538136e-03 ...  6.90295065e-11
   3.09339668e-06  2.61628200e-04]]
[[ 2.42231799e-01 -1.53814019e-01  7.07845056e-04 ... -3.15834482e-05
  -1.28145300e+00 -8.02052331e-01]
 [-9.42398795e-03  3.83472590e-03 -1.74300649e-05 ... -3.11754233e-05
  -1.17884941e+00 -7.37831371e-01]
 [ 3.86265930e-07  1.62637056e-03  6.36817278e-02 ...  2.39349404e-02
   1.03896338e-06 -4.45559971e-07]
 ...
 [-8.40992330e-07 -3.45825375e-05 -6.94638520e-03 ...  4.79649353e-03
  -1.84617308e-05 -1.17676365e-05]
 [ 3.24093015e-06 -6.70223729e-03 -1.78621984e-05 ...  9.31312183e-05
  -3.14224451e-03  8.80786726e-02]
 [ 2.91105028e-07 -4.80330837e-05 -9.04472282e-03 ... -9.63609245e-03
   1.17004429e-05 -1.86107401e-05]]
[2. 2. 2. 2. 2. 2. 2. 2. 2. 2. 2. 2. 2. 2. 2. 2. 0. 0. 0. 0. 0. 0. 0. 0.
 0. 0. 0. 0. 0. 0. 0. 0. 0. 0. 0. 0. 0. 0. 0. 0. 0. 0. 0. 0. 0. 0. 0. 0.
 0. 0. 0. 0. 0. 0. 0. 0. 0. 0. 0. 0. 0. 0. 0. 0. 0. 0. 0. 0. 0. 0. 0. 0.
 0. 0. 0. 0. 0. 0. 0. 0. 0. 0. 0. 0. 0. 0. 0. 0. 0. 0. 0. 0. 0. 0. 0. 0.
 0. 0. 0. 0. 0. 0. 0. 0.]
start SG
end SG -->  0.03522038459777832
    CPU time for vj and vk      0.65 sec, wall time      0.65 sec
E1 = 16.30951449722795  Ecoul = 4.645070911563302  Exc = -12.983077624752474
Extra cycle  E= -43.2639846079054  delta_E= 3.37e-10  |g|= 0.00021  |ddm|= 0.000312
    CPU time for scf_cycle      5.90 sec, wall time      5.93 sec
    CPU time for SCF      6.03 sec, wall time      6.06 sec
converged SCF energy = -43.2639846079054
Successfully saved all results to /central/scratch/yangjunjie//run-scf/diamond/fftisdf-ks/100/47942467/scf.h5
