SLURMD_NODENAME = hpc-54-06
Start time = Tue Mar 18 01:57:47 PM PDT 2025
OMP_NUM_THREADS = 1
MKL_NUM_THREADS = 1
PYSCF_MAX_MEMORY = 409600
TMPDIR = /central/scratch/yangjunjie//run-scf-spc-diamond-conv-1-1-1-fftisdf-ks-1-100-rcut_epsilon-1e-05-ke_epsilon-0.01-isdf_thresh-5e-05/48068323/
PYSCF_TMPDIR = /central/scratch/yangjunjie//run-scf-spc-diamond-conv-1-1-1-fftisdf-ks-1-100-rcut_epsilon-1e-05-ke_epsilon-0.01-isdf_thresh-5e-05/48068323/

/home/junjiey/anaconda3/envs/fftisdf/bin/python
2.8.0
1.13.1
2.0.2
fft_engine = NUMPY+BLAS
name = diamond-conv
ke_cutoff =  1.00e+02
exxdiv = None
df = fftisdf-ks
chk_path = ../../../gdf-32/tmp/scf.h5
mesh = 1,1,1
rcut_epsilon =  1.00e-05
ke_epsilon =  1.00e-02
isdf_thresh =  5.00e-05

Discarded 24 diffused primitive functions, 0 contracted functions
ke_cutoff = 100.0
None

******** <class 'ISDFX'> ********
lin_dep_thresh: 1e-10
alpha_cutoff: 2.8
rcut_epsilon: 1e-05
ke_epsilon: 0.01
isdf_thresh: 5e-05
grid_vol_cutoff: 0.05
ke_step: 2.0
ao_tol: 1e-12
multigrid_on: True
direct_j: True
iterative_build: True
occRI: True
voronoi: True
fit_sparse_grid: False
fit_dense_grid: True
direct_k_sparse: True
direct_k: False
use_kpt_symm: False
kmesh: [1, 1, 1]
isdf_pts_from_q0: True
isdf_pts_from_gamma_point: False
alpha: None
do_real_isdf: False
N_xi: None
use_cell_periodic: False
isdf_thresh_sparse: None
ncopy: [1, 1, 1]
j_grid_mesh: None
k_grid_mesh: None
num_j_grids: 100
get_ao_from_pyscf: False
nuc_pp_version: 0
vppnl_ver: 0
universal_dense_grid: None
same_jk_grids: None
coulomb_only: False
max_memory   409600 MB (current use       92 MB)

Exchange function: getK_occRI  

cell mesh: [33 33 33]
nbas:  96
Grid     keMax    keMin    keGrid   expMax   expMin   nexp     lmax     PWs      mesh        
0        51.6     51.6     111.6    5.6      5.6      1        2        35937    [33 33 33]
1        19.5     3.2      19.5     2.1      0.3      3        2        3375     [15 15 15]
0        77.4     55.8     111.6    5.6      5.6      1        2        35937    [33 33 33]
1        29.2     14.6     29.2     2.1      2.1      1        2        6859     [19 19 19]
2        10.6     4.8      10.6     0.8      0.3      2        2        1331     [11 11 11]

ISDF

atm      grid     Ng       NI       Nxi      sharp    on_grid  diffuse  maxexp   minexp   lmax     lmin    
0        0        35937    1462     115      9        198      189      5.61     5.61     2        0       
1        0        35937    1457     115      9        198      189      5.61     5.61     2        0       
2        0        35937    1462     115      9        198      189      5.61     5.61     2        0       
3        0        35937    1457     115      9        198      189      5.61     5.61     2        0       
4        0        35937    1462     115      9        198      189      5.61     5.61     2        0       
5        0        35937    1457     115      9        198      189      5.61     5.61     2        0       
6        0        35937    1472     116      9        198      189      5.61     5.61     2        0       
7        0        35937    1457     115      9        198      189      5.61     5.61     2        0       
-        1        3375     3375     3375     216      216      216      2.11     0.35     2        0       
ISDF-pts:       0.32
ISDF-vec:       0.05
Fit dense grids ISDF:       0.37
Fit sparse grids ISDF:       0.00

Grid     PWs      Ng_i     N_xi     N_mu    
0        35937    11686    921      1584    
1        3375     3375     3375     216     

nTHC: 4296
Mem Required (MB):      28.68
Curent RAM Use (MB) :        151 

Build W
ISDF-fft dense grids (sec):       1.44
Curent RAM Use (MB) :        191 
ISDF-fft:       1.44

Initial guess from minao.
Big error detected in the electron number of initial guess density matrix (Ne/cell = 31.9898)!
  This can cause huge error in Fock matrix and lead to instability in SCF for low-dimensional systems.
  DM is normalized wrt the number of electrons 32
Successfully loaded dm0 from ../../../gdf-32/tmp/scf.h5
~/packages/PeriodicIntegrals/PeriodicIntegrals-junjie-benchmark/isdfx/isdfx.py +4733
[[ 5.38614370e-01 -1.50633325e-02 -1.38087743e-10 ...  2.03651275e-06
   6.10606872e-03  7.90526395e-13]
 [-1.50633325e-02  4.39251350e-04  7.08964274e-12 ... -5.07444375e-08
  -1.52141668e-04 -4.13580975e-14]
 [-1.38087743e-10  7.08964274e-12  6.47441210e-01 ...  2.21852154e-03
  -1.53611402e-03 -3.84850915e-03]
 ...
 [ 2.03651275e-06 -5.07444375e-08  2.21852154e-03 ...  2.61686732e-04
   6.27410991e-08 -9.56146188e-15]
 [ 6.10606872e-03 -1.52141668e-04 -1.53611402e-03 ...  6.27410991e-08
   2.24296688e-03  1.08670819e-07]
 [ 7.90526395e-13 -4.13580975e-14 -3.84850915e-03 ... -9.56146188e-15
   1.08670819e-07  2.61686732e-04]]
[[ 2.42245902e-01 -1.52984567e-01 -5.86005138e-07 ... -1.76275068e-08
  -4.42991460e-01  1.44591729e+00]
 [-9.42629767e-03  3.81141176e-03  1.45896636e-08 ... -1.75288939e-08
  -4.07354937e-01  1.32960023e+00]
 [ 1.54483343e-11  5.31642048e-07 -1.18993057e-01 ...  5.36001426e-02
   5.04221703e-11  1.02693838e-10]
 ...
 [-6.10673153e-12  3.55709445e-10  1.17938535e-03 ... -1.59103731e-05
  -3.58354859e-06  1.16966473e-05]
 [ 6.11259859e-08 -6.65319911e-03  5.81347630e-07 ...  1.00183520e-04
   8.59271605e-02 -1.97846174e-02]
 [ 2.02371638e-12 -1.01459459e-09 -5.07581181e-04 ... -2.53858582e-05
  -1.16966440e-05 -3.58354682e-06]]
[2. 2. 2. 2. 2. 2. 2. 2. 2. 2. 2. 2. 2. 2. 2. 2. 0. 0. 0. 0. 0. 0. 0. 0.
 0. 0. 0. 0. 0. 0. 0. 0. 0. 0. 0. 0. 0. 0. 0. 0. 0. 0. 0. 0. 0. 0. 0. 0.
 0. 0. 0. 0. 0. 0. 0. 0. 0. 0. 0. 0. 0. 0. 0. 0. 0. 0. 0. 0. 0. 0. 0. 0.
 0. 0. 0. 0. 0. 0. 0. 0. 0. 0. 0. 0. 0. 0. 0. 0. 0. 0. 0. 0. 0. 0. 0. 0.
 0. 0. 0. 0. 0. 0. 0. 0.]
~/packages/PeriodicIntegrals/PeriodicIntegrals-junjie-benchmark/isdfx/isdfx.py +4733
[[ 5.38614370e-01 -1.50633325e-02 -1.38087743e-10 ...  2.03651275e-06
   6.10606872e-03  7.90526395e-13]
 [-1.50633325e-02  4.39251350e-04  7.08964274e-12 ... -5.07444375e-08
  -1.52141668e-04 -4.13580975e-14]
 [-1.38087743e-10  7.08964274e-12  6.47441210e-01 ...  2.21852154e-03
  -1.53611402e-03 -3.84850915e-03]
 ...
 [ 2.03651275e-06 -5.07444375e-08  2.21852154e-03 ...  2.61686732e-04
   6.27410991e-08 -9.56146188e-15]
 [ 6.10606872e-03 -1.52141668e-04 -1.53611402e-03 ...  6.27410991e-08
   2.24296688e-03  1.08670819e-07]
 [ 7.90526395e-13 -4.13580975e-14 -3.84850915e-03 ... -9.56146188e-15
   1.08670819e-07  2.61686732e-04]]
[[ 2.42245902e-01 -1.52984567e-01 -5.86005138e-07 ... -1.76275068e-08
  -4.42991460e-01  1.44591729e+00]
 [-9.42629767e-03  3.81141176e-03  1.45896636e-08 ... -1.75288939e-08
  -4.07354937e-01  1.32960023e+00]
 [ 1.54483343e-11  5.31642048e-07 -1.18993057e-01 ...  5.36001426e-02
   5.04221703e-11  1.02693838e-10]
 ...
 [-6.10673153e-12  3.55709445e-10  1.17938535e-03 ... -1.59103731e-05
  -3.58354859e-06  1.16966473e-05]
 [ 6.11259859e-08 -6.65319911e-03  5.81347630e-07 ...  1.00183520e-04
   8.59271605e-02 -1.97846174e-02]
 [ 2.02371638e-12 -1.01459459e-09 -5.07581181e-04 ... -2.53858582e-05
  -1.16966440e-05 -3.58354682e-06]]
[2. 2. 2. 2. 2. 2. 2. 2. 2. 2. 2. 2. 2. 2. 2. 2. 0. 0. 0. 0. 0. 0. 0. 0.
 0. 0. 0. 0. 0. 0. 0. 0. 0. 0. 0. 0. 0. 0. 0. 0. 0. 0. 0. 0. 0. 0. 0. 0.
 0. 0. 0. 0. 0. 0. 0. 0. 0. 0. 0. 0. 0. 0. 0. 0. 0. 0. 0. 0. 0. 0. 0. 0.
 0. 0. 0. 0. 0. 0. 0. 0. 0. 0. 0. 0. 0. 0. 0. 0. 0. 0. 0. 0. 0. 0. 0. 0.
 0. 0. 0. 0. 0. 0. 0. 0.]
start SG
end SG -->  0.03153276443481445


******** <class 'pyscf.pbc.dft.rks.RKS'> ********
method = RKS
initial guess = minao
damping factor = 0
level_shift factor = 0
DIIS = <class 'pyscf.scf.diis.CDIIS'>
diis_start_cycle = 1
diis_space = 8
diis_damp = 0
SCF conv_tol = 1e-08
SCF conv_tol_grad = None
SCF max_cycles = 50
direct_scf = True
direct_scf_tol = 1e-13
chkfile to save SCF result = /central/scratch/yangjunjie/run-scf-spc-diamond-conv-1-1-1-fftisdf-ks-1-100-rcut_epsilon-1e-05-ke_epsilon-0.01-isdf_thresh-5e-05/48068323/tmp7kg0t4ki
max_memory 409600 MB (current use 192 MB)
******** PBC SCF flags ********
kpt = [0. 0. 0.]
Exchange divergence treatment (exxdiv) = None
DF object = <isdfx.isdfx.ISDFX object at 0x7f73a14767f0>
XC functionals = PBE0
small_rho_cutoff = 1e-07
Set gradient conv threshold to 0.0001
nelec by numeric integration = 31.99999999816239
    CPU time for vxc      1.06 sec, wall time      1.07 sec
~/packages/PeriodicIntegrals/PeriodicIntegrals-junjie-benchmark/isdfx/isdfx.py +4733
[[ 5.38614370e-01 -1.50633325e-02 -1.38087743e-10 ...  2.03651275e-06
   6.10606872e-03  7.90526395e-13]
 [-1.50633325e-02  4.39251350e-04  7.08964274e-12 ... -5.07444375e-08
  -1.52141668e-04 -4.13580975e-14]
 [-1.38087743e-10  7.08964274e-12  6.47441210e-01 ...  2.21852154e-03
  -1.53611402e-03 -3.84850915e-03]
 ...
 [ 2.03651275e-06 -5.07444375e-08  2.21852154e-03 ...  2.61686732e-04
   6.27410991e-08 -9.56146188e-15]
 [ 6.10606872e-03 -1.52141668e-04 -1.53611402e-03 ...  6.27410991e-08
   2.24296688e-03  1.08670819e-07]
 [ 7.90526395e-13 -4.13580975e-14 -3.84850915e-03 ... -9.56146188e-15
   1.08670819e-07  2.61686732e-04]]
[[ 2.42245902e-01 -1.52984567e-01 -5.86005138e-07 ... -1.76275068e-08
  -4.42991460e-01  1.44591729e+00]
 [-9.42629767e-03  3.81141176e-03  1.45896636e-08 ... -1.75288939e-08
  -4.07354937e-01  1.32960023e+00]
 [ 1.54483343e-11  5.31642048e-07 -1.18993057e-01 ...  5.36001426e-02
   5.04221703e-11  1.02693838e-10]
 ...
 [-6.10673153e-12  3.55709445e-10  1.17938535e-03 ... -1.59103731e-05
  -3.58354859e-06  1.16966473e-05]
 [ 6.11259859e-08 -6.65319911e-03  5.81347630e-07 ...  1.00183520e-04
   8.59271605e-02 -1.97846174e-02]
 [ 2.02371638e-12 -1.01459459e-09 -5.07581181e-04 ... -2.53858582e-05
  -1.16966440e-05 -3.58354682e-06]]
[2. 2. 2. 2. 2. 2. 2. 2. 2. 2. 2. 2. 2. 2. 2. 2. 0. 0. 0. 0. 0. 0. 0. 0.
 0. 0. 0. 0. 0. 0. 0. 0. 0. 0. 0. 0. 0. 0. 0. 0. 0. 0. 0. 0. 0. 0. 0. 0.
 0. 0. 0. 0. 0. 0. 0. 0. 0. 0. 0. 0. 0. 0. 0. 0. 0. 0. 0. 0. 0. 0. 0. 0.
 0. 0. 0. 0. 0. 0. 0. 0. 0. 0. 0. 0. 0. 0. 0. 0. 0. 0. 0. 0. 0. 0. 0. 0.
 0. 0. 0. 0. 0. 0. 0. 0.]
start SG
end SG -->  0.03824353218078613
    CPU time for vj and vk      0.68 sec, wall time      0.68 sec
E1 = 16.30961814060373  Ecoul = 4.644916707432976  Exc = -12.983122798830555
init E= -43.264080342738
    CPU time for initialize scf      2.77 sec, wall time      2.78 sec
  HOMO = 0.56947929656406  LUMO = 0.84940638243695
  mo_energy =
[-0.26075348  0.06383352  0.06384369  0.06384378  0.06384388  0.06385146
  0.06385157  0.32173102  0.3217315   0.32173153  0.3217495   0.32174972
  0.32174995  0.56947898  0.56947922  0.5694793   0.84940638  0.84940641
  0.84940641  0.87503103  0.87503105  0.87504787  0.87504789  0.87504792
  0.87508321  1.1888521   1.28867578  1.28867586  1.28867588  1.28874853
  1.28874855  1.2887486   1.72484554  1.72490627  1.72490634  1.72490641
  1.72493186  1.7249319   1.76177848  1.76177849  2.04657129  2.04657136
  2.04657156  2.04661686  2.04661701  2.04661707  2.35115868  2.35173802
  2.35173802  2.35173802  2.35202895  2.35202895  2.41502573  2.41502574
  2.41502574  2.48154373  2.48154405  2.48154408  2.79655458  2.79655468
  2.79655472  2.79662673  2.79662678  2.79662694  2.98806972  2.98814128
  2.98814132  2.98814135  2.98817682  2.98817683  3.02867907  3.02867951
  3.02867965  3.02876787  3.02876799  3.02876832  3.43655078  3.43655096
  3.43671511  3.43671532  3.43671553  3.43703604  3.56986422  3.56986423
  3.73926387  3.73926393  3.73926457  4.63028268  4.6302827   4.63028273
  4.73134325  4.73134328  4.7313433   4.73164051  4.73164052  4.73164056
  8.68933347  9.01503606  9.02622007  9.0313833   9.03138345  9.03138359
  9.03519444  9.03519457]
nelec by numeric integration = 31.999999998162313
    CPU time for vxc      1.08 sec, wall time      1.08 sec
~/packages/PeriodicIntegrals/PeriodicIntegrals-junjie-benchmark/isdfx/isdfx.py +4733
[[ 5.38625824e-01 -1.50683143e-02 -1.04707374e-06 ...  1.97353789e-05
   6.10805212e-03 -2.54695180e-08]
 [-1.50683143e-02  4.39508267e-04 -2.62899031e-07 ... -4.93494250e-07
  -1.52290061e-04  4.83278019e-09]
 [-1.04707374e-06 -2.62899031e-07  6.47387600e-01 ...  2.17845485e-03
  -1.53855702e-03 -3.83485216e-03]
 ...
 [ 1.97353789e-05 -4.93494250e-07  2.17845485e-03 ...  2.61646867e-04
   1.90313955e-06 -1.93626160e-09]
 [ 6.10805212e-03 -1.52290061e-04 -1.53855702e-03 ...  1.90313955e-06
   2.24319491e-03  3.29862040e-06]
 [-2.54695180e-08  4.83278019e-09 -3.83485216e-03 ... -1.93626160e-09
   3.29862040e-06  2.61646213e-04]]
[[ 2.42244665e-01 -1.51393559e-01 -3.11831459e-03 ... -2.16605710e-06
   1.46014525e+00 -3.91690083e-01]
 [-9.42742592e-03  3.77445930e-03  7.78693272e-05 ... -2.11677080e-06
   1.34323083e+00 -3.60327116e-01]
 [ 8.63372203e-08 -1.33837302e-04 -2.36746915e-01 ...  2.93014605e-02
  -5.31987035e-07  4.97329270e-07]
 ...
 [-7.60373200e-09  5.44061353e-06 -3.78082666e-03 ...  5.85324492e-03
   2.15436032e-05 -5.65130047e-06]
 [ 2.93366367e-06 -6.64314140e-03 -6.24120245e-05 ...  9.88960178e-05
  -6.23396903e-02 -6.23044790e-02]
 [-2.31534732e-08  2.57155692e-05  8.00683045e-03 ... -6.95422728e-03
   5.65054860e-06  2.15380440e-05]]
[2. 2. 2. 2. 2. 2. 2. 2. 2. 2. 2. 2. 2. 2. 2. 2. 0. 0. 0. 0. 0. 0. 0. 0.
 0. 0. 0. 0. 0. 0. 0. 0. 0. 0. 0. 0. 0. 0. 0. 0. 0. 0. 0. 0. 0. 0. 0. 0.
 0. 0. 0. 0. 0. 0. 0. 0. 0. 0. 0. 0. 0. 0. 0. 0. 0. 0. 0. 0. 0. 0. 0. 0.
 0. 0. 0. 0. 0. 0. 0. 0. 0. 0. 0. 0. 0. 0. 0. 0. 0. 0. 0. 0. 0. 0. 0. 0.
 0. 0. 0. 0. 0. 0. 0. 0.]
start SG
end SG -->  0.03836631774902344
    CPU time for vj and vk      0.72 sec, wall time      0.72 sec
E1 = 16.30948037152213  Ecoul = 4.645116960978337  Exc = -12.98318568816213
cycle= 1 E= -43.2640807476059  delta_E= -4.05e-07  |g|= 0.000211  |ddm|= 0.00107
    CPU time for cycle= 1      1.80 sec, wall time      1.81 sec
  HOMO = 0.569486052553723  LUMO = 0.849411776212799
  mo_energy =
[-0.26074858  0.06381246  0.06384891  0.06384898  0.06384919  0.06386892
  0.06386903  0.32172785  0.32172828  0.32172835  0.32176349  0.32176366
  0.3217639   0.5694857   0.56948595  0.56948605  0.84941178  0.84941182
  0.84941182  0.87503235  0.87503241  0.87505197  0.87505203  0.87505209
  0.87509208  1.18886086  1.28867918  1.28867931  1.28867939  1.28876308
  1.28876311  1.28876328  1.72486248  1.72491315  1.72491322  1.72491329
  1.7249393   1.72493934  1.76178218  1.76178218  2.04656182  2.04656193
  2.04656209  2.04663489  2.04663502  2.04663505  2.35116738  2.35174387
  2.35174393  2.35174399  2.35202991  2.35203003  2.41503169  2.41503171
  2.41503172  2.48155208  2.48155239  2.48155242  2.79657339  2.79657347
  2.7965735   2.79662386  2.79662395  2.79662406  2.98808544  2.98814789
  2.98814794  2.98814798  2.98817784  2.98817788  3.02867636  3.02867682
  3.02867696  3.02878317  3.0287833   3.0287837   3.43654856  3.43654877
  3.43672175  3.43672198  3.43672221  3.43706143  3.56987139  3.5698714
  3.73927114  3.7392712   3.73927186  4.63028924  4.63028925  4.63028929
  4.73135948  4.7313595   4.73135957  4.73163749  4.73163756  4.73163764
  8.68934972  9.01500178  9.02622274  9.03140961  9.03140989  9.03140994
  9.03522937  9.03522976]
nelec by numeric integration = 31.999999998162462
    CPU time for vxc      1.07 sec, wall time      1.07 sec
~/packages/PeriodicIntegrals/PeriodicIntegrals-junjie-benchmark/isdfx/isdfx.py +4733
[[ 5.38603101e-01 -1.50657137e-02 -9.90741592e-07 ...  1.78049192e-05
   6.10831695e-03 -1.99566762e-08]
 [-1.50657137e-02  4.39392990e-04 -2.71397829e-07 ... -4.45357333e-07
  -1.52289179e-04  4.88630974e-09]
 [-9.90741592e-07 -2.71397829e-07  6.47371563e-01 ...  2.18141045e-03
  -1.53874854e-03 -3.83509523e-03]
 ...
 [ 1.78049192e-05 -4.45357333e-07  2.18141045e-03 ...  2.61635850e-04
   1.78543395e-06 -1.87969017e-09]
 [ 6.10831695e-03 -1.52289179e-04 -1.53874854e-03 ...  1.78543395e-06
   2.24318302e-03  3.09529848e-06]
 [-1.99566762e-08  4.88630974e-09 -3.83509523e-03 ... -1.87969017e-09
   3.09529848e-06  2.61635201e-04]]
[[ 2.42226780e-01 -1.52597159e-01 -2.15197272e-03 ... -1.63373729e-05
  -1.23459204e+00 -8.72479370e-01]
 [-9.42699713e-03  3.80588954e-03  5.38238376e-05 ... -1.55692912e-05
  -1.13573961e+00 -8.02619576e-01]
 [ 2.36669085e-08 -2.26265835e-04 -1.83510509e-01 ... -2.57474946e-02
   2.76599723e-07  6.39055895e-07]
 ...
 [-7.62718093e-09 -1.44991241e-06 -3.68827520e-03 ...  2.76455836e-02
  -1.78214989e-05 -1.24378781e-05]
 [ 2.79460589e-06 -6.65254985e-03 -4.24195636e-05 ...  1.67755508e-05
   8.00404270e-02 -3.69012280e-02]
 [-2.10663489e-08  1.46274040e-05  1.08113151e-02 ...  1.09096310e-02
  -1.24604059e-05  1.78143795e-05]]
[2. 2. 2. 2. 2. 2. 2. 2. 2. 2. 2. 2. 2. 2. 2. 2. 0. 0. 0. 0. 0. 0. 0. 0.
 0. 0. 0. 0. 0. 0. 0. 0. 0. 0. 0. 0. 0. 0. 0. 0. 0. 0. 0. 0. 0. 0. 0. 0.
 0. 0. 0. 0. 0. 0. 0. 0. 0. 0. 0. 0. 0. 0. 0. 0. 0. 0. 0. 0. 0. 0. 0. 0.
 0. 0. 0. 0. 0. 0. 0. 0. 0. 0. 0. 0. 0. 0. 0. 0. 0. 0. 0. 0. 0. 0. 0. 0.
 0. 0. 0. 0. 0. 0. 0. 0.]
start SG
end SG -->  0.037430524826049805
    CPU time for vj and vk      0.71 sec, wall time      0.71 sec
E1 = 16.3095026789473  Ecoul = 4.6450836309621995  Exc = -12.983174665058986
cycle= 2 E= -43.2640807470937  delta_E= 5.12e-10  |g|= 0.000222  |ddm|= 0.00033
    CPU time for cycle= 2      1.79 sec, wall time      1.79 sec
  HOMO = 0.569485507526279  LUMO = 0.849411359555872
  mo_energy =
[-0.26074896  0.06383054  0.06384833  0.06384839  0.06384854  0.06385963
  0.06385973  0.32173416  0.32173462  0.32173467  0.32175628  0.32175647
  0.3217567   0.56948516  0.5694854   0.56948551  0.84941136  0.8494114
  0.8494114   0.87503176  0.8750318   0.87505155  0.8750516   0.87505164
  0.87509265  1.18886016  1.28868539  1.28868548  1.28868555  1.28875548
  1.2887555   1.28875561  1.72486032  1.72491364  1.72491371  1.72491377
  1.72493755  1.72493758  1.76178189  1.7617819   2.046569    2.0465691
  2.04656928  2.04662698  2.04662711  2.04662717  2.35115746  2.35174275
  2.35174279  2.35174281  2.35203561  2.35203569  2.4150312   2.41503122
  2.41503123  2.48155141  2.48155171  2.48155175  2.79656493  2.79656501
  2.79656504  2.79663105  2.79663111  2.79663125  2.98808449  2.98814715
  2.9881472   2.98814724  2.988178    2.98817805  3.028682    3.02868245
  3.02868259  3.02877652  3.02877663  3.028777    3.43655187  3.43655209
  3.4367213   3.43672151  3.43672173  3.43705299  3.56987098  3.569871
  3.73927056  3.73927062  3.73927128  4.6302887   4.63028871  4.63028875
  4.731352    4.73135203  4.73135205  4.73164385  4.73164388  4.73164394
  8.68934898  9.01504349  9.02622954  9.03140582  9.03140587  9.03140597
  9.03520497  9.0352052 ]
nelec by numeric integration = 31.99999999816239
    CPU time for vxc      1.06 sec, wall time      1.08 sec
~/packages/PeriodicIntegrals/PeriodicIntegrals-junjie-benchmark/isdfx/isdfx.py +4733
[[ 5.38615609e-01 -1.50671120e-02 -1.03659739e-06 ...  1.89935575e-05
   6.10830694e-03 -1.86326889e-08]
 [-1.50671120e-02  4.39457298e-04 -2.66209012e-07 ... -4.75001955e-07
  -1.52296013e-04  4.81377578e-09]
 [-1.03659739e-06 -2.66209012e-07  6.47378724e-01 ...  2.17955251e-03
  -1.53856665e-03 -3.83479009e-03]
 ...
 [ 1.89935575e-05 -4.75001955e-07  2.17955251e-03 ...  2.61638306e-04
   1.86622033e-06 -1.91790948e-09]
 [ 6.10830694e-03 -1.52296013e-04 -1.53856665e-03 ...  1.86622033e-06
   2.24318173e-03  3.23530759e-06]
 [-1.86326889e-08  4.81377578e-09 -3.83479009e-03 ... -1.91790948e-09
   3.23530759e-06  2.61637736e-04]]
[[ 2.42237753e-01 -1.52135352e-01  1.63841541e-03 ...  5.30312137e-06
  -1.29569776e+00 -7.78852312e-01]
 [-9.42744667e-03  3.79385580e-03 -4.10025674e-05 ...  4.96240687e-06
  -1.19195158e+00 -7.16489134e-01]
 [ 6.62175939e-08 -3.38350251e-04  2.33300462e-01 ...  6.01433959e-02
   3.39768634e-07  6.31681001e-07]
 ...
 [-5.16636037e-09 -3.03045508e-07  3.59951383e-03 ...  2.27799833e-03
  -1.88062235e-05 -1.11543954e-05]
 [ 3.12432349e-06 -6.64727861e-03  4.38798191e-05 ...  1.19284793e-04
   7.70941207e-02 -4.27157509e-02]
 [-2.33405047e-08  2.62308716e-05 -9.50363887e-03 ...  4.81106671e-03
  -1.11755179e-05  1.88028453e-05]]
[2. 2. 2. 2. 2. 2. 2. 2. 2. 2. 2. 2. 2. 2. 2. 2. 0. 0. 0. 0. 0. 0. 0. 0.
 0. 0. 0. 0. 0. 0. 0. 0. 0. 0. 0. 0. 0. 0. 0. 0. 0. 0. 0. 0. 0. 0. 0. 0.
 0. 0. 0. 0. 0. 0. 0. 0. 0. 0. 0. 0. 0. 0. 0. 0. 0. 0. 0. 0. 0. 0. 0. 0.
 0. 0. 0. 0. 0. 0. 0. 0. 0. 0. 0. 0. 0. 0. 0. 0. 0. 0. 0. 0. 0. 0. 0. 0.
 0. 0. 0. 0. 0. 0. 0. 0.]
start SG
end SG -->  0.038469552993774414
    CPU time for vj and vk      0.72 sec, wall time      0.72 sec
E1 = 16.309500972982523  Ecoul = 4.645086157754078  Exc = -12.983175497738884
cycle= 3 E= -43.2640807589465  delta_E= -1.19e-08  |g|= 2.65e-05  |ddm|= 0.00019
    CPU time for cycle= 3      1.79 sec, wall time      1.81 sec
  HOMO = 0.569485099004857  LUMO = 0.849411030936665
  mo_energy =
[-0.26074925  0.06382793  0.06384807  0.06384813  0.06384828  0.06386045
  0.06386055  0.32173261  0.32173306  0.32173311  0.32175718  0.32175736
  0.3217576   0.56948475  0.569485    0.5694851   0.84941103  0.84941107
  0.84941107  0.87503269  0.87503273  0.87505133  0.87505137  0.87505142
  0.87509005  1.18885964  1.28868328  1.28868337  1.28868344  1.28875651
  1.28875653  1.28875664  1.72485944  1.72491293  1.724913    1.72491307
  1.72493745  1.72493749  1.7617817   1.76178171  2.04656779  2.04656788
  2.04656807  2.04662766  2.04662779  2.04662784  2.35115911  2.35174263
  2.35174267  2.35174269  2.35203425  2.35203433  2.41503083  2.41503085
  2.41503086  2.4815509   2.48155121  2.48155124  2.79656588  2.79656595
  2.79656599  2.79662913  2.79662919  2.79662933  2.98808342  2.98814685
  2.98814689  2.98814693  2.98817796  2.988178    3.02868052  3.02868097
  3.0286811   3.02877721  3.02877733  3.0287777   3.43655158  3.43655179
  3.4367209   3.43672111  3.43672134  3.43705247  3.56987064  3.56987066
  3.73927012  3.73927018  3.73927084  4.63028824  4.63028825  4.63028829
  4.73135268  4.7313527   4.73135272  4.73164232  4.73164236  4.73164242
  8.68934764  9.01503581  9.02622695  9.03140514  9.0314052   9.0314053
  9.03520711  9.03520734]
nelec by numeric integration = 31.99999999816242
    CPU time for vxc      1.06 sec, wall time      1.07 sec
~/packages/PeriodicIntegrals/PeriodicIntegrals-junjie-benchmark/isdfx/isdfx.py +4733
[[ 5.38614092e-01 -1.50669406e-02 -1.03711305e-06 ...  1.90707541e-05
   6.10828095e-03 -1.90292986e-08]
 [-1.50669406e-02  4.39448866e-04 -2.65781150e-07 ... -4.76924516e-07
  -1.52293972e-04  4.82342773e-09]
 [-1.03711305e-06 -2.65781150e-07  6.47375185e-01 ...  2.17939086e-03
  -1.53855249e-03 -3.83469646e-03]
 ...
 [ 1.90707541e-05 -4.76924516e-07  2.17939086e-03 ...  2.61638778e-04
   1.87480738e-06 -1.91606554e-09]
 [ 6.10828095e-03 -1.52293972e-04 -1.53855249e-03 ...  1.87480738e-06
   2.24318321e-03  3.25025231e-06]
 [-1.90292986e-08  4.82342773e-09 -3.83469646e-03 ... -1.91606554e-09
   3.25025231e-06  2.61638208e-04]]
[[ 2.42236811e-01 -1.52234351e-01 -2.01574273e-03 ...  6.21700190e-06
  -1.28859745e+00 -7.90544109e-01]
 [-9.42736175e-03  3.79632943e-03  5.04121043e-05 ...  5.82323436e-06
  -1.18541989e+00 -7.27244799e-01]
 [ 6.44699700e-08 -2.48820916e-04 -2.30733039e-01 ...  6.30486954e-02
   3.36947537e-07  6.38800298e-07]
 ...
 [-5.13731488e-09  7.15215690e-07 -3.60147250e-03 ...  1.28266931e-03
  -1.87070019e-05 -1.13257544e-05]
 [ 3.06318008e-06 -6.64832058e-03 -4.63540998e-05 ...  1.19477535e-04
   7.74774695e-02 -4.20164277e-02]
 [-2.32502428e-08  2.16494466e-05  9.79964476e-03 ...  5.68384479e-03
  -1.13459703e-05  1.87047038e-05]]
[2. 2. 2. 2. 2. 2. 2. 2. 2. 2. 2. 2. 2. 2. 2. 2. 0. 0. 0. 0. 0. 0. 0. 0.
 0. 0. 0. 0. 0. 0. 0. 0. 0. 0. 0. 0. 0. 0. 0. 0. 0. 0. 0. 0. 0. 0. 0. 0.
 0. 0. 0. 0. 0. 0. 0. 0. 0. 0. 0. 0. 0. 0. 0. 0. 0. 0. 0. 0. 0. 0. 0. 0.
 0. 0. 0. 0. 0. 0. 0. 0. 0. 0. 0. 0. 0. 0. 0. 0. 0. 0. 0. 0. 0. 0. 0. 0.
 0. 0. 0. 0. 0. 0. 0. 0.]
start SG
end SG -->  0.03811502456665039
    CPU time for vj and vk      0.72 sec, wall time      0.72 sec
E1 = 16.30949969973341  Ecoul = 4.645088043621213  Exc = -12.983176110525152
cycle= 4 E= -43.2640807591147  delta_E= -1.68e-10  |g|= 4.38e-06  |ddm|= 2.87e-05
    CPU time for cycle= 4      1.78 sec, wall time      1.79 sec
  HOMO = 0.56948508373392  LUMO = 0.849411018367181
  mo_energy =
[-0.26074926  0.0638282   0.06384805  0.0638481   0.06384825  0.06386032
  0.06386042  0.32173278  0.32173324  0.32173329  0.32175697  0.32175716
  0.32175739  0.56948474  0.56948498  0.56948508  0.84941102  0.84941106
  0.84941106  0.87503238  0.87503242  0.87505131  0.87505136  0.87505141
  0.87509066  1.18885962  1.2886836   1.28868369  1.28868376  1.28875614
  1.28875617  1.28875628  1.7248595   1.72491299  1.72491306  1.72491312
  1.72493728  1.72493731  1.7617817   1.7617817   2.04656782  2.04656791
  2.0465681   2.0466276   2.04662774  2.04662779  2.35115868  2.35174256
  2.3517426   2.35174263  2.35203454  2.35203463  2.41503081  2.41503083
  2.41503084  2.48155088  2.48155119  2.48155122  2.79656563  2.79656571
  2.79656574  2.79662934  2.7966294   2.79662953  2.98808375  2.98814681
  2.98814686  2.9881469   2.98817781  2.98817785  3.02868066  3.02868111
  3.02868124  3.02877704  3.02877716  3.02877753  3.43655143  3.43655165
  3.43672089  3.43672109  3.43672132  3.43705272  3.56987064  3.56987065
  3.7392701   3.73927016  3.73927082  4.63028822  4.63028823  4.63028827
  4.7313525   4.73135252  4.73135255  4.73164246  4.7316425   4.73164256
  8.68934759  9.01503689  9.02622715  9.03140496  9.03140502  9.03140512
  9.03520645  9.03520668]
nelec by numeric integration = 31.999999998162416
    CPU time for vxc      1.07 sec, wall time      1.07 sec
~/packages/PeriodicIntegrals/PeriodicIntegrals-junjie-benchmark/isdfx/isdfx.py +4733
[[ 5.38614181e-01 -1.50669612e-02 -1.03973534e-06 ...  1.90216096e-05
   6.10829316e-03 -1.88201960e-08]
 [-1.50669612e-02  4.39450094e-04 -2.65361068e-07 ... -4.75700192e-07
  -1.52294738e-04  4.82023998e-09]
 [-1.03973534e-06 -2.65361068e-07  6.47375304e-01 ...  2.17945987e-03
  -1.53855903e-03 -3.83469955e-03]
 ...
 [ 1.90216096e-05 -4.75700192e-07  2.17945987e-03 ...  2.61638811e-04
   1.87237227e-06 -1.91669474e-09]
 [ 6.10829316e-03 -1.52294738e-04 -1.53855903e-03 ...  1.87237227e-06
   2.24318314e-03  3.24605651e-06]
 [-1.88201960e-08  4.82023998e-09 -3.83469955e-03 ... -1.91669474e-09
   3.24605651e-06  2.61638244e-04]]
[[ 2.42236816e-01 -1.52227064e-01 -1.90730079e-03 ...  6.20353898e-06
  -1.28681475e+00 -7.93442683e-01]
 [-9.42738069e-03  3.79617292e-03  4.77087964e-05 ...  5.81381718e-06
  -1.18377991e+00 -7.29911269e-01]
 [ 6.38984985e-08 -2.74798464e-04 -2.30999390e-01 ...  6.29938070e-02
   3.34085858e-07  6.38389302e-07]
 ...
 [-5.03982708e-09  1.94334595e-07 -3.60134229e-03 ...  1.40594907e-03
  -1.86739460e-05 -1.13631231e-05]
 [ 3.08008289e-06 -6.64822695e-03 -4.51031787e-05 ...  1.19652554e-04
   7.75718613e-02 -4.18419266e-02]
 [-2.33244321e-08  2.25503035e-05  9.77386689e-03 ...  5.74255369e-03
  -1.13839042e-05  1.86712840e-05]]
[2. 2. 2. 2. 2. 2. 2. 2. 2. 2. 2. 2. 2. 2. 2. 2. 0. 0. 0. 0. 0. 0. 0. 0.
 0. 0. 0. 0. 0. 0. 0. 0. 0. 0. 0. 0. 0. 0. 0. 0. 0. 0. 0. 0. 0. 0. 0. 0.
 0. 0. 0. 0. 0. 0. 0. 0. 0. 0. 0. 0. 0. 0. 0. 0. 0. 0. 0. 0. 0. 0. 0. 0.
 0. 0. 0. 0. 0. 0. 0. 0. 0. 0. 0. 0. 0. 0. 0. 0. 0. 0. 0. 0. 0. 0. 0. 0.
 0. 0. 0. 0. 0. 0. 0. 0.]
start SG
end SG -->  0.03692030906677246
    CPU time for vj and vk      0.71 sec, wall time      0.72 sec
E1 = 16.309499656769553  Ecoul = 4.645088105548775  Exc = -12.983176129493007
Extra cycle  E= -43.2640807591189  delta_E= -4.15e-12  |g|= 1.98e-06  |ddm|= 4.57e-06
    CPU time for scf_cycle     11.71 sec, wall time     11.78 sec
    CPU time for SCF     11.83 sec, wall time     11.90 sec
converged SCF energy = -43.2640807591189
Successfully saved all results to /central/scratch/yangjunjie//run-scf-spc-diamond-conv-1-1-1-fftisdf-ks-1-100-rcut_epsilon-1e-05-ke_epsilon-0.01-isdf_thresh-5e-05/48068323/scf.h5
