SLURMD_NODENAME = hpc-35-14
Start time = Wed Mar 19 07:03:39 PM PDT 2025
OMP_NUM_THREADS = 1
MKL_NUM_THREADS = 1
PYSCF_MAX_MEMORY = 409600
TMPDIR = /central/scratch/yangjunjie//run-scf-spc-diamond-conv-1-1-1-fftisdf-ks-1-100-rcut_epsilon-1e-05-ke_epsilon-0.01-isdf_thresh-5e-05/48100101/
PYSCF_TMPDIR = /central/scratch/yangjunjie//run-scf-spc-diamond-conv-1-1-1-fftisdf-ks-1-100-rcut_epsilon-1e-05-ke_epsilon-0.01-isdf_thresh-5e-05/48100101/

/home/junjiey/anaconda3/envs/fftisdf/bin/python
2.8.0
1.13.1
2.0.2
fft_engine = NUMPY+BLAS
name = diamond-conv
ke_cutoff =  1.00e+02
exxdiv = None
df = fftisdf-ks
chk_path = ../../../gdf-64/tmp/scf.h5
mesh = 1,1,1
rcut_epsilon =  1.00e-05
ke_epsilon =  1.00e-02
isdf_thresh =  5.00e-05

Discarded 24 diffused primitive functions, 0 contracted functions
ke_cutoff = 100.0
None

******** <class 'ISDFX'> ********
lin_dep_thresh: 1e-10
alpha_cutoff: 2.8
rcut_epsilon: 1e-05
ke_epsilon: 0.01
isdf_thresh: 5e-05
grid_vol_cutoff: 0.05
ke_step: 2.0
ao_tol: 1e-12
multigrid_on: True
direct_j: True
iterative_build: True
occRI: True
voronoi: True
fit_sparse_grid: False
fit_dense_grid: True
direct_k_sparse: True
direct_k: False
use_kpt_symm: False
kmesh: [1, 1, 1]
isdf_pts_from_q0: True
isdf_pts_from_gamma_point: False
alpha: None
do_real_isdf: False
N_xi: None
use_cell_periodic: False
isdf_thresh_sparse: None
ncopy: [1, 1, 1]
j_grid_mesh: None
k_grid_mesh: None
num_j_grids: 100
get_ao_from_pyscf: False
nuc_pp_version: 0
vppnl_ver: 0
universal_dense_grid: None
same_jk_grids: None
coulomb_only: False
max_memory   409600 MB (current use       89 MB)

Exchange function: getK_occRI  

cell mesh: [33 33 33]
nbas:  96
Grid     keMax    keMin    keGrid   expMax   expMin   nexp     lmax     PWs      mesh        
0        51.6     51.6     111.6    5.6      5.6      1        2        35937    [33 33 33]
1        19.5     3.2      19.5     2.1      0.3      3        2        3375     [15 15 15]
0        77.4     55.8     111.6    5.6      5.6      1        2        35937    [33 33 33]
1        29.2     14.6     29.2     2.1      2.1      1        2        6859     [19 19 19]
2        10.6     4.8      10.6     0.8      0.3      2        2        1331     [11 11 11]

ISDF

atm      grid     Ng       NI       Nxi      sharp    on_grid  diffuse  maxexp   minexp   lmax     lmin    
0        0        35937    1462     115      9        198      189      5.61     5.61     2        0       
1        0        35937    1457     115      9        198      189      5.61     5.61     2        0       
2        0        35937    1462     115      9        198      189      5.61     5.61     2        0       
3        0        35937    1457     115      9        198      189      5.61     5.61     2        0       
4        0        35937    1462     115      9        198      189      5.61     5.61     2        0       
5        0        35937    1457     115      9        198      189      5.61     5.61     2        0       
6        0        35937    1472     116      9        198      189      5.61     5.61     2        0       
7        0        35937    1457     115      9        198      189      5.61     5.61     2        0       
-        1        3375     3375     3375     216      216      216      2.11     0.35     2        0       
ISDF-pts:       0.54
ISDF-vec:       0.08
Fit dense grids ISDF:       0.63
Fit sparse grids ISDF:       0.00

Grid     PWs      Ng_i     N_xi     N_mu    
0        35937    11686    921      1584    
1        3375     3375     3375     216     

nTHC: 4296
Mem Required (MB):      28.68
Curent RAM Use (MB) :        150 

Build W
ISDF-fft dense grids (sec):       2.10
Curent RAM Use (MB) :        189 
ISDF-fft:       2.10

Initial guess from minao.
Big error detected in the electron number of initial guess density matrix (Ne/cell = 31.9898)!
  This can cause huge error in Fock matrix and lead to instability in SCF for low-dimensional systems.
  DM is normalized wrt the number of electrons 32
Successfully loaded dm0 from ../../../gdf-64/tmp/scf.h5
Successfully loaded h1e and s1e from ../../../gdf-64/tmp/scf.h5
~/packages/PeriodicIntegrals/PeriodicIntegrals-junjie-benchmark/isdfx/isdfx.py +4733
[[ 5.38614370e-01 -1.50633325e-02 -1.38088700e-10 ...  2.03651275e-06
   6.10606872e-03  7.90547037e-13]
 [-1.50633325e-02  4.39251350e-04  7.08940027e-12 ... -5.07444375e-08
  -1.52141668e-04 -4.13526927e-14]
 [-1.38088700e-10  7.08940027e-12  6.47441210e-01 ...  2.21852154e-03
  -1.53611402e-03 -3.84850915e-03]
 ...
 [ 2.03651275e-06 -5.07444375e-08  2.21852154e-03 ...  2.61686732e-04
   6.27410991e-08 -9.56579945e-15]
 [ 6.10606872e-03 -1.52141668e-04 -1.53611402e-03 ...  6.27410991e-08
   2.24296688e-03  1.08670819e-07]
 [ 7.90547037e-13 -4.13526927e-14 -3.84850915e-03 ... -9.56579945e-15
   1.08670819e-07  2.61686732e-04]]
[[ 2.42245902e-01 -1.52984567e-01 -5.85991709e-07 ... -1.76275652e-08
  -4.42936099e-01  1.44593425e+00]
 [-9.42629767e-03  3.81141176e-03  1.45893293e-08 ... -1.75289586e-08
  -4.07304030e-01  1.32961583e+00]
 [ 1.54482824e-11  5.31639720e-07 -1.18991499e-01 ...  5.36005452e-02
   5.03972825e-11  1.02676674e-10]
 ...
 [-6.10676715e-12  3.55441815e-10  1.17944720e-03 ... -1.59699511e-05
  -3.58310075e-06  1.16967845e-05]
 [ 6.11259860e-08 -6.65319911e-03  5.81353136e-07 ...  1.00183704e-04
   8.59264029e-02 -1.97879073e-02]
 [ 2.02375181e-12 -1.01463572e-09 -5.07643874e-04 ... -2.52301093e-05
  -1.16967812e-05 -3.58309898e-06]]
[2. 2. 2. 2. 2. 2. 2. 2. 2. 2. 2. 2. 2. 2. 2. 2. 0. 0. 0. 0. 0. 0. 0. 0.
 0. 0. 0. 0. 0. 0. 0. 0. 0. 0. 0. 0. 0. 0. 0. 0. 0. 0. 0. 0. 0. 0. 0. 0.
 0. 0. 0. 0. 0. 0. 0. 0. 0. 0. 0. 0. 0. 0. 0. 0. 0. 0. 0. 0. 0. 0. 0. 0.
 0. 0. 0. 0. 0. 0. 0. 0. 0. 0. 0. 0. 0. 0. 0. 0. 0. 0. 0. 0. 0. 0. 0. 0.
 0. 0. 0. 0. 0. 0. 0. 0.]
~/packages/PeriodicIntegrals/PeriodicIntegrals-junjie-benchmark/isdfx/isdfx.py +4733
[[ 5.38614370e-01 -1.50633325e-02 -1.38088700e-10 ...  2.03651275e-06
   6.10606872e-03  7.90547037e-13]
 [-1.50633325e-02  4.39251350e-04  7.08940027e-12 ... -5.07444375e-08
  -1.52141668e-04 -4.13526927e-14]
 [-1.38088700e-10  7.08940027e-12  6.47441210e-01 ...  2.21852154e-03
  -1.53611402e-03 -3.84850915e-03]
 ...
 [ 2.03651275e-06 -5.07444375e-08  2.21852154e-03 ...  2.61686732e-04
   6.27410991e-08 -9.56579945e-15]
 [ 6.10606872e-03 -1.52141668e-04 -1.53611402e-03 ...  6.27410991e-08
   2.24296688e-03  1.08670819e-07]
 [ 7.90547037e-13 -4.13526927e-14 -3.84850915e-03 ... -9.56579945e-15
   1.08670819e-07  2.61686732e-04]]
[[ 2.42245902e-01 -1.52984567e-01 -5.85991709e-07 ... -1.76275652e-08
  -4.42936099e-01  1.44593425e+00]
 [-9.42629767e-03  3.81141176e-03  1.45893293e-08 ... -1.75289586e-08
  -4.07304030e-01  1.32961583e+00]
 [ 1.54482824e-11  5.31639720e-07 -1.18991499e-01 ...  5.36005452e-02
   5.03972825e-11  1.02676674e-10]
 ...
 [-6.10676715e-12  3.55441815e-10  1.17944720e-03 ... -1.59699511e-05
  -3.58310075e-06  1.16967845e-05]
 [ 6.11259860e-08 -6.65319911e-03  5.81353136e-07 ...  1.00183704e-04
   8.59264029e-02 -1.97879073e-02]
 [ 2.02375181e-12 -1.01463572e-09 -5.07643874e-04 ... -2.52301093e-05
  -1.16967812e-05 -3.58309898e-06]]
[2. 2. 2. 2. 2. 2. 2. 2. 2. 2. 2. 2. 2. 2. 2. 2. 0. 0. 0. 0. 0. 0. 0. 0.
 0. 0. 0. 0. 0. 0. 0. 0. 0. 0. 0. 0. 0. 0. 0. 0. 0. 0. 0. 0. 0. 0. 0. 0.
 0. 0. 0. 0. 0. 0. 0. 0. 0. 0. 0. 0. 0. 0. 0. 0. 0. 0. 0. 0. 0. 0. 0. 0.
 0. 0. 0. 0. 0. 0. 0. 0. 0. 0. 0. 0. 0. 0. 0. 0. 0. 0. 0. 0. 0. 0. 0. 0.
 0. 0. 0. 0. 0. 0. 0. 0.]
start SG
end SG -->  0.04755377769470215


******** <class 'pyscf.pbc.dft.rks.RKS'> ********
method = RKS
initial guess = minao
damping factor = 0
level_shift factor = 0
DIIS = <class 'pyscf.scf.diis.CDIIS'>
diis_start_cycle = 1
diis_space = 8
diis_damp = 0
SCF conv_tol = 1e-08
SCF conv_tol_grad = None
SCF max_cycles = 50
direct_scf = True
direct_scf_tol = 1e-13
chkfile to save SCF result = /central/scratch/yangjunjie/run-scf-spc-diamond-conv-1-1-1-fftisdf-ks-1-100-rcut_epsilon-1e-05-ke_epsilon-0.01-isdf_thresh-5e-05/48100101/tmppz_bmvkn
max_memory 409600 MB (current use 190 MB)
******** PBC SCF flags ********
kpt = [0. 0. 0.]
Exchange divergence treatment (exxdiv) = None
DF object = <isdfx.isdfx.ISDFX object at 0x7fe6d75a54f0>
XC functionals = PBE0
small_rho_cutoff = 1e-07
Overwritten attributes  get_ovlp get_hcore  of <class 'pyscf.pbc.dft.rks.RKS'>
Set gradient conv threshold to 0.0001
nelec by numeric integration = 31.99999999816238
    CPU time for vxc      1.44 sec, wall time      1.44 sec
~/packages/PeriodicIntegrals/PeriodicIntegrals-junjie-benchmark/isdfx/isdfx.py +4733
[[ 5.38614370e-01 -1.50633325e-02 -1.38088700e-10 ...  2.03651275e-06
   6.10606872e-03  7.90547037e-13]
 [-1.50633325e-02  4.39251350e-04  7.08940027e-12 ... -5.07444375e-08
  -1.52141668e-04 -4.13526927e-14]
 [-1.38088700e-10  7.08940027e-12  6.47441210e-01 ...  2.21852154e-03
  -1.53611402e-03 -3.84850915e-03]
 ...
 [ 2.03651275e-06 -5.07444375e-08  2.21852154e-03 ...  2.61686732e-04
   6.27410991e-08 -9.56579945e-15]
 [ 6.10606872e-03 -1.52141668e-04 -1.53611402e-03 ...  6.27410991e-08
   2.24296688e-03  1.08670819e-07]
 [ 7.90547037e-13 -4.13526927e-14 -3.84850915e-03 ... -9.56579945e-15
   1.08670819e-07  2.61686732e-04]]
[[ 2.42245902e-01 -1.52984567e-01 -5.85991709e-07 ... -1.76275652e-08
  -4.42936099e-01  1.44593425e+00]
 [-9.42629767e-03  3.81141176e-03  1.45893293e-08 ... -1.75289586e-08
  -4.07304030e-01  1.32961583e+00]
 [ 1.54482824e-11  5.31639720e-07 -1.18991499e-01 ...  5.36005452e-02
   5.03972825e-11  1.02676674e-10]
 ...
 [-6.10676715e-12  3.55441815e-10  1.17944720e-03 ... -1.59699511e-05
  -3.58310075e-06  1.16967845e-05]
 [ 6.11259860e-08 -6.65319911e-03  5.81353136e-07 ...  1.00183704e-04
   8.59264029e-02 -1.97879073e-02]
 [ 2.02375181e-12 -1.01463572e-09 -5.07643874e-04 ... -2.52301093e-05
  -1.16967812e-05 -3.58309898e-06]]
[2. 2. 2. 2. 2. 2. 2. 2. 2. 2. 2. 2. 2. 2. 2. 2. 0. 0. 0. 0. 0. 0. 0. 0.
 0. 0. 0. 0. 0. 0. 0. 0. 0. 0. 0. 0. 0. 0. 0. 0. 0. 0. 0. 0. 0. 0. 0. 0.
 0. 0. 0. 0. 0. 0. 0. 0. 0. 0. 0. 0. 0. 0. 0. 0. 0. 0. 0. 0. 0. 0. 0. 0.
 0. 0. 0. 0. 0. 0. 0. 0. 0. 0. 0. 0. 0. 0. 0. 0. 0. 0. 0. 0. 0. 0. 0. 0.
 0. 0. 0. 0. 0. 0. 0. 0.]
start SG
end SG -->  0.0467228889465332
    CPU time for vj and vk      0.96 sec, wall time      0.96 sec
E1 = 16.309618171615103  Ecoul = 4.644916707432974  Exc = -12.983122798830546
init E= -43.2640803117267
    CPU time for initialize scf      2.41 sec, wall time      2.42 sec
  HOMO = 0.569479297976564  LUMO = 0.849406380861507
  mo_energy =
[-0.26075348  0.06383345  0.0638437   0.06384378  0.06384389  0.0638515
  0.0638516   0.32173116  0.32173164  0.32173168  0.32174936  0.32174957
  0.32174981  0.56947898  0.56947922  0.5694793   0.84940638  0.84940641
  0.84940641  0.87503104  0.87503106  0.87504787  0.87504789  0.87504792
  0.8750832   1.18885212  1.28867626  1.28867634  1.28867636  1.28874805
  1.28874807  1.28874813  1.72484542  1.72490627  1.72490634  1.72490641
  1.72493192  1.72493196  1.76177849  1.76177849  2.04657153  2.0465716
  2.0465718   2.04661662  2.04661678  2.04661683  2.35116023  2.35173801
  2.35173801  2.35173801  2.35202817  2.35202817  2.41502573  2.41502574
  2.41502574  2.48154372  2.48154404  2.48154407  2.79655356  2.79655366
  2.7965537   2.79662775  2.7966278   2.79662795  2.98806927  2.9881413
  2.98814135  2.98814138  2.98817708  2.98817709  3.02867953  3.02867997
  3.02868011  3.02876742  3.02876754  3.02876787  3.43655092  3.4365511
  3.43671511  3.43671531  3.43671553  3.43703576  3.56986422  3.56986423
  3.73926389  3.73926395  3.7392646   4.63028265  4.63028266  4.6302827
  4.73134267  4.73134269  4.73134271  4.73164125  4.73164126  4.7316413
  8.68933329  9.01502833  9.02621861  9.03138326  9.03138341  9.03138356
  9.03519903  9.03519916]
nelec by numeric integration = 31.99999999816229
    CPU time for vxc      1.38 sec, wall time      1.38 sec
~/packages/PeriodicIntegrals/PeriodicIntegrals-junjie-benchmark/isdfx/isdfx.py +4733
[[ 5.38625564e-01 -1.50683724e-02 -1.04718045e-06 ...  1.97966497e-05
   6.10805357e-03 -2.54701078e-08]
 [-1.50683724e-02  4.39511795e-04 -2.62893707e-07 ... -4.95023199e-07
  -1.52290751e-04  4.83281687e-09]
 [-1.04718045e-06 -2.62893707e-07  6.47387983e-01 ...  2.17831975e-03
  -1.53856529e-03 -3.83481802e-03]
 ...
 [ 1.97966497e-05 -4.95023199e-07  2.17831975e-03 ...  2.61646921e-04
   1.90878805e-06 -1.93628212e-09]
 [ 6.10805357e-03 -1.52290751e-04 -1.53856529e-03 ...  1.90878805e-06
   2.24319495e-03  3.30840392e-06]
 [-2.54701078e-08  4.83281687e-09 -3.83481802e-03 ... -1.93628212e-09
   3.30840392e-06  2.61646268e-04]]
[[ 2.42244647e-01 -1.51402629e-01 -3.09376720e-03 ... -2.16610816e-06
   1.46026468e+00 -3.91245261e-01]
 [-9.42746031e-03  3.77469399e-03  7.72576316e-05 ... -2.11682475e-06
   1.34334050e+00 -3.59917858e-01]
 [ 8.63300811e-08 -1.32317198e-04 -2.36730550e-01 ...  2.93013019e-02
  -5.31288241e-07  4.96290283e-07]
 ...
 [-7.59931884e-09  5.40220672e-06 -3.78038838e-03 ...  5.85384660e-03
   2.17503911e-05 -5.69983277e-06]
 [ 2.94082793e-06 -6.64323242e-03 -6.20382183e-05 ...  9.91013175e-05
  -6.23206849e-02 -6.23234479e-02]
 [-2.31542442e-08  2.55479479e-05  7.99599099e-03 ... -6.95392194e-03
   5.69909004e-06  2.17448232e-05]]
[2. 2. 2. 2. 2. 2. 2. 2. 2. 2. 2. 2. 2. 2. 2. 2. 0. 0. 0. 0. 0. 0. 0. 0.
 0. 0. 0. 0. 0. 0. 0. 0. 0. 0. 0. 0. 0. 0. 0. 0. 0. 0. 0. 0. 0. 0. 0. 0.
 0. 0. 0. 0. 0. 0. 0. 0. 0. 0. 0. 0. 0. 0. 0. 0. 0. 0. 0. 0. 0. 0. 0. 0.
 0. 0. 0. 0. 0. 0. 0. 0. 0. 0. 0. 0. 0. 0. 0. 0. 0. 0. 0. 0. 0. 0. 0. 0.
 0. 0. 0. 0. 0. 0. 0. 0.]
start SG
end SG -->  0.030781269073486328
    CPU time for vj and vk      0.70 sec, wall time      0.70 sec
E1 = 16.309480417847126  Ecoul = 4.645116943144214  Exc = -12.983185684939524
cycle= 1 E= -43.2640807158924  delta_E= -4.04e-07  |g|= 0.000212  |ddm|= 0.00107
    CPU time for cycle= 1      2.08 sec, wall time      2.09 sec
  HOMO = 0.569486053436723  LUMO = 0.849411774311236
  mo_energy =
[-0.26074857  0.06381218  0.06384891  0.06384898  0.06384919  0.06386907
  0.06386917  0.32172792  0.32172835  0.32172843  0.32176341  0.32176358
  0.32176382  0.5694857   0.56948595  0.56948605  0.84941177  0.84941182
  0.84941182  0.87503236  0.87503242  0.87505197  0.87505203  0.8750521
  0.87509206  1.18886088  1.28867959  1.28867971  1.2886798   1.28876267
  1.28876271  1.28876287  1.72486234  1.72491316  1.72491322  1.72491329
  1.72493936  1.7249394   1.76178219  1.76178219  2.04656197  2.04656208
  2.04656224  2.04663474  2.04663487  2.0466349   2.35116905  2.35174386
  2.35174393  2.35174398  2.35202906  2.35202918  2.41503169  2.41503171
  2.41503172  2.48155207  2.48155238  2.48155242  2.79657246  2.79657253
  2.79657257  2.79662479  2.79662488  2.79662499  2.98808499  2.98814792
  2.98814797  2.98814801  2.98817809  2.98817814  3.02867675  3.02867722
  3.02867735  3.02878279  3.02878292  3.02878331  3.43654866  3.43654886
  3.43672175  3.43672198  3.43672221  3.43706123  3.56987138  3.5698714
  3.73927117  3.73927123  3.73927189  4.6302892   4.63028922  4.63028925
  4.73135897  4.73135898  4.73135905  4.73163816  4.73163823  4.7316383
  8.68934958  9.01499354  9.0262213   9.03140965  9.03140993  9.03140998
  9.0352343   9.03523469]
nelec by numeric integration = 31.999999998162465
    CPU time for vxc      0.92 sec, wall time      0.93 sec
~/packages/PeriodicIntegrals/PeriodicIntegrals-junjie-benchmark/isdfx/isdfx.py +4733
[[ 5.38602671e-01 -1.50657534e-02 -9.90874860e-07 ...  1.78537737e-05
   6.10831877e-03 -1.99573359e-08]
 [-1.50657534e-02  4.39395676e-04 -2.71390225e-07 ... -4.46575560e-07
  -1.52289787e-04  4.88635299e-09]
 [-9.90874860e-07 -2.71390225e-07  6.47371892e-01 ...  2.18129516e-03
  -1.53876134e-03 -3.83506473e-03]
 ...
 [ 1.78537737e-05 -4.46575560e-07  2.18129516e-03 ...  2.61635886e-04
   1.79020226e-06 -1.87969835e-09]
 [ 6.10831877e-03 -1.52289787e-04 -1.53876134e-03 ...  1.79020226e-06
   2.24318307e-03  3.10355744e-06]
 [-1.99573359e-08  4.88635299e-09 -3.83506473e-03 ... -1.87969835e-09
   3.10355744e-06  2.61635237e-04]]
[[ 2.42226628e-01 -1.52600554e-01 -2.13696896e-03 ... -1.63403158e-05
  -1.23477599e+00 -8.72219302e-01]
 [-9.42702575e-03  3.80598899e-03  5.34501350e-05 ... -1.55726318e-05
  -1.13590867e+00 -8.02380220e-01]
 [ 2.36863469e-08 -2.24375653e-04 -1.83519984e-01 ... -2.58548717e-02
   2.76279983e-07  6.37854154e-07]
 ...
 [-7.62276297e-09 -1.43867965e-06 -3.68789530e-03 ...  2.76396704e-02
  -1.79966854e-05 -1.25562247e-05]
 [ 2.79846831e-06 -6.65264442e-03 -4.21433650e-05 ...  1.66267207e-05
   8.00326196e-02 -3.69180788e-02]
 [-2.10671888e-08  1.45163370e-05  1.08114910e-02 ...  1.08904043e-02
  -1.25787224e-05  1.79895668e-05]]
[2. 2. 2. 2. 2. 2. 2. 2. 2. 2. 2. 2. 2. 2. 2. 2. 0. 0. 0. 0. 0. 0. 0. 0.
 0. 0. 0. 0. 0. 0. 0. 0. 0. 0. 0. 0. 0. 0. 0. 0. 0. 0. 0. 0. 0. 0. 0. 0.
 0. 0. 0. 0. 0. 0. 0. 0. 0. 0. 0. 0. 0. 0. 0. 0. 0. 0. 0. 0. 0. 0. 0. 0.
 0. 0. 0. 0. 0. 0. 0. 0. 0. 0. 0. 0. 0. 0. 0. 0. 0. 0. 0. 0. 0. 0. 0. 0.
 0. 0. 0. 0. 0. 0. 0. 0.]
start SG
end SG -->  0.03174114227294922
    CPU time for vj and vk      0.67 sec, wall time      0.67 sec
E1 = 16.30950272411311  Ecoul = 4.645083615000505  Exc = -12.983174662489654
cycle= 2 E= -43.2640807153202  delta_E= 5.72e-10  |g|= 0.000224  |ddm|= 0.000332
    CPU time for cycle= 2      1.60 sec, wall time      1.61 sec
  HOMO = 0.569485509025222  LUMO = 0.849411358150251
  mo_energy =
[-0.26074896  0.06383038  0.06384834  0.0638484   0.06384854  0.06385971
  0.06385982  0.32173429  0.32173474  0.32173479  0.32175616  0.32175634
  0.32175658  0.56948516  0.56948541  0.56948551  0.84941136  0.8494114
  0.8494114   0.87503176  0.8750318   0.87505155  0.8750516   0.87505165
  0.87509266  1.18886018  1.28868585  1.28868594  1.28868601  1.28875503
  1.28875505  1.28875516  1.72486019  1.72491364  1.72491371  1.72491378
  1.72493761  1.72493765  1.7617819   1.7617819   2.0465692   2.0465693
  2.04656948  2.04662678  2.04662692  2.04662697  2.35115907  2.35174275
  2.35174279  2.3517428   2.35203479  2.35203488  2.4150312   2.41503122
  2.41503123  2.4815514   2.48155171  2.48155174  2.79656395  2.79656402
  2.79656406  2.79663204  2.7966321   2.79663224  2.98808405  2.98814718
  2.98814723  2.98814727  2.98817826  2.9881783   3.02868244  3.02868288
  3.02868302  3.02877609  3.02877621  3.02877657  3.43655199  3.4365522
  3.4367213   3.4367215   3.43672173  3.43705274  3.56987098  3.56987099
  3.73927058  3.73927064  3.7392713   4.63028866  4.63028868  4.63028871
  4.73135145  4.73135147  4.73135149  4.73164456  4.73164459  4.73164465
  8.68934885  9.01503557  9.0262281   9.03140587  9.03140591  9.03140602
  9.03520974  9.03520997]
nelec by numeric integration = 31.99999999816239
    CPU time for vxc      0.98 sec, wall time      0.98 sec
~/packages/PeriodicIntegrals/PeriodicIntegrals-junjie-benchmark/isdfx/isdfx.py +4733
[[ 5.38615270e-01 -1.50671618e-02 -1.03666109e-06 ...  1.90487984e-05
   6.10830886e-03 -1.86348625e-08]
 [-1.50671618e-02  4.39460454e-04 -2.66209165e-07 ... -4.76380003e-07
  -1.52296682e-04  4.81390159e-09]
 [-1.03666109e-06 -2.66209165e-07  6.47379140e-01 ...  2.17942759e-03
  -1.53857862e-03 -3.83475849e-03]
 ...
 [ 1.90487984e-05 -4.76380003e-07  2.17942759e-03 ...  2.61638350e-04
   1.87139462e-06 -1.91787466e-09]
 [ 6.10830886e-03 -1.52296682e-04 -1.53857862e-03 ...  1.87139462e-06
   2.24318178e-03  3.24426965e-06]
 [-1.86348625e-08  4.81390159e-09 -3.83475849e-03 ... -1.91787466e-09
   3.24426965e-06  2.61637780e-04]]
[[ 2.42237670e-01 -1.52142884e-01  1.62120964e-03 ...  5.30532025e-06
  -1.29583313e+00 -7.78627386e-01]
 [-9.42747868e-03  3.79405559e-03 -4.05738493e-05 ...  4.96458469e-06
  -1.19207594e+00 -7.16282114e-01]
 [ 6.61720195e-08 -3.35023591e-04  2.33338201e-01 ...  6.01750184e-02
   3.39322710e-07  6.30513668e-07]
 ...
 [-5.16472423e-09 -3.03382967e-07  3.59885286e-03 ...  2.26965484e-03
  -1.89899395e-05 -1.12605449e-05]
 [ 3.13032216e-06 -6.64740369e-03  4.35105733e-05 ...  1.19548162e-04
   7.70866749e-02 -4.27291227e-02]
 [-2.33387651e-08  2.59940468e-05 -9.49826885e-03 ...  4.82208569e-03
  -1.12816425e-05  1.89865532e-05]]
[2. 2. 2. 2. 2. 2. 2. 2. 2. 2. 2. 2. 2. 2. 2. 2. 0. 0. 0. 0. 0. 0. 0. 0.
 0. 0. 0. 0. 0. 0. 0. 0. 0. 0. 0. 0. 0. 0. 0. 0. 0. 0. 0. 0. 0. 0. 0. 0.
 0. 0. 0. 0. 0. 0. 0. 0. 0. 0. 0. 0. 0. 0. 0. 0. 0. 0. 0. 0. 0. 0. 0. 0.
 0. 0. 0. 0. 0. 0. 0. 0. 0. 0. 0. 0. 0. 0. 0. 0. 0. 0. 0. 0. 0. 0. 0. 0.
 0. 0. 0. 0. 0. 0. 0. 0.]
start SG
end SG -->  0.031574249267578125
    CPU time for vj and vk      0.70 sec, wall time      0.71 sec
E1 = 16.309501019989714  Ecoul = 4.645086138889227  Exc = -12.983175494278882
cycle= 3 E= -43.2640807273441  delta_E= -1.2e-08  |g|= 2.64e-05  |ddm|= 0.000191
    CPU time for cycle= 3      1.69 sec, wall time      1.69 sec
  HOMO = 0.569485100534295  LUMO = 0.849411029572754
  mo_energy =
[-0.26074925  0.06382777  0.06384807  0.06384813  0.06384828  0.06386053
  0.06386063  0.32173273  0.32173319  0.32173324  0.32175705  0.32175724
  0.32175747  0.56948475  0.569485    0.5694851   0.84941103  0.84941107
  0.84941107  0.8750327   0.87503273  0.87505133  0.87505138  0.87505142
  0.87509004  1.18885966  1.28868373  1.28868383  1.28868389  1.28875606
  1.28875608  1.28875619  1.72485931  1.72491294  1.72491301  1.72491307
  1.72493751  1.72493755  1.76178171  1.76178171  2.04656799  2.04656809
  2.04656827  2.04662746  2.04662759  2.04662764  2.35116071  2.35174262
  2.35174266  2.35174268  2.35203344  2.35203352  2.41503083  2.41503085
  2.41503086  2.48155089  2.4815512   2.48155124  2.79656489  2.79656497
  2.796565    2.79663012  2.79663018  2.79663032  2.98808297  2.98814688
  2.98814692  2.98814696  2.98817822  2.98817827  3.02868096  3.02868141
  3.02868154  3.02877678  3.0287769   3.02877727  3.4365517   3.43655191
  3.4367209   3.4367211   3.43672133  3.43705221  3.56987063  3.56987065
  3.73927015  3.73927021  3.73927086  4.6302882   4.63028822  4.63028825
  4.73135212  4.73135214  4.73135217  4.73164304  4.73164307  4.73164313
  8.68934752  9.01502789  9.02622552  9.03140519  9.03140525  9.03140535
  9.03521187  9.03521211]
nelec by numeric integration = 31.9999999981624
    CPU time for vxc      0.92 sec, wall time      0.93 sec
~/packages/PeriodicIntegrals/PeriodicIntegrals-junjie-benchmark/isdfx/isdfx.py +4733
[[ 5.38613756e-01 -1.50669906e-02 -1.03722444e-06 ...  1.91272618e-05
   6.10828273e-03 -1.90295937e-08]
 [-1.50669906e-02  4.39452025e-04 -2.65776465e-07 ... -4.78334110e-07
  -1.52294634e-04  4.82346739e-09]
 [-1.03722444e-06 -2.65776465e-07  6.47375599e-01 ...  2.17926403e-03
  -1.53856436e-03 -3.83466458e-03]
 ...
 [ 1.91272618e-05 -4.78334110e-07  2.17926403e-03 ...  2.61638825e-04
   1.88006084e-06 -1.91607326e-09]
 [ 6.10828273e-03 -1.52294634e-04 -1.53856436e-03 ...  1.88006084e-06
   2.24318326e-03  3.25935146e-06]
 [-1.90295937e-08  4.82346739e-09 -3.83466458e-03 ... -1.91607326e-09
   3.25935146e-06  2.61638255e-04]]
[[ 2.42236733e-01 -1.52240093e-01 -1.99590994e-03 ...  6.20439986e-06
  -1.28884394e+00 -7.90142511e-01]
 [-9.42739368e-03  3.79648400e-03  4.99179170e-05 ...  5.81130430e-06
  -1.18564647e+00 -7.26875253e-01]
 [ 6.44708562e-08 -2.46645981e-04 -2.30806819e-01 ...  6.30347723e-02
   3.36606955e-07  6.37581552e-07]
 ...
 [-5.13323264e-09  7.07927069e-07 -3.60087966e-03 ...  1.28250234e-03
  -1.88914785e-05 -1.14310455e-05]
 [ 3.06916286e-06 -6.64842633e-03 -4.59832913e-05 ...  1.19726065e-04
   7.74643419e-02 -4.20405600e-02]
 [-2.32509135e-08  2.14832221e-05  9.79264779e-03 ...  5.67595047e-03
  -1.14512366e-05  1.88891742e-05]]
[2. 2. 2. 2. 2. 2. 2. 2. 2. 2. 2. 2. 2. 2. 2. 2. 0. 0. 0. 0. 0. 0. 0. 0.
 0. 0. 0. 0. 0. 0. 0. 0. 0. 0. 0. 0. 0. 0. 0. 0. 0. 0. 0. 0. 0. 0. 0. 0.
 0. 0. 0. 0. 0. 0. 0. 0. 0. 0. 0. 0. 0. 0. 0. 0. 0. 0. 0. 0. 0. 0. 0. 0.
 0. 0. 0. 0. 0. 0. 0. 0. 0. 0. 0. 0. 0. 0. 0. 0. 0. 0. 0. 0. 0. 0. 0. 0.
 0. 0. 0. 0. 0. 0. 0. 0.]
start SG
end SG -->  0.03087449073791504
    CPU time for vj and vk      0.59 sec, wall time      0.59 sec
E1 = 16.309499746855366  Ecoul = 4.645088024603716  Exc = -12.983176107026601
cycle= 4 E= -43.2640807275117  delta_E= -1.68e-10  |g|= 4.36e-06  |ddm|= 2.87e-05
    CPU time for cycle= 4      1.52 sec, wall time      1.52 sec
  HOMO = 0.569485084552914  LUMO = 0.849411016436708
  mo_energy =
[-0.26074926  0.06382804  0.06384805  0.06384811  0.06384825  0.0638604
  0.0638605   0.32173291  0.32173336  0.32173341  0.32175685  0.32175704
  0.32175727  0.56948474  0.56948498  0.56948508  0.84941102  0.84941105
  0.84941106  0.87503238  0.87503242  0.87505131  0.87505136  0.87505141
  0.87509066  1.18885964  1.28868405  1.28868415  1.28868422  1.28875569
  1.28875572  1.28875583  1.72485936  1.72491299  1.72491306  1.72491313
  1.72493734  1.72493738  1.7617817   1.76178171  2.04656802  2.04656812
  2.0465683   2.0466274   2.04662753  2.04662759  2.35116028  2.35174256
  2.3517426   2.35174262  2.35203373  2.35203381  2.41503081  2.41503084
  2.41503084  2.48155087  2.48155118  2.48155122  2.79656465  2.79656472
  2.79656476  2.79663033  2.79663039  2.79663052  2.9880833   2.98814684
  2.98814689  2.98814693  2.98817807  2.98817811  3.02868109  3.02868154
  3.02868168  3.02877661  3.02877673  3.0287771   3.43655155  3.43655177
  3.43672089  3.43672109  3.43672132  3.43705246  3.56987063  3.56987065
  3.73927013  3.73927019  3.73927085  4.63028818  4.6302882   4.63028823
  4.73135194  4.73135197  4.73135199  4.73164318  4.73164321  4.73164327
  8.68934746  9.01502897  9.02622572  9.031405    9.03140506  9.03140516
  9.03521121  9.03521145]
nelec by numeric integration = 31.99999999816239
    CPU time for vxc      0.92 sec, wall time      0.92 sec
~/packages/PeriodicIntegrals/PeriodicIntegrals-junjie-benchmark/isdfx/isdfx.py +4733
[[ 5.38613845e-01 -1.50670113e-02 -1.03985063e-06 ...  1.90783585e-05
   6.10829490e-03 -1.88212084e-08]
 [-1.50670113e-02  4.39453256e-04 -2.65355531e-07 ... -4.77115798e-07
  -1.52295399e-04  4.82028876e-09]
 [-1.03985063e-06 -2.65355531e-07  6.47375718e-01 ...  2.17933266e-03
  -1.53857088e-03 -3.83466758e-03]
 ...
 [ 1.90783585e-05 -4.77115798e-07  2.17933266e-03 ...  2.61638858e-04
   1.87764252e-06 -1.91670385e-09]
 [ 6.10829490e-03 -1.52295399e-04 -1.53857088e-03 ...  1.87764252e-06
   2.24318319e-03  3.25518483e-06]
 [-1.88212084e-08  4.82028876e-09 -3.83466758e-03 ... -1.91670385e-09
   3.25518483e-06  2.61638292e-04]]
[[ 2.42236739e-01 -1.52232935e-01 -1.88862118e-03 ...  6.19089029e-06
  -1.28706551e+00 -7.93036155e-01]
 [-9.42741260e-03  3.79633070e-03  4.72433417e-05 ...  5.80181468e-06
  -1.18401043e+00 -7.29537187e-01]
 [ 6.39034833e-08 -2.72255387e-04 -2.31071122e-01 ...  6.29791774e-02
   3.33761244e-07  6.37180876e-07]
 ...
 [-5.03546463e-09  1.93726989e-07 -3.60071580e-03 ...  1.40486959e-03
  -1.88582565e-05 -1.14687660e-05]
 [ 3.08603658e-06 -6.64833500e-03 -4.47433454e-05 ...  1.19899598e-04
   7.75586096e-02 -4.18664190e-02]
 [-2.33251914e-08  2.23705132e-05  9.76682472e-03 ...  5.73358533e-03
  -1.14895194e-05  1.88555917e-05]]
[2. 2. 2. 2. 2. 2. 2. 2. 2. 2. 2. 2. 2. 2. 2. 2. 0. 0. 0. 0. 0. 0. 0. 0.
 0. 0. 0. 0. 0. 0. 0. 0. 0. 0. 0. 0. 0. 0. 0. 0. 0. 0. 0. 0. 0. 0. 0. 0.
 0. 0. 0. 0. 0. 0. 0. 0. 0. 0. 0. 0. 0. 0. 0. 0. 0. 0. 0. 0. 0. 0. 0. 0.
 0. 0. 0. 0. 0. 0. 0. 0. 0. 0. 0. 0. 0. 0. 0. 0. 0. 0. 0. 0. 0. 0. 0. 0.
 0. 0. 0. 0. 0. 0. 0. 0.]
start SG
end SG -->  0.03151726722717285
    CPU time for vj and vk      0.68 sec, wall time      0.68 sec
E1 = 16.309499701672564  Ecoul = 4.645088089824348  Exc = -12.98317612706855
Extra cycle  E= -43.2640807275158  delta_E= -4.12e-12  |g|= 1.98e-06  |ddm|= 4.56e-06
    CPU time for scf_cycle     10.90 sec, wall time     10.94 sec
    CPU time for SCF     11.10 sec, wall time     11.39 sec
converged SCF energy = -43.2640807275158
Successfully saved all results to /central/scratch/yangjunjie//run-scf-spc-diamond-conv-1-1-1-fftisdf-ks-1-100-rcut_epsilon-1e-05-ke_epsilon-0.01-isdf_thresh-5e-05/48100101/scf.h5
