SLURMD_NODENAME = hpc-54-06
Start time = Tue Mar 18 01:58:22 PM PDT 2025
OMP_NUM_THREADS = 1
MKL_NUM_THREADS = 1
PYSCF_MAX_MEMORY = 409600
TMPDIR = /central/scratch/yangjunjie//run-scf-spc-diamond-conv-1-1-1-fftisdf-ks-1-100-rcut_epsilon-1e-05-ke_epsilon-0.05-isdf_thresh-5e-05/48068325/
PYSCF_TMPDIR = /central/scratch/yangjunjie//run-scf-spc-diamond-conv-1-1-1-fftisdf-ks-1-100-rcut_epsilon-1e-05-ke_epsilon-0.05-isdf_thresh-5e-05/48068325/

/home/junjiey/anaconda3/envs/fftisdf/bin/python
2.8.0
1.13.1
2.0.2
fft_engine = NUMPY+BLAS
name = diamond-conv
ke_cutoff =  1.00e+02
exxdiv = None
df = fftisdf-ks
chk_path = ../../../gdf-32/tmp/scf.h5
mesh = 1,1,1
rcut_epsilon =  1.00e-05
ke_epsilon =  5.00e-02
isdf_thresh =  5.00e-05

Discarded 24 diffused primitive functions, 0 contracted functions
ke_cutoff = 100.0
None

******** <class 'ISDFX'> ********
lin_dep_thresh: 1e-10
alpha_cutoff: 2.8
rcut_epsilon: 1e-05
ke_epsilon: 0.05
isdf_thresh: 5e-05
grid_vol_cutoff: 0.05
ke_step: 2.0
ao_tol: 1e-12
multigrid_on: True
direct_j: True
iterative_build: True
occRI: True
voronoi: True
fit_sparse_grid: False
fit_dense_grid: True
direct_k_sparse: True
direct_k: False
use_kpt_symm: False
kmesh: [1, 1, 1]
isdf_pts_from_q0: True
isdf_pts_from_gamma_point: False
alpha: None
do_real_isdf: False
N_xi: None
use_cell_periodic: False
isdf_thresh_sparse: None
ncopy: [1, 1, 1]
j_grid_mesh: None
k_grid_mesh: None
num_j_grids: 100
get_ao_from_pyscf: False
nuc_pp_version: 0
vppnl_ver: 0
universal_dense_grid: None
same_jk_grids: None
coulomb_only: False
max_memory   409600 MB (current use       89 MB)

Exchange function: getK_occRI  

cell mesh: [33 33 33]
nbas:  96
Grid     keMax    keMin    keGrid   expMax   expMin   nexp     lmax     PWs      mesh        
0        33.6     33.6     111.6    5.6      5.6      1        2        35937    [33 33 33]
1        12.7     2.1      12.7     2.1      0.3      3        2        2197     [13 13 13]
0        59.4     55.8     111.6    5.6      5.6      1        2        35937    [33 33 33]
1        22.4     11.2     22.4     2.1      2.1      1        2        4913     [17 17 17]
2        8.2      3.7      8.2      0.8      0.3      2        2        1331     [11 11 11]

ISDF

atm      grid     Ng       NI       Nxi      sharp    on_grid  diffuse  maxexp   minexp   lmax     lmin    
0        0        35937    1462     115      9        198      189      5.61     5.61     2        0       
1        0        35937    1457     115      9        198      189      5.61     5.61     2        0       
2        0        35937    1462     115      9        198      189      5.61     5.61     2        0       
3        0        35937    1457     115      9        198      189      5.61     5.61     2        0       
4        0        35937    1462     115      9        198      189      5.61     5.61     2        0       
5        0        35937    1457     115      9        198      189      5.61     5.61     2        0       
6        0        35937    1472     116      9        198      189      5.61     5.61     2        0       
7        0        35937    1457     115      9        198      189      5.61     5.61     2        0       
-        1        2197     2197     2197     216      216      216      2.11     0.35     2        0       
ISDF-pts:       0.34
ISDF-vec:       0.06
Fit dense grids ISDF:       0.40
Fit sparse grids ISDF:       0.00

Grid     PWs      Ng_i     N_xi     N_mu    
0        35937    11686    921      1584    
1        2197     2197     2197     216     

nTHC: 3118
Mem Required (MB):      20.00
Curent RAM Use (MB) :        144 

Build W
ISDF-fft dense grids (sec):       1.59
Curent RAM Use (MB) :        177 
ISDF-fft:       1.59

Initial guess from minao.
Big error detected in the electron number of initial guess density matrix (Ne/cell = 31.9898)!
  This can cause huge error in Fock matrix and lead to instability in SCF for low-dimensional systems.
  DM is normalized wrt the number of electrons 32
Successfully loaded dm0 from ../../../gdf-32/tmp/scf.h5
~/packages/PeriodicIntegrals/PeriodicIntegrals-junjie-benchmark/isdfx/isdfx.py +4733
[[ 5.38614370e-01 -1.50633325e-02 -1.38087743e-10 ...  2.03651275e-06
   6.10606872e-03  7.90526395e-13]
 [-1.50633325e-02  4.39251350e-04  7.08964274e-12 ... -5.07444375e-08
  -1.52141668e-04 -4.13580975e-14]
 [-1.38087743e-10  7.08964274e-12  6.47441210e-01 ...  2.21852154e-03
  -1.53611402e-03 -3.84850915e-03]
 ...
 [ 2.03651275e-06 -5.07444375e-08  2.21852154e-03 ...  2.61686732e-04
   6.27410991e-08 -9.56146188e-15]
 [ 6.10606872e-03 -1.52141668e-04 -1.53611402e-03 ...  6.27410991e-08
   2.24296688e-03  1.08670819e-07]
 [ 7.90526395e-13 -4.13580975e-14 -3.84850915e-03 ... -9.56146188e-15
   1.08670819e-07  2.61686732e-04]]
[[ 2.42245902e-01 -1.52984567e-01 -5.86005138e-07 ... -1.76275068e-08
  -4.42991460e-01  1.44591729e+00]
 [-9.42629767e-03  3.81141176e-03  1.45896636e-08 ... -1.75288939e-08
  -4.07354937e-01  1.32960023e+00]
 [ 1.54483343e-11  5.31642048e-07 -1.18993057e-01 ...  5.36001426e-02
   5.04221703e-11  1.02693838e-10]
 ...
 [-6.10673153e-12  3.55709445e-10  1.17938535e-03 ... -1.59103731e-05
  -3.58354859e-06  1.16966473e-05]
 [ 6.11259859e-08 -6.65319911e-03  5.81347630e-07 ...  1.00183520e-04
   8.59271605e-02 -1.97846174e-02]
 [ 2.02371638e-12 -1.01459459e-09 -5.07581181e-04 ... -2.53858582e-05
  -1.16966440e-05 -3.58354682e-06]]
[2. 2. 2. 2. 2. 2. 2. 2. 2. 2. 2. 2. 2. 2. 2. 2. 0. 0. 0. 0. 0. 0. 0. 0.
 0. 0. 0. 0. 0. 0. 0. 0. 0. 0. 0. 0. 0. 0. 0. 0. 0. 0. 0. 0. 0. 0. 0. 0.
 0. 0. 0. 0. 0. 0. 0. 0. 0. 0. 0. 0. 0. 0. 0. 0. 0. 0. 0. 0. 0. 0. 0. 0.
 0. 0. 0. 0. 0. 0. 0. 0. 0. 0. 0. 0. 0. 0. 0. 0. 0. 0. 0. 0. 0. 0. 0. 0.
 0. 0. 0. 0. 0. 0. 0. 0.]
~/packages/PeriodicIntegrals/PeriodicIntegrals-junjie-benchmark/isdfx/isdfx.py +4733
[[ 5.38614370e-01 -1.50633325e-02 -1.38087743e-10 ...  2.03651275e-06
   6.10606872e-03  7.90526395e-13]
 [-1.50633325e-02  4.39251350e-04  7.08964274e-12 ... -5.07444375e-08
  -1.52141668e-04 -4.13580975e-14]
 [-1.38087743e-10  7.08964274e-12  6.47441210e-01 ...  2.21852154e-03
  -1.53611402e-03 -3.84850915e-03]
 ...
 [ 2.03651275e-06 -5.07444375e-08  2.21852154e-03 ...  2.61686732e-04
   6.27410991e-08 -9.56146188e-15]
 [ 6.10606872e-03 -1.52141668e-04 -1.53611402e-03 ...  6.27410991e-08
   2.24296688e-03  1.08670819e-07]
 [ 7.90526395e-13 -4.13580975e-14 -3.84850915e-03 ... -9.56146188e-15
   1.08670819e-07  2.61686732e-04]]
[[ 2.42245902e-01 -1.52984567e-01 -5.86005138e-07 ... -1.76275068e-08
  -4.42991460e-01  1.44591729e+00]
 [-9.42629767e-03  3.81141176e-03  1.45896636e-08 ... -1.75288939e-08
  -4.07354937e-01  1.32960023e+00]
 [ 1.54483343e-11  5.31642048e-07 -1.18993057e-01 ...  5.36001426e-02
   5.04221703e-11  1.02693838e-10]
 ...
 [-6.10673153e-12  3.55709445e-10  1.17938535e-03 ... -1.59103731e-05
  -3.58354859e-06  1.16966473e-05]
 [ 6.11259859e-08 -6.65319911e-03  5.81347630e-07 ...  1.00183520e-04
   8.59271605e-02 -1.97846174e-02]
 [ 2.02371638e-12 -1.01459459e-09 -5.07581181e-04 ... -2.53858582e-05
  -1.16966440e-05 -3.58354682e-06]]
[2. 2. 2. 2. 2. 2. 2. 2. 2. 2. 2. 2. 2. 2. 2. 2. 0. 0. 0. 0. 0. 0. 0. 0.
 0. 0. 0. 0. 0. 0. 0. 0. 0. 0. 0. 0. 0. 0. 0. 0. 0. 0. 0. 0. 0. 0. 0. 0.
 0. 0. 0. 0. 0. 0. 0. 0. 0. 0. 0. 0. 0. 0. 0. 0. 0. 0. 0. 0. 0. 0. 0. 0.
 0. 0. 0. 0. 0. 0. 0. 0. 0. 0. 0. 0. 0. 0. 0. 0. 0. 0. 0. 0. 0. 0. 0. 0.
 0. 0. 0. 0. 0. 0. 0. 0.]
start SG
end SG -->  0.04202437400817871


******** <class 'pyscf.pbc.dft.rks.RKS'> ********
method = RKS
initial guess = minao
damping factor = 0
level_shift factor = 0
DIIS = <class 'pyscf.scf.diis.CDIIS'>
diis_start_cycle = 1
diis_space = 8
diis_damp = 0
SCF conv_tol = 1e-08
SCF conv_tol_grad = None
SCF max_cycles = 50
direct_scf = True
direct_scf_tol = 1e-13
chkfile to save SCF result = /central/scratch/yangjunjie/run-scf-spc-diamond-conv-1-1-1-fftisdf-ks-1-100-rcut_epsilon-1e-05-ke_epsilon-0.05-isdf_thresh-5e-05/48068325/tmp_1uz9cyr
max_memory 409600 MB (current use 178 MB)
******** PBC SCF flags ********
kpt = [0. 0. 0.]
Exchange divergence treatment (exxdiv) = None
DF object = <isdfx.isdfx.ISDFX object at 0x7f5ddb7e47f0>
XC functionals = PBE0
small_rho_cutoff = 1e-07
Set gradient conv threshold to 0.0001
nelec by numeric integration = 31.99999999816239
    CPU time for vxc      1.12 sec, wall time      1.13 sec
~/packages/PeriodicIntegrals/PeriodicIntegrals-junjie-benchmark/isdfx/isdfx.py +4733
[[ 5.38614370e-01 -1.50633325e-02 -1.38087743e-10 ...  2.03651275e-06
   6.10606872e-03  7.90526395e-13]
 [-1.50633325e-02  4.39251350e-04  7.08964274e-12 ... -5.07444375e-08
  -1.52141668e-04 -4.13580975e-14]
 [-1.38087743e-10  7.08964274e-12  6.47441210e-01 ...  2.21852154e-03
  -1.53611402e-03 -3.84850915e-03]
 ...
 [ 2.03651275e-06 -5.07444375e-08  2.21852154e-03 ...  2.61686732e-04
   6.27410991e-08 -9.56146188e-15]
 [ 6.10606872e-03 -1.52141668e-04 -1.53611402e-03 ...  6.27410991e-08
   2.24296688e-03  1.08670819e-07]
 [ 7.90526395e-13 -4.13580975e-14 -3.84850915e-03 ... -9.56146188e-15
   1.08670819e-07  2.61686732e-04]]
[[ 2.42245902e-01 -1.52984567e-01 -5.86005138e-07 ... -1.76275068e-08
  -4.42991460e-01  1.44591729e+00]
 [-9.42629767e-03  3.81141176e-03  1.45896636e-08 ... -1.75288939e-08
  -4.07354937e-01  1.32960023e+00]
 [ 1.54483343e-11  5.31642048e-07 -1.18993057e-01 ...  5.36001426e-02
   5.04221703e-11  1.02693838e-10]
 ...
 [-6.10673153e-12  3.55709445e-10  1.17938535e-03 ... -1.59103731e-05
  -3.58354859e-06  1.16966473e-05]
 [ 6.11259859e-08 -6.65319911e-03  5.81347630e-07 ...  1.00183520e-04
   8.59271605e-02 -1.97846174e-02]
 [ 2.02371638e-12 -1.01459459e-09 -5.07581181e-04 ... -2.53858582e-05
  -1.16966440e-05 -3.58354682e-06]]
[2. 2. 2. 2. 2. 2. 2. 2. 2. 2. 2. 2. 2. 2. 2. 2. 0. 0. 0. 0. 0. 0. 0. 0.
 0. 0. 0. 0. 0. 0. 0. 0. 0. 0. 0. 0. 0. 0. 0. 0. 0. 0. 0. 0. 0. 0. 0. 0.
 0. 0. 0. 0. 0. 0. 0. 0. 0. 0. 0. 0. 0. 0. 0. 0. 0. 0. 0. 0. 0. 0. 0. 0.
 0. 0. 0. 0. 0. 0. 0. 0. 0. 0. 0. 0. 0. 0. 0. 0. 0. 0. 0. 0. 0. 0. 0. 0.
 0. 0. 0. 0. 0. 0. 0. 0.]
start SG
end SG -->  0.042497873306274414
    CPU time for vj and vk      0.61 sec, wall time      0.61 sec
E1 = 16.30961814060373  Ecoul = 4.644896370733801  Exc = -12.983058054507138
init E= -43.2640359351138
    CPU time for initialize scf      2.82 sec, wall time      2.84 sec
  HOMO = 0.569484303620888  LUMO = 0.849404379128884
  mo_energy =
[-0.2607528   0.06384376  0.06384542  0.0638455   0.0638456   0.06384751
  0.06384765  0.32174276  0.32174316  0.32174325  0.32174481  0.32174499
  0.32174528  0.56948405  0.56948425  0.5694843   0.84940438  0.84940438
  0.84940442  0.87503241  0.87503244  0.87504789  0.87504792  0.87504795
  0.87507886  1.18885217  1.28865187  1.2886519   1.288652    1.28876356
  1.28876366  1.28876369  1.72485062  1.7248979   1.72489793  1.72489797
  1.72491946  1.72491955  1.76177983  1.76177983  2.0465615   2.04656175
  2.04656184  2.04661868  2.04661878  2.04661904  2.35114461  2.35174189
  2.35174189  2.3517419   2.35203691  2.35203691  2.41502232  2.41502233
  2.41502234  2.48153478  2.48153479  2.48153528  2.79657415  2.79657436
  2.79657443  2.79658805  2.79658812  2.79658832  2.98805741  2.98814132
  2.98814137  2.98814143  2.98817862  2.98817867  3.02865655  3.02865675
  3.0286573   3.02877816  3.02877874  3.02877895  3.43655075  3.43655098
  3.43671636  3.43671652  3.43671666  3.43703303  3.56986845  3.56986846
  3.73924871  3.73924969  3.7392497   4.63027651  4.63027657  4.6302766
  4.73139155  4.73139156  4.73139158  4.73157049  4.73157057  4.73157062
  8.68942229  9.01530954  9.02633935  9.03147628  9.03147641  9.03147654
  9.03517629  9.03517646]
nelec by numeric integration = 31.999999998162256
    CPU time for vxc      1.06 sec, wall time      1.07 sec
~/packages/PeriodicIntegrals/PeriodicIntegrals-junjie-benchmark/isdfx/isdfx.py +4733
[[ 5.38643884e-01 -1.50692006e-02 -1.02242800e-06 ...  2.39865413e-05
   6.10815762e-03 -2.65798227e-08]
 [-1.50692006e-02  4.39523863e-04 -2.67580936e-07 ... -5.99548989e-07
  -1.52299898e-04  4.87625760e-09]
 [-1.02242800e-06 -2.67580936e-07  6.47447025e-01 ...  2.17433260e-03
  -1.54101156e-03 -3.83516469e-03]
 ...
 [ 2.39865413e-05 -5.99548989e-07  2.17433260e-03 ...  2.61638622e-04
   2.07916808e-06 -1.88331433e-09]
 [ 6.10815762e-03 -1.52299898e-04 -1.54101156e-03 ...  2.07916808e-06
   2.24322748e-03  3.60353187e-06]
 [-2.65798227e-08  4.87625760e-09 -3.83516469e-03 ... -1.88331433e-09
   3.60353187e-06  2.61637781e-04]]
[[ 2.42240887e-01 -1.44767202e-01  1.54772237e-02 ... -4.68368150e-06
   1.46017753e+00 -3.91580300e-01]
 [-9.42605042e-03  3.60914047e-03 -3.85993472e-04 ... -4.44111794e-06
   1.34325964e+00 -3.60225993e-01]
 [ 8.95674346e-08 -7.56416384e-04  2.37035306e-01 ...  2.82454113e-02
   1.13462661e-06 -1.20741601e-06]
 ...
 [-6.11105115e-09  7.46705166e-05  4.06898006e-03 ...  6.10464179e-03
   1.93754366e-05 -5.40815692e-06]
 [ 2.47628089e-06 -6.58896077e-03  2.41938384e-04 ...  8.75447660e-05
  -6.23355375e-02 -6.23098277e-02]
 [-2.40502908e-08  1.18201224e-04 -8.59804576e-03 ... -7.21541783e-03
   5.40512576e-06  1.93786187e-05]]
[2. 2. 2. 2. 2. 2. 2. 2. 2. 2. 2. 2. 2. 2. 2. 2. 0. 0. 0. 0. 0. 0. 0. 0.
 0. 0. 0. 0. 0. 0. 0. 0. 0. 0. 0. 0. 0. 0. 0. 0. 0. 0. 0. 0. 0. 0. 0. 0.
 0. 0. 0. 0. 0. 0. 0. 0. 0. 0. 0. 0. 0. 0. 0. 0. 0. 0. 0. 0. 0. 0. 0. 0.
 0. 0. 0. 0. 0. 0. 0. 0. 0. 0. 0. 0. 0. 0. 0. 0. 0. 0. 0. 0. 0. 0. 0. 0.
 0. 0. 0. 0. 0. 0. 0. 0.]
start SG
end SG -->  0.04210805892944336
    CPU time for vj and vk      0.61 sec, wall time      0.62 sec
E1 = 16.30951303883465  Ecoul = 4.645050579348992  Exc = -12.983107665463038
cycle= 1 E= -43.2640364392236  delta_E= -5.04e-07  |g|= 0.000275  |ddm|= 0.00129
    CPU time for cycle= 1      1.68 sec, wall time      1.69 sec
  HOMO = 0.569489429199988  LUMO = 0.849408482865818
  mo_energy =
[-0.26074907  0.06380141  0.06384938  0.0638495   0.06384961  0.06387394
  0.06387409  0.32172917  0.32172955  0.32172966  0.3217667   0.32176687
  0.32176713  0.56948918  0.56948942  0.56948943  0.84940848  0.84940849
  0.84940851  0.87504036  0.87504041  0.87505103  0.87505107  0.87505111
  0.87507156  1.18885889  1.28864037  1.28864043  1.28864053  1.28878881
  1.28878892  1.28878897  1.72486341  1.72490316  1.7249032   1.72490324
  1.72492516  1.72492523  1.76178283  1.76178284  2.04654392  2.04654418
  2.04654424  2.04664278  2.04664289  2.04664317  2.35117109  2.35174675
  2.35174678  2.35174684  2.3520278   2.3520279   2.41502684  2.41502685
  2.41502685  2.48154112  2.48154114  2.48154164  2.79655797  2.79655818
  2.79655827  2.79661631  2.79661639  2.79661662  2.98806599  2.98814664
  2.98814669  2.98814675  2.98818119  2.98818124  3.02864416  3.02864438
  3.02864494  3.02880011  3.02880067  3.02880088  3.43654659  3.43654685
  3.4367218   3.43672197  3.43672213  3.43705718  3.56987423  3.56987424
  3.73925426  3.73925522  3.73925524  4.63028126  4.63028131  4.63028134
  4.73141502  4.73141503  4.7314151   4.73155705  4.73155709  4.73155715
  8.68943492  9.01522143  9.0263288   9.03150011  9.03150032  9.03150047
  9.03524093  9.03524127]
nelec by numeric integration = 31.999999998162426
    CPU time for vxc      1.07 sec, wall time      1.07 sec
~/packages/PeriodicIntegrals/PeriodicIntegrals-junjie-benchmark/isdfx/isdfx.py +4733
[[ 5.38605449e-01 -1.50648174e-02 -1.01641059e-06 ...  2.24888841e-05
   6.10820112e-03 -2.06836933e-08]
 [-1.50648174e-02  4.39321260e-04 -2.71200766e-07 ... -5.62080523e-07
  -1.52278174e-04  4.90601161e-09]
 [-1.01641059e-06 -2.71200766e-07  6.47410713e-01 ...  2.17662697e-03
  -1.54121333e-03 -3.83533206e-03]
 ...
 [ 2.24888841e-05 -5.62080523e-07  2.17662697e-03 ...  2.61629044e-04
   1.98355871e-06 -1.84063231e-09]
 [ 6.10820112e-03 -1.52278174e-04 -1.54121333e-03 ...  1.98355871e-06
   2.24322163e-03  3.43847326e-06]
 [-2.06836933e-08  4.90601161e-09 -3.83533206e-03 ... -1.84063231e-09
   3.43847326e-06  2.61628255e-04]]
[[ 2.42213256e-01 -1.52594323e-01 -1.52073057e-03 ... -1.75788295e-05
  -1.15815334e+00 -9.71669205e-01]
 [-9.42477220e-03  3.80568488e-03  3.80923205e-05 ... -1.66332821e-05
  -1.06542162e+00 -8.93867970e-01]
 [ 4.67812797e-08 -1.79138858e-04 -2.04709523e-01 ...  6.70312073e-02
  -5.64025340e-07 -1.58314687e-06]
 ...
 [-5.62663456e-09 -4.20201068e-07 -3.98003836e-03 ... -7.90229083e-04
  -1.49153607e-05 -1.27747095e-05]
 [ 1.74361074e-06 -6.65547081e-03 -2.84089846e-05 ...  1.06991866e-04
   8.28204472e-02 -3.01503182e-02]
 [-2.22652948e-08  1.07376598e-05  1.06563326e-02 ...  6.48491620e-03
  -1.27986353e-05  1.49152749e-05]]
[2. 2. 2. 2. 2. 2. 2. 2. 2. 2. 2. 2. 2. 2. 2. 2. 0. 0. 0. 0. 0. 0. 0. 0.
 0. 0. 0. 0. 0. 0. 0. 0. 0. 0. 0. 0. 0. 0. 0. 0. 0. 0. 0. 0. 0. 0. 0. 0.
 0. 0. 0. 0. 0. 0. 0. 0. 0. 0. 0. 0. 0. 0. 0. 0. 0. 0. 0. 0. 0. 0. 0. 0.
 0. 0. 0. 0. 0. 0. 0. 0. 0. 0. 0. 0. 0. 0. 0. 0. 0. 0. 0. 0. 0. 0. 0. 0.
 0. 0. 0. 0. 0. 0. 0. 0.]
start SG
end SG -->  0.041819095611572266
    CPU time for vj and vk      0.62 sec, wall time      0.62 sec
E1 = 16.30952965542315  Ecoul = 4.645025831583973  Exc = -12.983099525654481
cycle= 2 E= -43.2640364305915  delta_E= 8.63e-09  |g|= 0.000341  |ddm|= 0.000491
    CPU time for cycle= 2      1.69 sec, wall time      1.70 sec
  HOMO = 0.569489056843049  LUMO = 0.849408225596995
  mo_energy =
[-0.26074933  0.06382828  0.063849    0.06384909  0.06384918  0.06386034
  0.06386048  0.32173953  0.32173992  0.32174002  0.32175573  0.32175592
  0.32175618  0.56948881  0.56948904  0.56948906  0.84940823  0.84940823
  0.84940825  0.87503768  0.87503771  0.87505072  0.87505075  0.87505079
  0.87507651  1.18885841  1.28865144  1.28865147  1.28865157  1.28877677
  1.28877688  1.28877692  1.72486272  1.7249035   1.72490354  1.72490358
  1.72492358  1.72492365  1.76178262  1.76178263  2.04655471  2.04655496
  2.04655502  2.04663152  2.04663162  2.0466319   2.35115457  2.35174597
  2.351746    2.35174602  2.35203656  2.35203664  2.41502651  2.41502651
  2.41502652  2.48154066  2.48154067  2.48154117  2.79656989  2.7965701
  2.79657018  2.79660355  2.79660362  2.79660384  2.98806634  2.98814612
  2.98814618  2.98814624  2.9881808   2.98818085  3.02865343  3.02865364
  3.0286542   3.02879013  3.02879069  3.02879091  3.4365509   3.43655116
  3.43672147  3.43672163  3.43672179  3.43704726  3.569874    3.56987401
  3.73925386  3.73925482  3.73925483  4.63028094  4.63028099  4.63028102
  4.73140399  4.73140401  4.73140404  4.73156724  4.73156731  4.73156735
  8.68943512  9.01528513  9.0263404   9.03149759  9.03149765  9.03149781
  9.03520257  9.0352028 ]
nelec by numeric integration = 31.999999998162316
    CPU time for vxc      1.08 sec, wall time      1.09 sec
~/packages/PeriodicIntegrals/PeriodicIntegrals-junjie-benchmark/isdfx/isdfx.py +4733
[[ 5.38625443e-01 -1.50670861e-02 -1.03680982e-06 ...  2.38537136e-05
   6.10824894e-03 -1.97731585e-08]
 [-1.50670861e-02  4.39427253e-04 -2.68693432e-07 ... -5.96179898e-07
  -1.52293099e-04  4.85313092e-09]
 [-1.03680982e-06 -2.68693432e-07  6.47427588e-01 ...  2.17454207e-03
  -1.54101502e-03 -3.83506928e-03]
 ...
 [ 2.38537136e-05 -5.96179898e-07  2.17454207e-03 ...  2.61631454e-04
   2.07295165e-06 -1.86958957e-09]
 [ 6.10824894e-03 -1.52293099e-04 -1.54101502e-03 ...  2.07295165e-06
   2.24322108e-03  3.59338481e-06]
 [-1.97731585e-08  4.85313092e-09 -3.83506928e-03 ... -1.86958957e-09
   3.59338481e-06  2.61630717e-04]]
[[ 2.42229003e-01 -1.52060294e-01 -2.42108674e-03 ... -1.32900500e-05
  -1.27099973e+00 -8.18546364e-01]
 [-9.42555804e-03  3.79178527e-03  6.05240744e-05 ... -1.25962937e-05
  -1.16923087e+00 -7.53004906e-01]
 [ 7.11292987e-08 -3.11413468e-04 -2.28822057e-01 ...  5.59698588e-02
  -7.54191409e-07 -1.50186387e-06]
 ...
 [-3.93853712e-09  1.49834328e-06 -3.96347592e-03 ...  2.55829728e-03
  -1.65250663e-05 -1.08822575e-05]
 [ 2.27530997e-06 -6.64873981e-03 -4.87250106e-05 ...  1.04917977e-04
   7.83787258e-02 -4.03118051e-02]
 [-2.40129974e-08  2.16790001e-05  9.90145716e-03 ...  2.81659675e-03
  -1.09044659e-05  1.65301701e-05]]
[2. 2. 2. 2. 2. 2. 2. 2. 2. 2. 2. 2. 2. 2. 2. 2. 0. 0. 0. 0. 0. 0. 0. 0.
 0. 0. 0. 0. 0. 0. 0. 0. 0. 0. 0. 0. 0. 0. 0. 0. 0. 0. 0. 0. 0. 0. 0. 0.
 0. 0. 0. 0. 0. 0. 0. 0. 0. 0. 0. 0. 0. 0. 0. 0. 0. 0. 0. 0. 0. 0. 0. 0.
 0. 0. 0. 0. 0. 0. 0. 0. 0. 0. 0. 0. 0. 0. 0. 0. 0. 0. 0. 0. 0. 0. 0. 0.
 0. 0. 0. 0. 0. 0. 0. 0.]
start SG
end SG -->  0.041385650634765625
    CPU time for vj and vk      0.62 sec, wall time      0.62 sec
E1 = 16.309528473011493  Ecoul = 4.645027591727641  Exc = -12.98310013126149
cycle= 3 E= -43.2640364584665  delta_E= -2.79e-08  |g|= 6.95e-06  |ddm|= 0.000267
    CPU time for cycle= 3      1.71 sec, wall time      1.72 sec
  HOMO = 0.569488659894968  LUMO = 0.849407904152014
  mo_energy =
[-0.26074961  0.06382749  0.06384872  0.06384881  0.0638489   0.06386028
  0.06386042  0.32173886  0.32173924  0.32173934  0.32175576  0.32175595
  0.32175621  0.56948841  0.56948864  0.56948866  0.8494079   0.84940791
  0.84940793  0.875038    0.87503803  0.87505049  0.87505052  0.87505056
  0.87507514  1.1888579   1.28865043  1.28865046  1.28865056  1.28877672
  1.28877683  1.28877687  1.72486202  1.72490292  1.72490296  1.724903
  1.72492325  1.72492331  1.76178243  1.76178244  2.04655419  2.04655444
  2.0465545   2.04663151  2.04663161  2.04663189  2.35115483  2.35174577
  2.35174581  2.35174583  2.35203603  2.35203611  2.41502615  2.41502615
  2.41502616  2.48154016  2.48154017  2.48154067  2.79656898  2.79656919
  2.79656927  2.7966035   2.79660358  2.79660379  2.98806572  2.9881458
  2.98814585  2.98814591  2.98818058  2.98818064  3.02865272  3.02865293
  3.02865348  3.02879008  3.02879064  3.02879085  3.43655068  3.43655095
  3.43672109  3.43672124  3.43672141  3.43704658  3.56987368  3.56987368
  3.73925343  3.73925439  3.73925441  4.63028049  4.63028055  4.63028058
  4.73140386  4.73140388  4.73140391  4.73156654  4.7315666   4.73156664
  8.68943395  9.01528265  9.02633882  9.03149678  9.03149683  9.031497
  9.03520193  9.03520215]
nelec by numeric integration = 31.99999999816234
    CPU time for vxc      1.07 sec, wall time      1.07 sec
~/packages/PeriodicIntegrals/PeriodicIntegrals-junjie-benchmark/isdfx/isdfx.py +4733
[[ 5.38625212e-01 -1.50670743e-02 -1.03980691e-06 ...  2.39402855e-05
   6.10823989e-03 -2.00291896e-08]
 [-1.50670743e-02  4.39426613e-04 -2.67885127e-07 ... -5.98339666e-07
  -1.52292875e-04  4.85530815e-09]
 [-1.03980691e-06 -2.67885127e-07  6.47425882e-01 ...  2.17438221e-03
  -1.54100319e-03 -3.83500206e-03]
 ...
 [ 2.39402855e-05 -5.98339666e-07  2.17438221e-03 ...  2.61631962e-04
   2.08098258e-06 -1.87171624e-09]
 [ 6.10823989e-03 -1.52292875e-04 -1.54100319e-03 ...  2.08098258e-06
   2.24322241e-03  3.60739041e-06]
 [-2.00291896e-08  4.85530815e-09 -3.83500206e-03 ... -1.87171624e-09
   3.60739041e-06  2.61631234e-04]]
[[ 2.42228900e-01 -1.52086350e-01 -2.78632676e-03 ... -1.36128404e-05
  -1.27388130e+00 -8.14054732e-01]
 [-9.42554101e-03  3.79244280e-03  6.96286906e-05 ... -1.29125721e-05
  -1.17188170e+00 -7.48872927e-01]
 [ 7.49019555e-08 -2.33684240e-04 -2.28182991e-01 ...  5.61746446e-02
  -7.53752668e-07 -1.49169512e-06]
 ...
 [-3.57883328e-09  3.08748064e-06 -3.94679479e-03 ...  2.26796011e-03
  -1.65657846e-05 -1.08253441e-05]
 [ 2.25885498e-06 -6.64905874e-03 -5.14399676e-05 ...  1.04633064e-04
   7.82359252e-02 -4.05882279e-02]
 [-2.41808629e-08  1.89426116e-05  9.94905756e-03 ...  2.71997928e-03
  -1.08463192e-05  1.65727907e-05]]
[2. 2. 2. 2. 2. 2. 2. 2. 2. 2. 2. 2. 2. 2. 2. 2. 0. 0. 0. 0. 0. 0. 0. 0.
 0. 0. 0. 0. 0. 0. 0. 0. 0. 0. 0. 0. 0. 0. 0. 0. 0. 0. 0. 0. 0. 0. 0. 0.
 0. 0. 0. 0. 0. 0. 0. 0. 0. 0. 0. 0. 0. 0. 0. 0. 0. 0. 0. 0. 0. 0. 0. 0.
 0. 0. 0. 0. 0. 0. 0. 0. 0. 0. 0. 0. 0. 0. 0. 0. 0. 0. 0. 0. 0. 0. 0. 0.
 0. 0. 0. 0. 0. 0. 0. 0.]
start SG
end SG -->  0.04103493690490723
    CPU time for vj and vk      0.62 sec, wall time      0.62 sec
E1 = 16.3095272058288  Ecoul = 4.64502947404403  Exc = -12.983100746411681
cycle= 4 E= -43.264036458483  delta_E= -1.65e-11  |g|= 2.81e-06  |ddm|= 1.42e-05
    CPU time for cycle= 4      1.69 sec, wall time      1.70 sec
  HOMO = 0.56948872074102  LUMO = 0.849407953429315
  mo_energy =
[-0.26074957  0.06382766  0.06384875  0.06384884  0.06384893  0.06386028
  0.06386042  0.32173902  0.3217394   0.3217395   0.3217557   0.32175589
  0.32175615  0.56948847  0.5694887   0.56948872  0.84940795  0.84940796
  0.84940798  0.87503784  0.87503787  0.87505052  0.87505055  0.87505059
  0.8750756   1.18885798  1.28865071  1.28865074  1.28865084  1.2887766
  1.28877671  1.28877675  1.72486214  1.72490307  1.72490311  1.72490315
  1.7249232   1.72492327  1.76178246  1.76178247  2.04655424  2.04655449
  2.04655456  2.04663154  2.04663164  2.04663192  2.35115465  2.35174576
  2.3517458   2.35174582  2.35203625  2.35203633  2.4150262   2.41502621
  2.41502621  2.48154024  2.48154025  2.48154075  2.79656918  2.79656939
  2.79656947  2.79660345  2.79660353  2.79660374  2.988066    2.98814583
  2.98814589  2.98814595  2.98818055  2.98818061  3.02865286  3.02865307
  3.02865363  3.02879005  3.02879061  3.02879082  3.43655064  3.43655091
  3.43672115  3.43672131  3.43672147  3.43704684  3.56987374  3.56987374
  3.73925349  3.73925446  3.73925447  4.63028056  4.63028061  4.63028064
  4.73140384  4.73140386  4.73140389  4.73156668  4.73156675  4.73156679
  8.68943412  9.0152834   9.02633918  9.0314968   9.03149685  9.03149702
  9.03520186  9.03520209]
nelec by numeric integration = 31.99999999816233
    CPU time for vxc      1.07 sec, wall time      1.07 sec
~/packages/PeriodicIntegrals/PeriodicIntegrals-junjie-benchmark/isdfx/isdfx.py +4733
[[ 5.38625171e-01 -1.50670731e-02 -1.04294219e-06 ...  2.39043600e-05
   6.10824721e-03 -1.97666471e-08]
 [-1.50670731e-02  4.39426699e-04 -2.67478849e-07 ... -5.97443772e-07
  -1.52293206e-04  4.85201451e-09]
 [-1.04294219e-06 -2.67478849e-07  6.47425954e-01 ...  2.17443530e-03
  -1.54100832e-03 -3.83500868e-03]
 ...
 [ 2.39043600e-05 -5.97443772e-07  2.17443530e-03 ...  2.61631904e-04
   2.07894484e-06 -1.87172807e-09]
 [ 6.10824721e-03 -1.52293206e-04 -1.54100832e-03 ...  2.07894484e-06
   2.24322215e-03  3.60386852e-06]
 [-1.97666471e-08  4.85201451e-09 -3.83500868e-03 ... -1.87172807e-09
   3.60386852e-06  2.61631177e-04]]
[[ 2.42228862e-01 -1.52082857e-01 -2.58572501e-03 ... -1.34980599e-05
  -1.26971224e+00 -8.20542251e-01]
 [-9.42554902e-03  3.79236977e-03  6.46282909e-05 ... -1.27994474e-05
  -1.16804646e+00 -7.54840982e-01]
 [ 7.28893783e-08 -2.74831158e-04 -2.28369318e-01 ...  5.61286910e-02
  -7.49185651e-07 -1.49869446e-06]
 ...
 [-3.57074218e-09  2.12132189e-06 -3.95429810e-03 ...  2.37857547e-03
  -1.65053965e-05 -1.09064870e-05]
 [ 2.26809708e-06 -6.64898302e-03 -4.93217766e-05 ...  1.04772682e-04
   7.84419632e-02 -4.01886159e-02]
 [-2.42063879e-08  2.01860406e-05  9.93489270e-03 ...  2.77281313e-03
  -1.09284027e-05  1.65115468e-05]]
[2. 2. 2. 2. 2. 2. 2. 2. 2. 2. 2. 2. 2. 2. 2. 2. 0. 0. 0. 0. 0. 0. 0. 0.
 0. 0. 0. 0. 0. 0. 0. 0. 0. 0. 0. 0. 0. 0. 0. 0. 0. 0. 0. 0. 0. 0. 0. 0.
 0. 0. 0. 0. 0. 0. 0. 0. 0. 0. 0. 0. 0. 0. 0. 0. 0. 0. 0. 0. 0. 0. 0. 0.
 0. 0. 0. 0. 0. 0. 0. 0. 0. 0. 0. 0. 0. 0. 0. 0. 0. 0. 0. 0. 0. 0. 0. 0.
 0. 0. 0. 0. 0. 0. 0. 0.]
start SG
end SG -->  0.04145002365112305
    CPU time for vj and vk      0.62 sec, wall time      0.62 sec
E1 = 16.309527400498943  Ecoul = 4.645029184833754  Exc = -12.983100651873105
Extra cycle  E= -43.2640364584846  delta_E= -1.56e-12  |g|= 1.35e-06  |ddm|= 3.25e-06
    CPU time for scf_cycle     11.28 sec, wall time     11.33 sec
    CPU time for SCF     11.42 sec, wall time     11.47 sec
converged SCF energy = -43.2640364584846
Successfully saved all results to /central/scratch/yangjunjie//run-scf-spc-diamond-conv-1-1-1-fftisdf-ks-1-100-rcut_epsilon-1e-05-ke_epsilon-0.05-isdf_thresh-5e-05/48068325/scf.h5
