SLURMD_NODENAME = hpc-54-11
Start time = Mon Mar 17 04:17:47 PM PDT 2025
OMP_NUM_THREADS = 1
MKL_NUM_THREADS = 1
PYSCF_MAX_MEMORY = 409600
TMPDIR = /central/scratch/yangjunjie//run-scf-spc-diamond-prim-2-2-2-fftisdf-ks-1-100-rcut_epsilon-1e-05-ke_epsilon-0.01-isdf_thresh-4e-05/48050874/
PYSCF_TMPDIR = /central/scratch/yangjunjie//run-scf-spc-diamond-prim-2-2-2-fftisdf-ks-1-100-rcut_epsilon-1e-05-ke_epsilon-0.01-isdf_thresh-4e-05/48050874/

/home/junjiey/anaconda3/envs/fftisdf/bin/python
2.8.0
1.13.1
2.0.2
fft_engine = NUMPY+BLAS
name = diamond-prim
ke_cutoff =  1.00e+02
exxdiv = None
df = fftisdf-ks
chk_path = ../../../gdf-32/tmp/scf.h5
mesh = 2,2,2
rcut_epsilon =  1.00e-05
ke_epsilon =  1.00e-02
isdf_thresh =  4.00e-05

Discarded 6 diffused primitive functions, 0 contracted functions
ke_cutoff = 100.0
None

******** <class 'ISDFX'> ********
lin_dep_thresh: 1e-10
alpha_cutoff: 2.8
rcut_epsilon: 1e-05
ke_epsilon: 0.01
isdf_thresh: 4e-05
grid_vol_cutoff: 0.05
ke_step: 2.0
ao_tol: 1e-12
multigrid_on: True
direct_j: True
iterative_build: True
occRI: True
voronoi: True
fit_sparse_grid: False
fit_dense_grid: True
direct_k_sparse: True
direct_k: False
use_kpt_symm: False
kmesh: [1, 1, 1]
isdf_pts_from_q0: True
isdf_pts_from_gamma_point: False
alpha: None
do_real_isdf: False
N_xi: None
use_cell_periodic: False
isdf_thresh_sparse: None
ncopy: [1, 1, 1]
j_grid_mesh: None
k_grid_mesh: None
num_j_grids: 100
get_ao_from_pyscf: False
nuc_pp_version: 0
vppnl_ver: 0
universal_dense_grid: None
same_jk_grids: None
coulomb_only: False
max_memory   409600 MB (current use       88 MB)

Exchange function: getK_occRI  

cell mesh: [47 47 47]
nbas:  192
Grid     keMax    keMin    keGrid   expMax   expMin   nexp     lmax     PWs      mesh        
0        51.6     51.6     115.3    5.6      5.6      1        2        103823   [47 47 47]
1        19.5     3.2      19.5     2.1      0.3      3        2        9261     [21 21 21]
0        77.4     57.7     115.3    5.6      5.6      1        2        103823   [47 47 47]
1        29.2     14.6     29.2     2.1      2.1      1        2        15625    [25 25 25]
2        10.6     4.8      10.6     0.8      0.3      2        2        3375     [15 15 15]

ISDF

atm      grid     Ng       NI       Nxi      sharp    on_grid  diffuse  maxexp   minexp   lmax     lmin    
0        0        103823   2073     113      9        297      288      5.61     5.61     2        0       
1        0        103823   2105     112      9        297      288      5.61     5.61     2        0       
2        0        103823   2110     112      9        297      288      5.61     5.61     2        0       
3        0        103823   2095     114      9        297      288      5.61     5.61     2        0       
4        0        103823   2110     112      9        297      288      5.61     5.61     2        0       
5        0        103823   2095     114      9        297      288      5.61     5.61     2        0       
6        0        103823   2095     114      9        297      288      5.61     5.61     2        0       
7        0        103823   2110     112      9        297      288      5.61     5.61     2        0       
8        0        103823   2110     112      9        297      288      5.61     5.61     2        0       
9        0        103823   2095     114      9        297      288      5.61     5.61     2        0       
10       0        103823   2095     114      9        297      288      5.61     5.61     2        0       
11       0        103823   2110     112      9        297      288      5.61     5.61     2        0       
12       0        103823   2095     114      9        297      288      5.61     5.61     2        0       
13       0        103823   2110     112      9        297      288      5.61     5.61     2        0       
14       0        103823   2105     112      9        297      288      5.61     5.61     2        0       
15       0        103823   2073     113      9        297      288      5.61     5.61     2        0       
-        1        9261     9261     9261     432      432      432      2.11     0.35     2        0       
ISDF-pts:       1.58
ISDF-vec:       0.16
Fit dense grids ISDF:       1.75
Fit sparse grids ISDF:       0.00

Grid     PWs      Ng_i     N_xi     N_mu    
0        103823   33586    1806     4752    
1        9261     9261     9261     432     

nTHC: 11067
Mem Required (MB):     147.66
Curent RAM Use (MB) :        259 

Build W
ISDF-fft dense grids (sec):      16.76
Curent RAM Use (MB) :        363 
ISDF-fft:      16.76

Initial guess from minao.
Successfully loaded dm0 from ../../../gdf-32/tmp/scf.h5
~/packages/PeriodicIntegrals/PeriodicIntegrals-junjie-benchmark/isdfx/isdfx.py +4733
[[ 5.26855036e-01 -1.41882092e-02  7.56084978e-06 ... -7.27508003e-03
  -9.70010837e-03 -1.40009224e-03]
 [-1.41882092e-02  4.23422566e-04  9.74736857e-06 ...  2.16418229e-04
   2.88557836e-04  4.16500018e-05]
 [ 7.56084978e-06  9.74736857e-06  6.48895895e-01 ... -1.55812716e-02
   1.46099405e-03  8.00859935e-03]
 ...
 [-7.27508003e-03  2.16418229e-04 -1.55812716e-02 ...  1.80201864e-03
   5.58137812e-09  2.29128023e-04]
 [-9.70010837e-03  2.88557836e-04  1.46099405e-03 ...  5.58137812e-09
   1.66975589e-03 -2.23008497e-08]
 [-1.40009224e-03  4.16500018e-05  8.00859935e-03 ...  2.29128023e-04
  -2.23008497e-08  2.06661500e-03]]
[[ 1.71319019e-01  2.80739589e-01 -1.62116336e-01 ... -6.89782044e-05
   4.94184557e-01 -8.55712448e-01]
 [-6.66392695e-03 -8.75108711e-03  5.05561330e-03 ... -5.57270448e-05
   3.99134311e-01 -6.90974654e-01]
 [ 1.10507086e-06  2.05462122e-02  3.41153061e-02 ... -2.45709669e-02
   7.23699959e-02  4.13636790e-02]
 ...
 [-1.12724054e-07 -4.35204640e-03  7.48321802e-03 ...  3.42248269e-02
   2.70120176e-02 -1.51646802e-02]
 [-1.49262855e-07 -5.73838990e-03  9.97762844e-03 ... -2.27793710e-02
   3.60160468e-02 -2.02220260e-02]
 [-1.94183796e-08 -6.00506389e-04  1.44014593e-03 ...  4.49773607e-02
   5.19848209e-03 -2.92784360e-03]]
[2. 2. 2. 2. 2. 2. 2. 2. 2. 2. 2. 2. 2. 2. 2. 2. 2. 2. 2. 2. 2. 2. 2. 2.
 2. 2. 2. 2. 2. 2. 2. 2. 0. 0. 0. 0. 0. 0. 0. 0. 0. 0. 0. 0. 0. 0. 0. 0.
 0. 0. 0. 0. 0. 0. 0. 0. 0. 0. 0. 0. 0. 0. 0. 0. 0. 0. 0. 0. 0. 0. 0. 0.
 0. 0. 0. 0. 0. 0. 0. 0. 0. 0. 0. 0. 0. 0. 0. 0. 0. 0. 0. 0. 0. 0. 0. 0.
 0. 0. 0. 0. 0. 0. 0. 0. 0. 0. 0. 0. 0. 0. 0. 0. 0. 0. 0. 0. 0. 0. 0. 0.
 0. 0. 0. 0. 0. 0. 0. 0. 0. 0. 0. 0. 0. 0. 0. 0. 0. 0. 0. 0. 0. 0. 0. 0.
 0. 0. 0. 0. 0. 0. 0. 0. 0. 0. 0. 0. 0. 0. 0. 0. 0. 0. 0. 0. 0. 0. 0. 0.
 0. 0. 0. 0. 0. 0. 0. 0. 0. 0. 0. 0. 0. 0. 0. 0. 0. 0. 0. 0. 0. 0. 0. 0.
 0. 0. 0. 0. 0. 0. 0. 0. 0. 0. 0. 0. 0. 0. 0. 0.]
~/packages/PeriodicIntegrals/PeriodicIntegrals-junjie-benchmark/isdfx/isdfx.py +4733
[[ 5.26855036e-01 -1.41882092e-02  7.56084978e-06 ... -7.27508003e-03
  -9.70010837e-03 -1.40009224e-03]
 [-1.41882092e-02  4.23422566e-04  9.74736857e-06 ...  2.16418229e-04
   2.88557836e-04  4.16500018e-05]
 [ 7.56084978e-06  9.74736857e-06  6.48895895e-01 ... -1.55812716e-02
   1.46099405e-03  8.00859935e-03]
 ...
 [-7.27508003e-03  2.16418229e-04 -1.55812716e-02 ...  1.80201864e-03
   5.58137812e-09  2.29128023e-04]
 [-9.70010837e-03  2.88557836e-04  1.46099405e-03 ...  5.58137812e-09
   1.66975589e-03 -2.23008497e-08]
 [-1.40009224e-03  4.16500018e-05  8.00859935e-03 ...  2.29128023e-04
  -2.23008497e-08  2.06661500e-03]]
[[ 1.71319019e-01  2.80739589e-01 -1.62116336e-01 ... -6.89782044e-05
   4.94184557e-01 -8.55712448e-01]
 [-6.66392695e-03 -8.75108711e-03  5.05561330e-03 ... -5.57270448e-05
   3.99134311e-01 -6.90974654e-01]
 [ 1.10507086e-06  2.05462122e-02  3.41153061e-02 ... -2.45709669e-02
   7.23699959e-02  4.13636790e-02]
 ...
 [-1.12724054e-07 -4.35204640e-03  7.48321802e-03 ...  3.42248269e-02
   2.70120176e-02 -1.51646802e-02]
 [-1.49262855e-07 -5.73838990e-03  9.97762844e-03 ... -2.27793710e-02
   3.60160468e-02 -2.02220260e-02]
 [-1.94183796e-08 -6.00506389e-04  1.44014593e-03 ...  4.49773607e-02
   5.19848209e-03 -2.92784360e-03]]
[2. 2. 2. 2. 2. 2. 2. 2. 2. 2. 2. 2. 2. 2. 2. 2. 2. 2. 2. 2. 2. 2. 2. 2.
 2. 2. 2. 2. 2. 2. 2. 2. 0. 0. 0. 0. 0. 0. 0. 0. 0. 0. 0. 0. 0. 0. 0. 0.
 0. 0. 0. 0. 0. 0. 0. 0. 0. 0. 0. 0. 0. 0. 0. 0. 0. 0. 0. 0. 0. 0. 0. 0.
 0. 0. 0. 0. 0. 0. 0. 0. 0. 0. 0. 0. 0. 0. 0. 0. 0. 0. 0. 0. 0. 0. 0. 0.
 0. 0. 0. 0. 0. 0. 0. 0. 0. 0. 0. 0. 0. 0. 0. 0. 0. 0. 0. 0. 0. 0. 0. 0.
 0. 0. 0. 0. 0. 0. 0. 0. 0. 0. 0. 0. 0. 0. 0. 0. 0. 0. 0. 0. 0. 0. 0. 0.
 0. 0. 0. 0. 0. 0. 0. 0. 0. 0. 0. 0. 0. 0. 0. 0. 0. 0. 0. 0. 0. 0. 0. 0.
 0. 0. 0. 0. 0. 0. 0. 0. 0. 0. 0. 0. 0. 0. 0. 0. 0. 0. 0. 0. 0. 0. 0. 0.
 0. 0. 0. 0. 0. 0. 0. 0. 0. 0. 0. 0. 0. 0. 0. 0.]
start SG
end SG -->  0.34229397773742676


******** <class 'pyscf.pbc.dft.rks.RKS'> ********
method = RKS
initial guess = minao
damping factor = 0
level_shift factor = 0
DIIS = <class 'pyscf.scf.diis.CDIIS'>
diis_start_cycle = 1
diis_space = 8
diis_damp = 0
SCF conv_tol = 1e-08
SCF conv_tol_grad = None
SCF max_cycles = 50
direct_scf = True
direct_scf_tol = 1e-13
chkfile to save SCF result = /central/scratch/yangjunjie/run-scf-spc-diamond-prim-2-2-2-fftisdf-ks-1-100-rcut_epsilon-1e-05-ke_epsilon-0.01-isdf_thresh-4e-05/48050874/tmpbhgeiwib
max_memory 409600 MB (current use 334 MB)
******** PBC SCF flags ********
kpt = [0. 0. 0.]
Exchange divergence treatment (exxdiv) = None
DF object = <isdfx.isdfx.ISDFX object at 0x7ff3172bf850>
XC functionals = PBE0
small_rho_cutoff = 1e-07
Set gradient conv threshold to 0.0001
nelec by numeric integration = 63.99999999931137
    CPU time for vxc      5.21 sec, wall time      5.25 sec
~/packages/PeriodicIntegrals/PeriodicIntegrals-junjie-benchmark/isdfx/isdfx.py +4733
[[ 5.26855036e-01 -1.41882092e-02  7.56084978e-06 ... -7.27508003e-03
  -9.70010837e-03 -1.40009224e-03]
 [-1.41882092e-02  4.23422566e-04  9.74736857e-06 ...  2.16418229e-04
   2.88557836e-04  4.16500018e-05]
 [ 7.56084978e-06  9.74736857e-06  6.48895895e-01 ... -1.55812716e-02
   1.46099405e-03  8.00859935e-03]
 ...
 [-7.27508003e-03  2.16418229e-04 -1.55812716e-02 ...  1.80201864e-03
   5.58137812e-09  2.29128023e-04]
 [-9.70010837e-03  2.88557836e-04  1.46099405e-03 ...  5.58137812e-09
   1.66975589e-03 -2.23008497e-08]
 [-1.40009224e-03  4.16500018e-05  8.00859935e-03 ...  2.29128023e-04
  -2.23008497e-08  2.06661500e-03]]
[[ 1.71319019e-01  2.80739589e-01 -1.62116336e-01 ... -6.89782044e-05
   4.94184557e-01 -8.55712448e-01]
 [-6.66392695e-03 -8.75108711e-03  5.05561330e-03 ... -5.57270448e-05
   3.99134311e-01 -6.90974654e-01]
 [ 1.10507086e-06  2.05462122e-02  3.41153061e-02 ... -2.45709669e-02
   7.23699959e-02  4.13636790e-02]
 ...
 [-1.12724054e-07 -4.35204640e-03  7.48321802e-03 ...  3.42248269e-02
   2.70120176e-02 -1.51646802e-02]
 [-1.49262855e-07 -5.73838990e-03  9.97762844e-03 ... -2.27793710e-02
   3.60160468e-02 -2.02220260e-02]
 [-1.94183796e-08 -6.00506389e-04  1.44014593e-03 ...  4.49773607e-02
   5.19848209e-03 -2.92784360e-03]]
[2. 2. 2. 2. 2. 2. 2. 2. 2. 2. 2. 2. 2. 2. 2. 2. 2. 2. 2. 2. 2. 2. 2. 2.
 2. 2. 2. 2. 2. 2. 2. 2. 0. 0. 0. 0. 0. 0. 0. 0. 0. 0. 0. 0. 0. 0. 0. 0.
 0. 0. 0. 0. 0. 0. 0. 0. 0. 0. 0. 0. 0. 0. 0. 0. 0. 0. 0. 0. 0. 0. 0. 0.
 0. 0. 0. 0. 0. 0. 0. 0. 0. 0. 0. 0. 0. 0. 0. 0. 0. 0. 0. 0. 0. 0. 0. 0.
 0. 0. 0. 0. 0. 0. 0. 0. 0. 0. 0. 0. 0. 0. 0. 0. 0. 0. 0. 0. 0. 0. 0. 0.
 0. 0. 0. 0. 0. 0. 0. 0. 0. 0. 0. 0. 0. 0. 0. 0. 0. 0. 0. 0. 0. 0. 0. 0.
 0. 0. 0. 0. 0. 0. 0. 0. 0. 0. 0. 0. 0. 0. 0. 0. 0. 0. 0. 0. 0. 0. 0. 0.
 0. 0. 0. 0. 0. 0. 0. 0. 0. 0. 0. 0. 0. 0. 0. 0. 0. 0. 0. 0. 0. 0. 0. 0.
 0. 0. 0. 0. 0. 0. 0. 0. 0. 0. 0. 0. 0. 0. 0. 0.]
start SG
end SG -->  0.34206271171569824
    CPU time for vj and vk     15.55 sec, wall time     15.60 sec
E1 = 32.46229603821776  Ecoul = 9.192823952014546  Exc = -26.475012844927416
init E= -87.2908776385839
    CPU time for initialize scf     26.12 sec, wall time     26.22 sec
  HOMO = 0.552201992388088  LUMO = 0.848224258306833
  mo_energy =
[-0.28298688 -0.0690026  -0.06900248 -0.06900149 -0.06899736  0.02793003
  0.02796436  0.0279661   0.02796622  0.04449892  0.0444991   0.04450041
  0.04450073  0.0445031   0.04450404  0.30400639  0.30400646  0.30400952
  0.30407284  0.30407586  0.30407642  0.44054522  0.44054549  0.44055357
  0.44065747  0.44066078  0.44066149  0.44066305  0.44066333  0.55205224
  0.55220164  0.55220199  0.84822426  0.84835594  0.84835609  0.87374727
  0.87374737  0.87374831  0.87380678  0.87380689  0.87380771  0.97015338
  0.97015339  0.97015741  0.97026311  0.97026322  0.97028881  0.97029103
  0.97029107  0.99990778  0.99996895  0.99996905  0.9999736   1.1871868
  1.28702586  1.28702586  1.28702822  1.28721037  1.28721322  1.28721323
  1.34846168  1.34867642  1.34867927  1.34867934  1.71503992  1.71538614
  1.7153867   1.71538675  1.72297461  1.72297467  1.7229748   1.7229749
  1.72297648  1.72297803  1.76075177  1.76075188  1.90950677  1.90950679
  1.90950849  1.90967339  1.90967686  1.90967689  1.90971342  1.90971354
  2.04533599  2.04533599  2.04533892  2.04545537  2.04545823  2.04545824
  2.06689583  2.06689647  2.0668965   2.0669333   2.06693338  2.06693387
  2.06709612  2.06709632  2.35053799  2.350538    2.35054043  2.35055585
  2.35055585  2.35055931  2.4138182   2.41404638  2.41404646  2.4797257
  2.48024889  2.48024912  2.65782674  2.65802814  2.65802922  2.65802932
  2.79514574  2.79514591  2.79514923  2.79539228  2.79539551  2.79539569
  2.90223273  2.9022345   2.90223481  2.90239934  2.93339377  2.9333938
  2.93339855  2.93361739  2.93361751  2.93386139  2.93386145  2.93386206
  2.98265331  2.98265561  2.98265568  2.98279581  2.98279589  2.98279779
  2.98304457  2.98304473  2.98631614  2.98631627  2.98631678  2.98633684
  2.98633736  2.98633751  3.02732314  3.02732332  3.0273241   3.0277125
  3.02771646  3.0277166   3.27517747  3.27604608  3.27604609  3.27605007
  3.43498428  3.43498543  3.43498551  3.43575051  3.43575856  3.43575866
  3.56836902  3.56836918  3.6182669   3.6182672   3.61826837  3.61826863
  3.61826904  3.61858322  3.61858372  3.61858387  3.7380504   3.73835546
  3.73835563  4.51090442  4.51090509  4.51090531  4.51156841  4.51156849
  4.51179648  4.5117967   4.51179783  4.628272    4.62925877  4.62925915
  4.72997654  4.72997691  4.72997721  4.73036705  4.73036855  4.73036887
  8.68769664  9.01656708  9.02881003  9.02906297  9.02933109  9.02933114
  9.02942577  9.02942586  9.02956672  9.02956673  9.03056563  9.03121524
  9.07447833  9.07447846  9.07463336  9.07506373]
nelec by numeric integration = 63.99999999931138
    CPU time for vxc      4.40 sec, wall time      4.41 sec
~/packages/PeriodicIntegrals/PeriodicIntegrals-junjie-benchmark/isdfx/isdfx.py +4733
[[ 5.26879306e-01 -1.41880749e-02 -9.94984796e-07 ... -7.27733234e-03
  -9.70297019e-03 -1.40045869e-03]
 [-1.41880749e-02  4.23400463e-04  1.10447358e-05 ...  2.16495444e-04
   2.88659177e-04  4.16660977e-05]
 [-9.94984796e-07  1.10447358e-05  6.48918978e-01 ... -1.55856439e-02
   1.45336016e-03  8.00661732e-03]
 ...
 [-7.27733234e-03  2.16495444e-04 -1.55856439e-02 ...  1.80254191e-03
   2.79049534e-07  2.29188225e-04]
 [-9.70297019e-03  2.88659177e-04  1.45336016e-03 ...  2.79049534e-07
   1.67039673e-03  4.95347799e-08]
 [-1.40045869e-03  4.16660977e-05  8.00661732e-03 ...  2.29188225e-04
   4.95347799e-08  2.06694616e-03]]
[[ 1.71333494e-01  1.77316445e-03 -4.10818356e-03 ... -1.43014715e-04
  -4.96678383e-01 -8.58321263e-01]
 [-6.66426195e-03 -5.52573587e-05  1.28062344e-04 ... -1.15705282e-04
  -4.01697782e-01 -6.93912763e-01]
 [-1.62719611e-07  4.65063121e-03 -7.36744400e-02 ... -2.47450330e-02
  -7.22203231e-02  4.13870337e-02]
 ...
 [-3.39837790e-06  7.37342474e-03  9.79961223e-03 ...  3.42827188e-02
  -2.70914002e-02 -1.52487324e-02]
 [-4.48785547e-06 -4.98504580e-03 -6.37148161e-03 ... -2.28431060e-02
  -3.60894677e-02 -2.03341415e-02]
 [-6.12462301e-07  1.43767778e-02 -7.99030675e-03 ...  4.49782786e-02
  -5.20185132e-03 -2.94406081e-03]]
[2. 2. 2. 2. 2. 2. 2. 2. 2. 2. 2. 2. 2. 2. 2. 2. 2. 2. 2. 2. 2. 2. 2. 2.
 2. 2. 2. 2. 2. 2. 2. 2. 0. 0. 0. 0. 0. 0. 0. 0. 0. 0. 0. 0. 0. 0. 0. 0.
 0. 0. 0. 0. 0. 0. 0. 0. 0. 0. 0. 0. 0. 0. 0. 0. 0. 0. 0. 0. 0. 0. 0. 0.
 0. 0. 0. 0. 0. 0. 0. 0. 0. 0. 0. 0. 0. 0. 0. 0. 0. 0. 0. 0. 0. 0. 0. 0.
 0. 0. 0. 0. 0. 0. 0. 0. 0. 0. 0. 0. 0. 0. 0. 0. 0. 0. 0. 0. 0. 0. 0. 0.
 0. 0. 0. 0. 0. 0. 0. 0. 0. 0. 0. 0. 0. 0. 0. 0. 0. 0. 0. 0. 0. 0. 0. 0.
 0. 0. 0. 0. 0. 0. 0. 0. 0. 0. 0. 0. 0. 0. 0. 0. 0. 0. 0. 0. 0. 0. 0. 0.
 0. 0. 0. 0. 0. 0. 0. 0. 0. 0. 0. 0. 0. 0. 0. 0. 0. 0. 0. 0. 0. 0. 0. 0.
 0. 0. 0. 0. 0. 0. 0. 0. 0. 0. 0. 0. 0. 0. 0. 0.]
start SG
end SG -->  0.35897350311279297
    CPU time for vj and vk     15.47 sec, wall time     15.51 sec
E1 = 32.461682229703  Ecoul = 9.193729987354601  Exc = -26.475305517383063
cycle= 1 E= -87.2908780842142  delta_E= -4.46e-07  |g|= 0.000217  |ddm|= 0.00106
    CPU time for cycle= 1     19.87 sec, wall time     19.93 sec
  HOMO = 0.552219291962058  LUMO = 0.848240660103365
  mo_energy =
[-0.28297562 -0.06899416 -0.06898882 -0.06898656 -0.06898612  0.02793732
  0.02797494  0.02797501  0.02797639  0.04450824  0.04451098  0.04451215
  0.04451249  0.04451492  0.04451545  0.30401569  0.30401913  0.30401919
  0.30408697  0.30408768  0.30409044  0.44055505  0.44055973  0.44056032
  0.44067421  0.44067509  0.44067778  0.44067846  0.44067873  0.55206203
  0.55221894  0.55221929  0.84824066  0.848366    0.84836614  0.87375841
  0.87375943  0.87375956  0.87381297  0.87381433  0.87381441  0.9701674
  0.97017189  0.97017213  0.97027399  0.97027408  0.97029826  0.97029839
  0.97030307  0.99992872  0.99997891  0.9999843   0.99998466  1.18720627
  1.28704561  1.28705026  1.28705045  1.2872288   1.28722897  1.28723327
  1.34848242  1.34869829  1.34869853  1.34870162  1.71505296  1.71540243
  1.7154025   1.71540639  1.72299338  1.72299346  1.72299458  1.72299466
  1.72299599  1.72299655  1.76075942  1.76075954  1.90952047  1.90952052
  1.90952121  1.90969184  1.90969196  1.90969407  1.90972582  1.90972597
  2.04534377  2.04534717  2.04534733  2.04546583  2.04546599  2.04546936
  2.06690168  2.06690182  2.06690637  2.06694087  2.06694499  2.06694502
  2.06710496  2.06710517  2.35054618  2.3505463   2.35055375  2.3505632
  2.35056333  2.3505719   2.41383714  2.41405758  2.41405765  2.47974362
  2.48026765  2.4802679   2.65784092  2.65803735  2.65803738  2.65804038
  2.79516251  2.79516651  2.79516658  2.79541046  2.7954105   2.79541463
  2.90224977  2.90225028  2.90225059  2.90241468  2.93341052  2.93341675
  2.93341705  2.93363528  2.93363541  2.93387677  2.9338769   2.93388453
  2.98266531  2.98267181  2.98267198  2.98280623  2.98280634  2.98281311
  2.98306086  2.98306103  2.98633096  2.98633108  2.98633139  2.98634796
  2.98634881  2.98634897  3.02733519  3.02734002  3.0273401   3.02772851
  3.02772867  3.02773037  3.27519579  3.27606139  3.27606203  3.27606214
  3.43499883  3.43499887  3.43500015  3.43576747  3.4357731   3.43577328
  3.56838272  3.56838286  3.61828029  3.61828058  3.61828123  3.61828147
  3.61828262  3.61859601  3.61859609  3.61860232  3.73806567  3.73837202
  3.7383722   4.51091349  4.51092527  4.51092574  4.51158157  4.51158164
  4.51180917  4.51180923  4.51181765  4.62829003  4.6292739   4.62927428
  4.72998906  4.72999573  4.72999594  4.73038068  4.73038083  4.73038553
  8.68773771  9.01661268  9.02889658  9.02914968  9.02940624  9.02940703
  9.02947262  9.02947325  9.02958603  9.02958725  9.03054509  9.03117309
  9.07452488  9.07452529  9.07467104  9.07508375]
nelec by numeric integration = 63.99999999931137
    CPU time for vxc      4.40 sec, wall time      4.41 sec
~/packages/PeriodicIntegrals/PeriodicIntegrals-junjie-benchmark/isdfx/isdfx.py +4733
[[ 5.26850600e-01 -1.41837174e-02  2.32763548e-06 ... -7.27724197e-03
  -9.70285764e-03 -1.40045231e-03]
 [-1.41837174e-02  4.23194415e-04  1.06751866e-05 ...  2.16451605e-04
   2.88601828e-04  4.16581990e-05]
 [ 2.32763548e-06  1.06751866e-05  6.48900017e-01 ... -1.55851003e-02
   1.45328037e-03  8.00638901e-03]
 ...
 [-7.27724197e-03  2.16451605e-04 -1.55851003e-02 ...  1.80239210e-03
   3.06249545e-07  2.29176772e-04]
 [-9.70285764e-03  2.88601828e-04  1.45328037e-03 ...  3.06249545e-07
   1.67026500e-03  6.84584419e-08]
 [-1.40045231e-03  4.16581990e-05  8.00638901e-03 ...  2.29176772e-04
   6.84584419e-08  2.06674331e-03]]
[[ 1.71293017e-01 -2.79202234e-01 -1.64507491e-01 ...  4.26360293e-04
  -4.97190383e-01 -8.59505764e-01]
 [-6.66242657e-03  8.70082066e-03  5.12997249e-03 ...  3.45227834e-04
  -4.02179176e-01 -6.94992302e-01]
 [-1.60926022e-06 -2.14445739e-02  3.29135869e-02 ... -1.49264900e-01
  -7.23212790e-02  4.13485893e-02]
 ...
 [-2.86109301e-06  4.36471080e-03  7.66134633e-03 ...  2.31778149e-02
  -2.71020614e-02 -1.52802403e-02]
 [-3.73575344e-06  5.60324276e-03  9.92627947e-03 ... -1.54446857e-02
  -3.61345897e-02 -2.03902831e-02]
 [-5.30130888e-07  5.16378416e-04  1.35288888e-03 ... -4.66571161e-02
  -5.21644269e-03 -2.96813069e-03]]
[2. 2. 2. 2. 2. 2. 2. 2. 2. 2. 2. 2. 2. 2. 2. 2. 2. 2. 2. 2. 2. 2. 2. 2.
 2. 2. 2. 2. 2. 2. 2. 2. 0. 0. 0. 0. 0. 0. 0. 0. 0. 0. 0. 0. 0. 0. 0. 0.
 0. 0. 0. 0. 0. 0. 0. 0. 0. 0. 0. 0. 0. 0. 0. 0. 0. 0. 0. 0. 0. 0. 0. 0.
 0. 0. 0. 0. 0. 0. 0. 0. 0. 0. 0. 0. 0. 0. 0. 0. 0. 0. 0. 0. 0. 0. 0. 0.
 0. 0. 0. 0. 0. 0. 0. 0. 0. 0. 0. 0. 0. 0. 0. 0. 0. 0. 0. 0. 0. 0. 0. 0.
 0. 0. 0. 0. 0. 0. 0. 0. 0. 0. 0. 0. 0. 0. 0. 0. 0. 0. 0. 0. 0. 0. 0. 0.
 0. 0. 0. 0. 0. 0. 0. 0. 0. 0. 0. 0. 0. 0. 0. 0. 0. 0. 0. 0. 0. 0. 0. 0.
 0. 0. 0. 0. 0. 0. 0. 0. 0. 0. 0. 0. 0. 0. 0. 0. 0. 0. 0. 0. 0. 0. 0. 0.
 0. 0. 0. 0. 0. 0. 0. 0. 0. 0. 0. 0. 0. 0. 0. 0.]
start SG
end SG -->  0.3579378128051758
    CPU time for vj and vk     15.43 sec, wall time     15.48 sec
E1 = 32.46177343913554  Ecoul = 9.193594370814756  Exc = -26.475261114412437
cycle= 2 E= -87.2908780883509  delta_E= -4.14e-09  |g|= 0.000168  |ddm|= 0.000306
    CPU time for cycle= 2     19.84 sec, wall time     19.90 sec
  HOMO = 0.552218026108672  LUMO = 0.848239647172269
  mo_energy =
[-0.28297654 -0.06899045 -0.06899023 -0.06898987 -0.06898893  0.02793662
  0.02797388  0.02797492  0.02797499  0.04450949  0.0445097   0.04451113
  0.04451213  0.04451252  0.04451367  0.3040165   0.30401659  0.30401776
  0.30408638  0.30408753  0.30408813  0.4405555   0.44055589  0.44056003
  0.44067338  0.44067475  0.44067549  0.44067731  0.44067759  0.55206069
  0.55221767  0.55221803  0.84823965  0.84836494  0.84836508  0.87375822
  0.87375833  0.87375856  0.87381308  0.87381325  0.87381329  0.9701689
  0.970169    0.97017039  0.97027286  0.97027296  0.97029881  0.97029893
  0.97029896  0.99992759  0.99998081  0.999981    0.99998249  1.18720461
  1.28704699  1.28704706  1.28704722  1.28722819  1.28722875  1.28722881
  1.34848068  1.34869682  1.34869798  1.34869811  1.71505145  1.71540214
  1.71540215  1.71540294  1.7229916   1.72299168  1.72299285  1.72299292
  1.72299444  1.72299495  1.76075877  1.76075889  1.90951906  1.90951911
  1.90952035  1.90969023  1.90969191  1.90969196  1.90972455  1.9097247
  2.04534486  2.04534491  2.04534595  2.04546551  2.04546656  2.04546662
  2.06690214  2.0669022   2.06690304  2.06694227  2.06694316  2.06694321
  2.06710429  2.0671045   2.35054656  2.35054662  2.35055053  2.35056366
  2.35056372  2.35056874  2.41383604  2.41405638  2.41405645  2.47974203
  2.48026603  2.48026628  2.65784007  2.65803733  2.65803739  2.65803753
  2.79516321  2.79516333  2.79516446  2.7954096   2.79541062  2.79541075
  2.90224777  2.90224918  2.90224951  2.90241339  2.93341266  2.93341277
  2.93341413  2.93363368  2.93363381  2.93387687  2.93387692  2.93387971
  2.98266615  2.98266972  2.98266983  2.98280609  2.98280618  2.98280953
  2.98305958  2.98305974  2.98632983  2.98632996  2.98633041  2.98634694
  2.98634762  2.98634778  3.02733665  3.02733749  3.02733761  3.02772638
  3.02772859  3.02772872  3.27519446  3.27605963  3.27605966  3.27606229
  3.43499764  3.43499812  3.43499818  3.4357651   3.43577251  3.43577264
  3.56838157  3.5683817   3.61827915  3.61827947  3.61828004  3.61828027
  3.61828133  3.61859641  3.61859652  3.618598    3.73806429  3.73837062
  3.73837079  4.51091747  4.51092145  4.51092174  4.51158022  4.51158029
  4.51180947  4.51180964  4.51181294  4.62828871  4.62927246  4.62927284
  4.72999068  4.72999292  4.72999316  4.73038074  4.73038088  4.73038135
  8.68773411  9.01660637  9.02887298  9.02912447  9.02938486  9.02938529
  9.02946397  9.02946423  9.02959037  9.02959091  9.03057256  9.03121355
  9.07451645  9.07451652  9.07466875  9.07509283]
nelec by numeric integration = 63.999999999311356
    CPU time for vxc      4.39 sec, wall time      4.40 sec
~/packages/PeriodicIntegrals/PeriodicIntegrals-junjie-benchmark/isdfx/isdfx.py +4733
[[ 5.26858422e-01 -1.41847971e-02  7.95139516e-07 ... -7.27731186e-03
  -9.70294246e-03 -1.40046147e-03]
 [-1.41847971e-02  4.23246643e-04  1.08320361e-05 ...  2.16462174e-04
   2.88615290e-04  4.16601939e-05]
 [ 7.95139516e-07  1.08320361e-05  6.48906891e-01 ... -1.55853238e-02
   1.45326196e-03  8.00646332e-03]
 ...
 [-7.27731186e-03  2.16462174e-04 -1.55853238e-02 ...  1.80244104e-03
   3.06518946e-07  2.29182562e-04]
 [-9.70294246e-03  2.88615290e-04  1.45326196e-03 ...  3.06518946e-07
   1.67031929e-03  5.63888757e-08]
 [-1.40046147e-03  4.16601939e-05  8.00646332e-03 ...  2.29182562e-04
   5.63888757e-08  2.06681279e-03]]
[[ 1.71311601e-01  5.33685927e-03 -2.51408168e-02 ...  1.32934729e-04
  -4.97022991e-01 -8.58919934e-01]
 [-6.66318617e-03 -1.66301329e-04  7.83603815e-04 ...  1.07508059e-04
  -4.02017813e-01 -6.94463059e-01]
 [-1.01848192e-06 -3.92342093e-03 -7.37046215e-02 ... -1.24837615e-01
  -7.22582226e-02  4.13801009e-02]
 ...
 [-3.12024003e-06  8.45762319e-03  9.27242706e-03 ...  9.17316408e-03
  -2.71012045e-02 -1.52651179e-02]
 [-4.09766293e-06 -5.78677737e-03 -5.10053178e-03 ... -6.13235104e-03
  -3.61123886e-02 -2.03616425e-02]
 [-5.72050545e-07  1.32872207e-02 -9.54282476e-03 ... -5.66745136e-02
  -5.20791071e-03 -2.95232280e-03]]
[2. 2. 2. 2. 2. 2. 2. 2. 2. 2. 2. 2. 2. 2. 2. 2. 2. 2. 2. 2. 2. 2. 2. 2.
 2. 2. 2. 2. 2. 2. 2. 2. 0. 0. 0. 0. 0. 0. 0. 0. 0. 0. 0. 0. 0. 0. 0. 0.
 0. 0. 0. 0. 0. 0. 0. 0. 0. 0. 0. 0. 0. 0. 0. 0. 0. 0. 0. 0. 0. 0. 0. 0.
 0. 0. 0. 0. 0. 0. 0. 0. 0. 0. 0. 0. 0. 0. 0. 0. 0. 0. 0. 0. 0. 0. 0. 0.
 0. 0. 0. 0. 0. 0. 0. 0. 0. 0. 0. 0. 0. 0. 0. 0. 0. 0. 0. 0. 0. 0. 0. 0.
 0. 0. 0. 0. 0. 0. 0. 0. 0. 0. 0. 0. 0. 0. 0. 0. 0. 0. 0. 0. 0. 0. 0. 0.
 0. 0. 0. 0. 0. 0. 0. 0. 0. 0. 0. 0. 0. 0. 0. 0. 0. 0. 0. 0. 0. 0. 0. 0.
 0. 0. 0. 0. 0. 0. 0. 0. 0. 0. 0. 0. 0. 0. 0. 0. 0. 0. 0. 0. 0. 0. 0. 0.
 0. 0. 0. 0. 0. 0. 0. 0. 0. 0. 0. 0. 0. 0. 0. 0.]
start SG
end SG -->  0.3508028984069824
    CPU time for vj and vk     15.52 sec, wall time     15.57 sec
E1 = 32.46176599826038  Ecoul = 9.193605326643018  Exc = -26.475264636330383
cycle= 3 E= -87.2908780953157  delta_E= -6.96e-09  |g|= 2.39e-05  |ddm|= 0.000158
    CPU time for cycle= 3     19.93 sec, wall time     19.99 sec
  HOMO = 0.552217263626284  LUMO = 0.848239043841699
  mo_energy =
[-0.2829771  -0.06899248 -0.06899051 -0.06898958 -0.06898925  0.02793616
  0.02797387  0.02797403  0.02797432  0.04450883  0.04450981  0.04451009
  0.0445112   0.04451241  0.04451287  0.30401549  0.30401665  0.3040167
  0.30408612  0.30408677  0.30408728  0.44055602  0.44055636  0.4405567
  0.44067315  0.44067396  0.44067437  0.44067661  0.44067689  0.55205981
  0.5522169   0.55221726  0.84823904  0.84836427  0.84836441  0.87375768
  0.87375798  0.87375809  0.87381235  0.87381292  0.873813    0.97016784
  0.97016921  0.97016937  0.97027216  0.97027226  0.97029748  0.97029756
  0.9702997   0.99992693  0.99997945  0.99998117  0.99998144  1.18720357
  1.28704462  1.2870467   1.28704683  1.28722685  1.28722695  1.28722864
  1.3484796   1.34869607  1.34869626  1.34869715  1.71505046  1.71540076
  1.71540079  1.71540311  1.72299056  1.72299064  1.72299185  1.72299192
  1.72299336  1.72299381  1.76075836  1.76075849  1.90951836  1.90951841
  1.90951944  1.90969052  1.90969061  1.90969069  1.90972375  1.9097239
  2.04534396  2.04534501  2.04534512  2.0454653   2.0454654   2.04546645
  2.06690099  2.06690109  2.06690372  2.06694081  2.06694324  2.06694325
  2.06710388  2.06710409  2.35054546  2.35054555  2.35055114  2.3505626
  2.35056269  2.35056938  2.41383539  2.41405562  2.41405569  2.47974104
  2.48026504  2.48026528  2.65783956  2.6580363   2.65803634  2.65803783
  2.79516183  2.79516312  2.79516319  2.79540886  2.79540891  2.79541031
  2.90224724  2.90224816  2.90224849  2.90241258  2.93341067  2.93341288
  2.93341308  2.93363268  2.93363281  2.93387512  2.93387519  2.93388027
  2.98266451  2.98266947  2.9826696   2.98280476  2.98280485  2.98280983
  2.98305884  2.983059    2.98632917  2.98632929  2.98632968  2.98634616
  2.98634691  2.98634706  3.02733466  3.0273374   3.0273375   3.02772683
  3.0277272   3.0277273   3.27519365  3.27605932  3.27605939  3.27606038
  3.43499701  3.43499706  3.43499745  3.43576495  3.43577146  3.43577161
  3.56838085  3.56838098  3.61827839  3.6182787   3.61827929  3.61827952
  3.61828067  3.61859496  3.61859504  3.61859878  3.73806343  3.73836975
  3.73836993  4.51091417  4.51092187  4.51092225  4.51157938  4.51157945
  4.51180788  4.511808    4.51181374  4.62828789  4.62927158  4.62927196
  4.72998847  4.72999282  4.72999304  4.73037924  4.73037942  4.73038179
  8.68773188  9.01660468  9.02887068  9.02912353  9.0293861   9.02938657
  9.02946425  9.02946468  9.0295898   9.02959054  9.03056429  9.03120091
  9.0745167   9.07451692  9.07466641  9.0750853 ]
nelec by numeric integration = 63.99999999931139
    CPU time for vxc      4.40 sec, wall time      4.41 sec
~/packages/PeriodicIntegrals/PeriodicIntegrals-junjie-benchmark/isdfx/isdfx.py +4733
[[ 5.26859713e-01 -1.41849680e-02  5.30117137e-07 ... -7.27733679e-03
  -9.70297700e-03 -1.40046891e-03]
 [-1.41849680e-02  4.23254356e-04  1.08575336e-05 ...  2.16464384e-04
   2.88618349e-04  4.16607628e-05]
 [ 5.30117137e-07  1.08575336e-05  6.48909283e-01 ... -1.55854093e-02
   1.45324462e-03  8.00649063e-03]
 ...
 [-7.27733679e-03  2.16464384e-04 -1.55854093e-02 ...  1.80244753e-03
   3.12042947e-07  2.29184001e-04]
 [-9.70297700e-03  2.88618349e-04  1.45324462e-03 ...  3.12042947e-07
   1.67033058e-03  5.57801351e-08]
 [-1.40046891e-03  4.16607628e-05  8.00649063e-03 ...  2.29184001e-04
   5.57801351e-08  2.06681807e-03]]
[[ 1.71310530e-01  2.78239686e-01  1.65725905e-01 ...  2.54005173e-04
  -4.96954465e-01 -8.59008740e-01]
 [-6.66316753e-03 -8.67107243e-03 -5.16822827e-03 ...  2.05663103e-04
  -4.01958378e-01 -6.94538680e-01]
 [-9.23453176e-07  2.29857544e-02 -3.23588574e-02 ... -1.47575390e-01
  -7.22816617e-02  4.13610714e-02]
 ...
 [-3.10072284e-06 -4.43003036e-03 -7.74130936e-03 ...  2.18867588e-02
  -2.70965216e-02 -1.52664966e-02]
 [-4.06834836e-06 -5.48257258e-03 -9.90903237e-03 ... -1.45970660e-02
  -3.61154899e-02 -2.03670341e-02]
 [-5.68479193e-07 -2.20897415e-04 -1.30509556e-03 ... -4.78867292e-02
  -5.21063712e-03 -2.95884363e-03]]
[2. 2. 2. 2. 2. 2. 2. 2. 2. 2. 2. 2. 2. 2. 2. 2. 2. 2. 2. 2. 2. 2. 2. 2.
 2. 2. 2. 2. 2. 2. 2. 2. 0. 0. 0. 0. 0. 0. 0. 0. 0. 0. 0. 0. 0. 0. 0. 0.
 0. 0. 0. 0. 0. 0. 0. 0. 0. 0. 0. 0. 0. 0. 0. 0. 0. 0. 0. 0. 0. 0. 0. 0.
 0. 0. 0. 0. 0. 0. 0. 0. 0. 0. 0. 0. 0. 0. 0. 0. 0. 0. 0. 0. 0. 0. 0. 0.
 0. 0. 0. 0. 0. 0. 0. 0. 0. 0. 0. 0. 0. 0. 0. 0. 0. 0. 0. 0. 0. 0. 0. 0.
 0. 0. 0. 0. 0. 0. 0. 0. 0. 0. 0. 0. 0. 0. 0. 0. 0. 0. 0. 0. 0. 0. 0. 0.
 0. 0. 0. 0. 0. 0. 0. 0. 0. 0. 0. 0. 0. 0. 0. 0. 0. 0. 0. 0. 0. 0. 0. 0.
 0. 0. 0. 0. 0. 0. 0. 0. 0. 0. 0. 0. 0. 0. 0. 0. 0. 0. 0. 0. 0. 0. 0. 0.
 0. 0. 0. 0. 0. 0. 0. 0. 0. 0. 0. 0. 0. 0. 0. 0.]
start SG
end SG -->  0.34708428382873535
    CPU time for vj and vk     15.44 sec, wall time     15.49 sec
E1 = 32.46176142375488  Ecoul = 9.193612065144691  Exc = -26.4752668002757
Extra cycle  E= -87.2908780952649  delta_E= 5.08e-11  |g|= 2.81e-05  |ddm|= 4.02e-05
    CPU time for scf_cycle    105.62 sec, wall time    105.95 sec
    CPU time for SCF    105.91 sec, wall time    106.23 sec
converged SCF energy = -87.2908780952649
Successfully saved all results to /central/scratch/yangjunjie//run-scf-spc-diamond-prim-2-2-2-fftisdf-ks-1-100-rcut_epsilon-1e-05-ke_epsilon-0.01-isdf_thresh-4e-05/48050874/scf.h5
