SLURMD_NODENAME = hpc-53-13
Start time = Mon Mar 17 04:17:55 PM PDT 2025
OMP_NUM_THREADS = 1
MKL_NUM_THREADS = 1
PYSCF_MAX_MEMORY = 409600
TMPDIR = /central/scratch/yangjunjie//run-scf-spc-diamond-conv-1-2-2-fftdf-occri-1-100-/48050902/
PYSCF_TMPDIR = /central/scratch/yangjunjie//run-scf-spc-diamond-conv-1-2-2-fftdf-occri-1-100-/48050902/

/home/junjiey/anaconda3/envs/fftisdf/bin/python
2.8.0
1.13.1
2.0.2
fft_engine = NUMPY+BLAS
name = diamond-conv
ke_cutoff =  1.00e+02
exxdiv = None
df = fftdf-occri
chk_path = ../../gdf-32/tmp/scf.h5
mesh = 1,2,2

Discarded 24 diffused primitive functions, 0 contracted functions
ke_cutoff = 100.0
None

******** <class 'ISDFX'> ********
lin_dep_thresh: 1e-10
alpha_cutoff: 2.8
rcut_epsilon: 1e-05
ke_epsilon: 1e-05
isdf_thresh: 0.0001
grid_vol_cutoff: 0.05
ke_step: 2.0
ao_tol: 1e-12
multigrid_on: False
direct_j: True
iterative_build: True
occRI: True
voronoi: True
fit_sparse_grid: False
fit_dense_grid: False
direct_k_sparse: True
direct_k: False
use_kpt_symm: False
kmesh: [1, 1, 1]
isdf_pts_from_q0: True
isdf_pts_from_gamma_point: False
alpha: None
do_real_isdf: False
N_xi: None
use_cell_periodic: False
isdf_thresh_sparse: None
ncopy: [1, 1, 1]
j_grid_mesh: None
k_grid_mesh: None
num_j_grids: 100
get_ao_from_pyscf: False
nuc_pp_version: 0
vppnl_ver: 0
universal_dense_grid: None
same_jk_grids: None
coulomb_only: False
max_memory   409600 MB (current use       92 MB)

Exchange function: getK_occRI  

cell mesh: [33 67 67]
nbas:  384
Grid     keMax    keMin    keGrid   expMax   expMin   nexp     lmax     PWs      mesh        
0        100.0    100.0    100.0    5.6      0.3      4        2        148137   [33 67 67]  

ISDF

atm      grid     Ng       NI       Nxi      sharp    on_grid  diffuse  maxexp   minexp   lmax     lmin    
-        1        148137   148137   148137   1152     1152     1152     5.61     0.35     2        0       
ISDF-pts:       0.00
ISDF-vec:       0.00
Fit dense grids ISDF:       0.00
Fit sparse grids ISDF:       0.00

Grid     PWs      Ng_i     N_xi     N_mu    
0        148137   148137   148137   1152    
1        148137   148137   148137   1152    

nTHC: 296274
Mem Required (MB):       0.00
Curent RAM Use (MB) :       1499 

Build W
ISDF-fft dense grids (sec):       0.00
Curent RAM Use (MB) :       1499 
ISDF-fft:       0.00

Initial guess from minao.
Big error detected in the electron number of initial guess density matrix (Ne/cell = 127.986)!
  This can cause huge error in Fock matrix and lead to instability in SCF for low-dimensional systems.
  DM is normalized wrt the number of electrons 128
Successfully loaded dm0 from ../../gdf-32/tmp/scf.h5
~/packages/PeriodicIntegrals/PeriodicIntegrals-junjie-benchmark/isdfx/isdfx.py +4733
[[ 6.17801077e-01 -2.37923066e-02  2.27603534e-11 ...  2.59774890e-03
  -1.57650380e-03  1.38848756e-03]
 [-2.37923066e-02  1.12282645e-03  1.74834737e-11 ... -1.96860556e-04
   9.15221829e-05 -4.24582540e-05]
 [ 2.27603534e-11  1.74834737e-11  6.21036759e-01 ...  7.87220314e-04
   1.72999292e-03  1.97305463e-03]
 ...
 [ 2.59774890e-03 -1.96860556e-04  7.87220314e-04 ...  9.37646168e-04
   7.81233853e-09  7.80606654e-05]
 [-1.57650380e-03  9.15221829e-05  1.72999292e-03 ...  7.81233853e-09
   2.34799910e-03  6.42121108e-08]
 [ 1.38848756e-03 -4.24582540e-05  1.97305463e-03 ...  7.80606654e-05
   6.42121108e-08  8.47509476e-04]]
[[ 1.21055568e-01 -1.03590857e-01 -1.88410406e-02 ... -2.36679626e-01
  -5.75230010e-01  5.72372683e-01]
 [-4.79261679e-03  2.08341855e-03  3.79623274e-04 ... -2.14697773e-01
  -5.32545458e-01  5.29900157e-01]
 [ 6.48346240e-11 -1.70157620e-10 -4.56695764e-07 ...  2.73285564e-07
   2.08334029e-02  2.09374044e-02]
 ...
 [-1.30112263e-05 -8.22064655e-04  2.61529918e-04 ... -1.90122915e-03
   1.34826852e-03  4.26381232e-03]
 [ 7.91370472e-08 -4.69762980e-03 -6.58424026e-03 ... -2.08828658e-02
  -2.39698701e-02  4.05053661e-03]
 [ 2.25360967e-05 -4.74676062e-04  7.06383069e-04 ...  3.29302548e-03
   8.02920636e-04 -7.37732604e-03]]
[2. 2. 2. 2. 2. 2. 2. 2. 2. 2. 2. 2. 2. 2. 2. 2. 2. 2. 2. 2. 2. 2. 2. 2.
 2. 2. 2. 2. 2. 2. 2. 2. 2. 2. 2. 2. 2. 2. 2. 2. 2. 2. 2. 2. 2. 2. 2. 2.
 2. 2. 2. 2. 2. 2. 2. 2. 2. 2. 2. 2. 2. 2. 2. 2. 0. 0. 0. 0. 0. 0. 0. 0.
 0. 0. 0. 0. 0. 0. 0. 0. 0. 0. 0. 0. 0. 0. 0. 0. 0. 0. 0. 0. 0. 0. 0. 0.
 0. 0. 0. 0. 0. 0. 0. 0. 0. 0. 0. 0. 0. 0. 0. 0. 0. 0. 0. 0. 0. 0. 0. 0.
 0. 0. 0. 0. 0. 0. 0. 0. 0. 0. 0. 0. 0. 0. 0. 0. 0. 0. 0. 0. 0. 0. 0. 0.
 0. 0. 0. 0. 0. 0. 0. 0. 0. 0. 0. 0. 0. 0. 0. 0. 0. 0. 0. 0. 0. 0. 0. 0.
 0. 0. 0. 0. 0. 0. 0. 0. 0. 0. 0. 0. 0. 0. 0. 0. 0. 0. 0. 0. 0. 0. 0. 0.
 0. 0. 0. 0. 0. 0. 0. 0. 0. 0. 0. 0. 0. 0. 0. 0. 0. 0. 0. 0. 0. 0. 0. 0.
 0. 0. 0. 0. 0. 0. 0. 0. 0. 0. 0. 0. 0. 0. 0. 0. 0. 0. 0. 0. 0. 0. 0. 0.
 0. 0. 0. 0. 0. 0. 0. 0. 0. 0. 0. 0. 0. 0. 0. 0. 0. 0. 0. 0. 0. 0. 0. 0.
 0. 0. 0. 0. 0. 0. 0. 0. 0. 0. 0. 0. 0. 0. 0. 0. 0. 0. 0. 0. 0. 0. 0. 0.
 0. 0. 0. 0. 0. 0. 0. 0. 0. 0. 0. 0. 0. 0. 0. 0. 0. 0. 0. 0. 0. 0. 0. 0.
 0. 0. 0. 0. 0. 0. 0. 0. 0. 0. 0. 0. 0. 0. 0. 0. 0. 0. 0. 0. 0. 0. 0. 0.
 0. 0. 0. 0. 0. 0. 0. 0. 0. 0. 0. 0. 0. 0. 0. 0. 0. 0. 0. 0. 0. 0. 0. 0.
 0. 0. 0. 0. 0. 0. 0. 0. 0. 0. 0. 0. 0. 0. 0. 0. 0. 0. 0. 0. 0. 0. 0. 0.
 0. 0. 0. 0. 0. 0. 0. 0. 0. 0. 0. 0. 0. 0. 0. 0. 0. 0. 0. 0. 0. 0. 0. 0.
 0. 0. 0. 0. 0. 0. 0. 0.]
~/packages/PeriodicIntegrals/PeriodicIntegrals-junjie-benchmark/isdfx/isdfx.py +4733
[[ 6.17801077e-01 -2.37923066e-02  2.27603534e-11 ...  2.59774890e-03
  -1.57650380e-03  1.38848756e-03]
 [-2.37923066e-02  1.12282645e-03  1.74834737e-11 ... -1.96860556e-04
   9.15221829e-05 -4.24582540e-05]
 [ 2.27603534e-11  1.74834737e-11  6.21036759e-01 ...  7.87220314e-04
   1.72999292e-03  1.97305463e-03]
 ...
 [ 2.59774890e-03 -1.96860556e-04  7.87220314e-04 ...  9.37646168e-04
   7.81233853e-09  7.80606654e-05]
 [-1.57650380e-03  9.15221829e-05  1.72999292e-03 ...  7.81233853e-09
   2.34799910e-03  6.42121108e-08]
 [ 1.38848756e-03 -4.24582540e-05  1.97305463e-03 ...  7.80606654e-05
   6.42121108e-08  8.47509476e-04]]
[[ 1.21055568e-01 -1.03590857e-01 -1.88410406e-02 ... -2.36679626e-01
  -5.75230010e-01  5.72372683e-01]
 [-4.79261679e-03  2.08341855e-03  3.79623274e-04 ... -2.14697773e-01
  -5.32545458e-01  5.29900157e-01]
 [ 6.48346240e-11 -1.70157620e-10 -4.56695764e-07 ...  2.73285564e-07
   2.08334029e-02  2.09374044e-02]
 ...
 [-1.30112263e-05 -8.22064655e-04  2.61529918e-04 ... -1.90122915e-03
   1.34826852e-03  4.26381232e-03]
 [ 7.91370472e-08 -4.69762980e-03 -6.58424026e-03 ... -2.08828658e-02
  -2.39698701e-02  4.05053661e-03]
 [ 2.25360967e-05 -4.74676062e-04  7.06383069e-04 ...  3.29302548e-03
   8.02920636e-04 -7.37732604e-03]]
[2. 2. 2. 2. 2. 2. 2. 2. 2. 2. 2. 2. 2. 2. 2. 2. 2. 2. 2. 2. 2. 2. 2. 2.
 2. 2. 2. 2. 2. 2. 2. 2. 2. 2. 2. 2. 2. 2. 2. 2. 2. 2. 2. 2. 2. 2. 2. 2.
 2. 2. 2. 2. 2. 2. 2. 2. 2. 2. 2. 2. 2. 2. 2. 2. 0. 0. 0. 0. 0. 0. 0. 0.
 0. 0. 0. 0. 0. 0. 0. 0. 0. 0. 0. 0. 0. 0. 0. 0. 0. 0. 0. 0. 0. 0. 0. 0.
 0. 0. 0. 0. 0. 0. 0. 0. 0. 0. 0. 0. 0. 0. 0. 0. 0. 0. 0. 0. 0. 0. 0. 0.
 0. 0. 0. 0. 0. 0. 0. 0. 0. 0. 0. 0. 0. 0. 0. 0. 0. 0. 0. 0. 0. 0. 0. 0.
 0. 0. 0. 0. 0. 0. 0. 0. 0. 0. 0. 0. 0. 0. 0. 0. 0. 0. 0. 0. 0. 0. 0. 0.
 0. 0. 0. 0. 0. 0. 0. 0. 0. 0. 0. 0. 0. 0. 0. 0. 0. 0. 0. 0. 0. 0. 0. 0.
 0. 0. 0. 0. 0. 0. 0. 0. 0. 0. 0. 0. 0. 0. 0. 0. 0. 0. 0. 0. 0. 0. 0. 0.
 0. 0. 0. 0. 0. 0. 0. 0. 0. 0. 0. 0. 0. 0. 0. 0. 0. 0. 0. 0. 0. 0. 0. 0.
 0. 0. 0. 0. 0. 0. 0. 0. 0. 0. 0. 0. 0. 0. 0. 0. 0. 0. 0. 0. 0. 0. 0. 0.
 0. 0. 0. 0. 0. 0. 0. 0. 0. 0. 0. 0. 0. 0. 0. 0. 0. 0. 0. 0. 0. 0. 0. 0.
 0. 0. 0. 0. 0. 0. 0. 0. 0. 0. 0. 0. 0. 0. 0. 0. 0. 0. 0. 0. 0. 0. 0. 0.
 0. 0. 0. 0. 0. 0. 0. 0. 0. 0. 0. 0. 0. 0. 0. 0. 0. 0. 0. 0. 0. 0. 0. 0.
 0. 0. 0. 0. 0. 0. 0. 0. 0. 0. 0. 0. 0. 0. 0. 0. 0. 0. 0. 0. 0. 0. 0. 0.
 0. 0. 0. 0. 0. 0. 0. 0. 0. 0. 0. 0. 0. 0. 0. 0. 0. 0. 0. 0. 0. 0. 0. 0.
 0. 0. 0. 0. 0. 0. 0. 0. 0. 0. 0. 0. 0. 0. 0. 0. 0. 0. 0. 0. 0. 0. 0. 0.
 0. 0. 0. 0. 0. 0. 0. 0.]
start SG
end SG -->  54.862619400024414


******** <class 'pyscf.pbc.dft.rks.RKS'> ********
method = RKS
initial guess = minao
damping factor = 0
level_shift factor = 0
DIIS = <class 'pyscf.scf.diis.CDIIS'>
diis_start_cycle = 1
diis_space = 8
diis_damp = 0
SCF conv_tol = 1e-08
SCF conv_tol_grad = None
SCF max_cycles = 50
direct_scf = True
direct_scf_tol = 1e-13
chkfile to save SCF result = /central/scratch/yangjunjie/run-scf-spc-diamond-conv-1-2-2-fftdf-occri-1-100-/48050902/tmp88u0gp0f
max_memory 409600 MB (current use 1528 MB)
******** PBC SCF flags ********
kpt = [0. 0. 0.]
Exchange divergence treatment (exxdiv) = None
DF object = <isdfx.isdfx.ISDFX object at 0x7f4d6f3fb850>
XC functionals = PBE0
small_rho_cutoff = 1e-07
Set gradient conv threshold to 0.0001
nelec by numeric integration = 127.99999999655628
    CPU time for vxc     14.47 sec, wall time     14.50 sec
