SLURMD_NODENAME = hpc-53-13
Start time = Mon Mar 17 04:17:55 PM PDT 2025
OMP_NUM_THREADS = 1
MKL_NUM_THREADS = 1
PYSCF_MAX_MEMORY = 409600
TMPDIR = /central/scratch/yangjunjie//run-scf-spc-diamond-conv-1-2-2-fftdf-occri-1-100-/48050902/
PYSCF_TMPDIR = /central/scratch/yangjunjie//run-scf-spc-diamond-conv-1-2-2-fftdf-occri-1-100-/48050902/

/home/junjiey/anaconda3/envs/fftisdf/bin/python
2.8.0
1.13.1
2.0.2
fft_engine = NUMPY+BLAS
name = diamond-conv
ke_cutoff =  1.00e+02
exxdiv = None
df = fftdf-occri
chk_path = ../../gdf-32/tmp/scf.h5
mesh = 1,2,2

Discarded 24 diffused primitive functions, 0 contracted functions
ke_cutoff = 100.0
None

******** <class 'ISDFX'> ********
lin_dep_thresh: 1e-10
alpha_cutoff: 2.8
rcut_epsilon: 1e-05
ke_epsilon: 1e-05
isdf_thresh: 0.0001
grid_vol_cutoff: 0.05
ke_step: 2.0
ao_tol: 1e-12
multigrid_on: False
direct_j: True
iterative_build: True
occRI: True
voronoi: True
fit_sparse_grid: False
fit_dense_grid: False
direct_k_sparse: True
direct_k: False
use_kpt_symm: False
kmesh: [1, 1, 1]
isdf_pts_from_q0: True
isdf_pts_from_gamma_point: False
alpha: None
do_real_isdf: False
N_xi: None
use_cell_periodic: False
isdf_thresh_sparse: None
ncopy: [1, 1, 1]
j_grid_mesh: None
k_grid_mesh: None
num_j_grids: 100
get_ao_from_pyscf: False
nuc_pp_version: 0
vppnl_ver: 0
universal_dense_grid: None
same_jk_grids: None
coulomb_only: False
max_memory   409600 MB (current use       92 MB)

Exchange function: getK_occRI  

cell mesh: [33 67 67]
nbas:  384
Grid     keMax    keMin    keGrid   expMax   expMin   nexp     lmax     PWs      mesh        
0        100.0    100.0    100.0    5.6      0.3      4        2        148137   [33 67 67]  

ISDF

atm      grid     Ng       NI       Nxi      sharp    on_grid  diffuse  maxexp   minexp   lmax     lmin    
-        1        148137   148137   148137   1152     1152     1152     5.61     0.35     2        0       
ISDF-pts:       0.00
ISDF-vec:       0.00
Fit dense grids ISDF:       0.00
Fit sparse grids ISDF:       0.00

Grid     PWs      Ng_i     N_xi     N_mu    
0        148137   148137   148137   1152    
1        148137   148137   148137   1152    

nTHC: 296274
Mem Required (MB):       0.00
Curent RAM Use (MB) :       1499 

Build W
ISDF-fft dense grids (sec):       0.00
Curent RAM Use (MB) :       1499 
ISDF-fft:       0.00

Initial guess from minao.
Big error detected in the electron number of initial guess density matrix (Ne/cell = 127.986)!
  This can cause huge error in Fock matrix and lead to instability in SCF for low-dimensional systems.
  DM is normalized wrt the number of electrons 128
Successfully loaded dm0 from ../../gdf-32/tmp/scf.h5
~/packages/PeriodicIntegrals/PeriodicIntegrals-junjie-benchmark/isdfx/isdfx.py +4733
[[ 6.17801077e-01 -2.37923066e-02  2.27603534e-11 ...  2.59774890e-03
  -1.57650380e-03  1.38848756e-03]
 [-2.37923066e-02  1.12282645e-03  1.74834737e-11 ... -1.96860556e-04
   9.15221829e-05 -4.24582540e-05]
 [ 2.27603534e-11  1.74834737e-11  6.21036759e-01 ...  7.87220314e-04
   1.72999292e-03  1.97305463e-03]
 ...
 [ 2.59774890e-03 -1.96860556e-04  7.87220314e-04 ...  9.37646168e-04
   7.81233853e-09  7.80606654e-05]
 [-1.57650380e-03  9.15221829e-05  1.72999292e-03 ...  7.81233853e-09
   2.34799910e-03  6.42121108e-08]
 [ 1.38848756e-03 -4.24582540e-05  1.97305463e-03 ...  7.80606654e-05
   6.42121108e-08  8.47509476e-04]]
[[ 1.21055568e-01 -1.03590857e-01 -1.88410406e-02 ... -2.36679626e-01
  -5.75230010e-01  5.72372683e-01]
 [-4.79261679e-03  2.08341855e-03  3.79623274e-04 ... -2.14697773e-01
  -5.32545458e-01  5.29900157e-01]
 [ 6.48346240e-11 -1.70157620e-10 -4.56695764e-07 ...  2.73285564e-07
   2.08334029e-02  2.09374044e-02]
 ...
 [-1.30112263e-05 -8.22064655e-04  2.61529918e-04 ... -1.90122915e-03
   1.34826852e-03  4.26381232e-03]
 [ 7.91370472e-08 -4.69762980e-03 -6.58424026e-03 ... -2.08828658e-02
  -2.39698701e-02  4.05053661e-03]
 [ 2.25360967e-05 -4.74676062e-04  7.06383069e-04 ...  3.29302548e-03
   8.02920636e-04 -7.37732604e-03]]
[2. 2. 2. 2. 2. 2. 2. 2. 2. 2. 2. 2. 2. 2. 2. 2. 2. 2. 2. 2. 2. 2. 2. 2.
 2. 2. 2. 2. 2. 2. 2. 2. 2. 2. 2. 2. 2. 2. 2. 2. 2. 2. 2. 2. 2. 2. 2. 2.
 2. 2. 2. 2. 2. 2. 2. 2. 2. 2. 2. 2. 2. 2. 2. 2. 0. 0. 0. 0. 0. 0. 0. 0.
 0. 0. 0. 0. 0. 0. 0. 0. 0. 0. 0. 0. 0. 0. 0. 0. 0. 0. 0. 0. 0. 0. 0. 0.
 0. 0. 0. 0. 0. 0. 0. 0. 0. 0. 0. 0. 0. 0. 0. 0. 0. 0. 0. 0. 0. 0. 0. 0.
 0. 0. 0. 0. 0. 0. 0. 0. 0. 0. 0. 0. 0. 0. 0. 0. 0. 0. 0. 0. 0. 0. 0. 0.
 0. 0. 0. 0. 0. 0. 0. 0. 0. 0. 0. 0. 0. 0. 0. 0. 0. 0. 0. 0. 0. 0. 0. 0.
 0. 0. 0. 0. 0. 0. 0. 0. 0. 0. 0. 0. 0. 0. 0. 0. 0. 0. 0. 0. 0. 0. 0. 0.
 0. 0. 0. 0. 0. 0. 0. 0. 0. 0. 0. 0. 0. 0. 0. 0. 0. 0. 0. 0. 0. 0. 0. 0.
 0. 0. 0. 0. 0. 0. 0. 0. 0. 0. 0. 0. 0. 0. 0. 0. 0. 0. 0. 0. 0. 0. 0. 0.
 0. 0. 0. 0. 0. 0. 0. 0. 0. 0. 0. 0. 0. 0. 0. 0. 0. 0. 0. 0. 0. 0. 0. 0.
 0. 0. 0. 0. 0. 0. 0. 0. 0. 0. 0. 0. 0. 0. 0. 0. 0. 0. 0. 0. 0. 0. 0. 0.
 0. 0. 0. 0. 0. 0. 0. 0. 0. 0. 0. 0. 0. 0. 0. 0. 0. 0. 0. 0. 0. 0. 0. 0.
 0. 0. 0. 0. 0. 0. 0. 0. 0. 0. 0. 0. 0. 0. 0. 0. 0. 0. 0. 0. 0. 0. 0. 0.
 0. 0. 0. 0. 0. 0. 0. 0. 0. 0. 0. 0. 0. 0. 0. 0. 0. 0. 0. 0. 0. 0. 0. 0.
 0. 0. 0. 0. 0. 0. 0. 0. 0. 0. 0. 0. 0. 0. 0. 0. 0. 0. 0. 0. 0. 0. 0. 0.
 0. 0. 0. 0. 0. 0. 0. 0. 0. 0. 0. 0. 0. 0. 0. 0. 0. 0. 0. 0. 0. 0. 0. 0.
 0. 0. 0. 0. 0. 0. 0. 0.]
~/packages/PeriodicIntegrals/PeriodicIntegrals-junjie-benchmark/isdfx/isdfx.py +4733
[[ 6.17801077e-01 -2.37923066e-02  2.27603534e-11 ...  2.59774890e-03
  -1.57650380e-03  1.38848756e-03]
 [-2.37923066e-02  1.12282645e-03  1.74834737e-11 ... -1.96860556e-04
   9.15221829e-05 -4.24582540e-05]
 [ 2.27603534e-11  1.74834737e-11  6.21036759e-01 ...  7.87220314e-04
   1.72999292e-03  1.97305463e-03]
 ...
 [ 2.59774890e-03 -1.96860556e-04  7.87220314e-04 ...  9.37646168e-04
   7.81233853e-09  7.80606654e-05]
 [-1.57650380e-03  9.15221829e-05  1.72999292e-03 ...  7.81233853e-09
   2.34799910e-03  6.42121108e-08]
 [ 1.38848756e-03 -4.24582540e-05  1.97305463e-03 ...  7.80606654e-05
   6.42121108e-08  8.47509476e-04]]
[[ 1.21055568e-01 -1.03590857e-01 -1.88410406e-02 ... -2.36679626e-01
  -5.75230010e-01  5.72372683e-01]
 [-4.79261679e-03  2.08341855e-03  3.79623274e-04 ... -2.14697773e-01
  -5.32545458e-01  5.29900157e-01]
 [ 6.48346240e-11 -1.70157620e-10 -4.56695764e-07 ...  2.73285564e-07
   2.08334029e-02  2.09374044e-02]
 ...
 [-1.30112263e-05 -8.22064655e-04  2.61529918e-04 ... -1.90122915e-03
   1.34826852e-03  4.26381232e-03]
 [ 7.91370472e-08 -4.69762980e-03 -6.58424026e-03 ... -2.08828658e-02
  -2.39698701e-02  4.05053661e-03]
 [ 2.25360967e-05 -4.74676062e-04  7.06383069e-04 ...  3.29302548e-03
   8.02920636e-04 -7.37732604e-03]]
[2. 2. 2. 2. 2. 2. 2. 2. 2. 2. 2. 2. 2. 2. 2. 2. 2. 2. 2. 2. 2. 2. 2. 2.
 2. 2. 2. 2. 2. 2. 2. 2. 2. 2. 2. 2. 2. 2. 2. 2. 2. 2. 2. 2. 2. 2. 2. 2.
 2. 2. 2. 2. 2. 2. 2. 2. 2. 2. 2. 2. 2. 2. 2. 2. 0. 0. 0. 0. 0. 0. 0. 0.
 0. 0. 0. 0. 0. 0. 0. 0. 0. 0. 0. 0. 0. 0. 0. 0. 0. 0. 0. 0. 0. 0. 0. 0.
 0. 0. 0. 0. 0. 0. 0. 0. 0. 0. 0. 0. 0. 0. 0. 0. 0. 0. 0. 0. 0. 0. 0. 0.
 0. 0. 0. 0. 0. 0. 0. 0. 0. 0. 0. 0. 0. 0. 0. 0. 0. 0. 0. 0. 0. 0. 0. 0.
 0. 0. 0. 0. 0. 0. 0. 0. 0. 0. 0. 0. 0. 0. 0. 0. 0. 0. 0. 0. 0. 0. 0. 0.
 0. 0. 0. 0. 0. 0. 0. 0. 0. 0. 0. 0. 0. 0. 0. 0. 0. 0. 0. 0. 0. 0. 0. 0.
 0. 0. 0. 0. 0. 0. 0. 0. 0. 0. 0. 0. 0. 0. 0. 0. 0. 0. 0. 0. 0. 0. 0. 0.
 0. 0. 0. 0. 0. 0. 0. 0. 0. 0. 0. 0. 0. 0. 0. 0. 0. 0. 0. 0. 0. 0. 0. 0.
 0. 0. 0. 0. 0. 0. 0. 0. 0. 0. 0. 0. 0. 0. 0. 0. 0. 0. 0. 0. 0. 0. 0. 0.
 0. 0. 0. 0. 0. 0. 0. 0. 0. 0. 0. 0. 0. 0. 0. 0. 0. 0. 0. 0. 0. 0. 0. 0.
 0. 0. 0. 0. 0. 0. 0. 0. 0. 0. 0. 0. 0. 0. 0. 0. 0. 0. 0. 0. 0. 0. 0. 0.
 0. 0. 0. 0. 0. 0. 0. 0. 0. 0. 0. 0. 0. 0. 0. 0. 0. 0. 0. 0. 0. 0. 0. 0.
 0. 0. 0. 0. 0. 0. 0. 0. 0. 0. 0. 0. 0. 0. 0. 0. 0. 0. 0. 0. 0. 0. 0. 0.
 0. 0. 0. 0. 0. 0. 0. 0. 0. 0. 0. 0. 0. 0. 0. 0. 0. 0. 0. 0. 0. 0. 0. 0.
 0. 0. 0. 0. 0. 0. 0. 0. 0. 0. 0. 0. 0. 0. 0. 0. 0. 0. 0. 0. 0. 0. 0. 0.
 0. 0. 0. 0. 0. 0. 0. 0.]
start SG
end SG -->  54.862619400024414


******** <class 'pyscf.pbc.dft.rks.RKS'> ********
method = RKS
initial guess = minao
damping factor = 0
level_shift factor = 0
DIIS = <class 'pyscf.scf.diis.CDIIS'>
diis_start_cycle = 1
diis_space = 8
diis_damp = 0
SCF conv_tol = 1e-08
SCF conv_tol_grad = None
SCF max_cycles = 50
direct_scf = True
direct_scf_tol = 1e-13
chkfile to save SCF result = /central/scratch/yangjunjie/run-scf-spc-diamond-conv-1-2-2-fftdf-occri-1-100-/48050902/tmp88u0gp0f
max_memory 409600 MB (current use 1528 MB)
******** PBC SCF flags ********
kpt = [0. 0. 0.]
Exchange divergence treatment (exxdiv) = None
DF object = <isdfx.isdfx.ISDFX object at 0x7f4d6f3fb850>
XC functionals = PBE0
small_rho_cutoff = 1e-07
Set gradient conv threshold to 0.0001
nelec by numeric integration = 127.99999999655628
    CPU time for vxc     14.47 sec, wall time     14.50 sec
~/packages/PeriodicIntegrals/PeriodicIntegrals-junjie-benchmark/isdfx/isdfx.py +4733
[[ 6.17801077e-01 -2.37923066e-02  2.27603534e-11 ...  2.59774890e-03
  -1.57650380e-03  1.38848756e-03]
 [-2.37923066e-02  1.12282645e-03  1.74834737e-11 ... -1.96860556e-04
   9.15221829e-05 -4.24582540e-05]
 [ 2.27603534e-11  1.74834737e-11  6.21036759e-01 ...  7.87220314e-04
   1.72999292e-03  1.97305463e-03]
 ...
 [ 2.59774890e-03 -1.96860556e-04  7.87220314e-04 ...  9.37646168e-04
   7.81233853e-09  7.80606654e-05]
 [-1.57650380e-03  9.15221829e-05  1.72999292e-03 ...  7.81233853e-09
   2.34799910e-03  6.42121108e-08]
 [ 1.38848756e-03 -4.24582540e-05  1.97305463e-03 ...  7.80606654e-05
   6.42121108e-08  8.47509476e-04]]
[[ 1.21055568e-01 -1.03590857e-01 -1.88410406e-02 ... -2.36679626e-01
  -5.75230010e-01  5.72372683e-01]
 [-4.79261679e-03  2.08341855e-03  3.79623274e-04 ... -2.14697773e-01
  -5.32545458e-01  5.29900157e-01]
 [ 6.48346240e-11 -1.70157620e-10 -4.56695764e-07 ...  2.73285564e-07
   2.08334029e-02  2.09374044e-02]
 ...
 [-1.30112263e-05 -8.22064655e-04  2.61529918e-04 ... -1.90122915e-03
   1.34826852e-03  4.26381232e-03]
 [ 7.91370472e-08 -4.69762980e-03 -6.58424026e-03 ... -2.08828658e-02
  -2.39698701e-02  4.05053661e-03]
 [ 2.25360967e-05 -4.74676062e-04  7.06383069e-04 ...  3.29302548e-03
   8.02920636e-04 -7.37732604e-03]]
[2. 2. 2. 2. 2. 2. 2. 2. 2. 2. 2. 2. 2. 2. 2. 2. 2. 2. 2. 2. 2. 2. 2. 2.
 2. 2. 2. 2. 2. 2. 2. 2. 2. 2. 2. 2. 2. 2. 2. 2. 2. 2. 2. 2. 2. 2. 2. 2.
 2. 2. 2. 2. 2. 2. 2. 2. 2. 2. 2. 2. 2. 2. 2. 2. 0. 0. 0. 0. 0. 0. 0. 0.
 0. 0. 0. 0. 0. 0. 0. 0. 0. 0. 0. 0. 0. 0. 0. 0. 0. 0. 0. 0. 0. 0. 0. 0.
 0. 0. 0. 0. 0. 0. 0. 0. 0. 0. 0. 0. 0. 0. 0. 0. 0. 0. 0. 0. 0. 0. 0. 0.
 0. 0. 0. 0. 0. 0. 0. 0. 0. 0. 0. 0. 0. 0. 0. 0. 0. 0. 0. 0. 0. 0. 0. 0.
 0. 0. 0. 0. 0. 0. 0. 0. 0. 0. 0. 0. 0. 0. 0. 0. 0. 0. 0. 0. 0. 0. 0. 0.
 0. 0. 0. 0. 0. 0. 0. 0. 0. 0. 0. 0. 0. 0. 0. 0. 0. 0. 0. 0. 0. 0. 0. 0.
 0. 0. 0. 0. 0. 0. 0. 0. 0. 0. 0. 0. 0. 0. 0. 0. 0. 0. 0. 0. 0. 0. 0. 0.
 0. 0. 0. 0. 0. 0. 0. 0. 0. 0. 0. 0. 0. 0. 0. 0. 0. 0. 0. 0. 0. 0. 0. 0.
 0. 0. 0. 0. 0. 0. 0. 0. 0. 0. 0. 0. 0. 0. 0. 0. 0. 0. 0. 0. 0. 0. 0. 0.
 0. 0. 0. 0. 0. 0. 0. 0. 0. 0. 0. 0. 0. 0. 0. 0. 0. 0. 0. 0. 0. 0. 0. 0.
 0. 0. 0. 0. 0. 0. 0. 0. 0. 0. 0. 0. 0. 0. 0. 0. 0. 0. 0. 0. 0. 0. 0. 0.
 0. 0. 0. 0. 0. 0. 0. 0. 0. 0. 0. 0. 0. 0. 0. 0. 0. 0. 0. 0. 0. 0. 0. 0.
 0. 0. 0. 0. 0. 0. 0. 0. 0. 0. 0. 0. 0. 0. 0. 0. 0. 0. 0. 0. 0. 0. 0. 0.
 0. 0. 0. 0. 0. 0. 0. 0. 0. 0. 0. 0. 0. 0. 0. 0. 0. 0. 0. 0. 0. 0. 0. 0.
 0. 0. 0. 0. 0. 0. 0. 0. 0. 0. 0. 0. 0. 0. 0. 0. 0. 0. 0. 0. 0. 0. 0. 0.
 0. 0. 0. 0. 0. 0. 0. 0.]
start SG
end SG -->  54.61293816566467
    CPU time for vj and vk     78.98 sec, wall time     79.16 sec
E1 = 64.1008156402966  Ecoul = 17.090763037920592  Exc = -54.34823796686955
init E= -178.09862885643
    CPU time for initialize scf    109.60 sec, wall time    109.84 sec
  HOMO = 0.526218421598268  LUMO = 0.807610622099478
  mo_energy =
[-3.23530893e-01 -2.46850541e-01 -2.46849992e-01 -2.46849992e-01
 -2.46849426e-01 -1.61828481e-01 -1.61828439e-01 -1.61823777e-01
 -1.61823777e-01  1.87883028e-03  1.87897214e-03  4.71389142e-03
  4.71948888e-03  4.71948907e-03  4.72509886e-03  3.40839258e-02
  3.40841251e-02  3.40841541e-02  3.40841542e-02  3.40846235e-02
  3.40846235e-02  3.40847291e-02  3.40848034e-02  1.68247870e-01
  1.68247870e-01  1.68254113e-01  1.68254341e-01  1.94157246e-01
  1.94157246e-01  1.94157445e-01  1.94157484e-01  1.94157581e-01
  1.94157786e-01  1.94157821e-01  1.94157821e-01  2.20715701e-01
  2.20715701e-01  2.20736498e-01  2.20736525e-01  2.66425420e-01
  2.66442679e-01  2.66442679e-01  2.66459334e-01  2.70024391e-01
  2.70024391e-01  3.36381450e-01  3.36381450e-01  3.36381450e-01
  3.36381996e-01  3.55049911e-01  3.55049946e-01  3.55050171e-01
  3.55050171e-01  3.58199890e-01  3.58199890e-01  3.58199937e-01
  3.58199940e-01  4.00299808e-01  4.00299808e-01  4.00314933e-01
  4.00315569e-01  5.20449252e-01  5.20449252e-01  5.26218422e-01
  8.07610622e-01  8.07610622e-01  8.07610732e-01  8.07610902e-01
  8.39972635e-01  8.40154115e-01  8.40154115e-01  8.66801286e-01
  8.66801413e-01  8.66877828e-01  8.66878949e-01  8.66878949e-01
  8.66880057e-01  9.52614618e-01  9.52614618e-01  9.52630724e-01
  9.52630730e-01  1.01002083e+00  1.01002083e+00  1.01003257e+00
  1.01003333e+00  1.07512121e+00  1.07512146e+00  1.07512146e+00
  1.07512171e+00  1.07525320e+00  1.07525348e+00  1.07525366e+00
  1.07525366e+00  1.08559946e+00  1.08559952e+00  1.08559952e+00
  1.08559981e+00  1.08559981e+00  1.08560003e+00  1.08560028e+00
  1.08560030e+00  1.11308096e+00  1.11308121e+00  1.11308121e+00
  1.11308144e+00  1.11308146e+00  1.11308159e+00  1.11308159e+00
  1.11308181e+00  1.12246242e+00  1.12246242e+00  1.12251475e+00
  1.12251498e+00  1.13206346e+00  1.13206402e+00  1.13206402e+00
  1.13206479e+00  1.17414224e+00  1.21177145e+00  1.21177145e+00
  1.21178356e+00  1.21178413e+00  1.27402867e+00  1.27407987e+00
  1.27407987e+00  1.27412951e+00  1.27413489e+00  1.27413489e+00
  1.58876582e+00  1.58876605e+00  1.58876617e+00  1.58876642e+00
  1.58876642e+00  1.58876678e+00  1.58876694e+00  1.58876694e+00
  1.63027606e+00  1.63027606e+00  1.63027621e+00  1.63027630e+00
  1.63437721e+00  1.63437721e+00  1.63440087e+00  1.63440232e+00
  1.68138125e+00  1.68138125e+00  1.68138356e+00  1.68138371e+00
  1.70985520e+00  1.70985636e+00  1.70985636e+00  1.70985654e+00
  1.71000943e+00  1.71001130e+00  1.75478250e+00  1.75502787e+00
  1.83314377e+00  1.83314377e+00  1.83322677e+00  1.83322689e+00
  1.86936340e+00  1.86936340e+00  1.86936460e+00  1.86936499e+00
  1.89817044e+00  1.89817080e+00  1.89817080e+00  1.89817112e+00
  2.03718124e+00  2.03718124e+00  2.03718296e+00  2.03720544e+00
  2.03720544e+00  2.03722713e+00  2.05819723e+00  2.05819750e+00
  2.05819753e+00  2.05819763e+00  2.05819763e+00  2.05819788e+00
  2.05819788e+00  2.05819880e+00  2.25549014e+00  2.25549047e+00
  2.25549082e+00  2.25549082e+00  2.25552031e+00  2.25552048e+00
  2.25552048e+00  2.25552089e+00  2.34340144e+00  2.34341437e+00
  2.34341437e+00  2.34342752e+00  2.34360205e+00  2.34360209e+00
  2.35499573e+00  2.35499573e+00  2.35507404e+00  2.35507426e+00
  2.35689641e+00  2.35689641e+00  2.35692340e+00  2.35692517e+00
  2.40440093e+00  2.40440093e+00  2.40451355e+00  2.43091058e+00
  2.43091058e+00  2.43092745e+00  2.43092833e+00  2.46838628e+00
  2.46838628e+00  2.46848365e+00  2.49267861e+00  2.49267889e+00
  2.49267889e+00  2.49267906e+00  2.49267906e+00  2.49267915e+00
  2.49267937e+00  2.49267979e+00  2.53368903e+00  2.53368958e+00
  2.53368967e+00  2.53368967e+00  2.53372477e+00  2.53372521e+00
  2.53372521e+00  2.53372539e+00  2.67602320e+00  2.67602320e+00
  2.67607011e+00  2.67607014e+00  2.69717598e+00  2.69717641e+00
  2.69717767e+00  2.69717767e+00  2.76458095e+00  2.76458095e+00
  2.76458139e+00  2.76458153e+00  2.76458210e+00  2.76458210e+00
  2.76458211e+00  2.76458376e+00  2.78348441e+00  2.78352686e+00
  2.78352686e+00  2.78358414e+00  2.78358414e+00  2.78368123e+00
  2.79169070e+00  2.79169070e+00  2.79169099e+00  2.79169118e+00
  2.85274485e+00  2.85274485e+00  2.85291329e+00  2.85291357e+00
  2.88223123e+00  2.88223158e+00  2.88223158e+00  2.88223183e+00
  2.88223194e+00  2.88223218e+00  2.88223218e+00  2.88223251e+00
  2.97688045e+00  2.97688189e+00  2.97688189e+00  2.97688341e+00
  2.97693469e+00  2.97693554e+00  3.01799589e+00  3.01799589e+00
  3.01807166e+00  3.01812051e+00  3.01812051e+00  3.01816786e+00
  3.06984409e+00  3.06984456e+00  3.06984456e+00  3.06984500e+00
  3.10248618e+00  3.10248647e+00  3.10248647e+00  3.10248653e+00
  3.10248698e+00  3.10248713e+00  3.10248713e+00  3.10248763e+00
  3.18887358e+00  3.18887358e+00  3.18891382e+00  3.18891640e+00
  3.19424077e+00  3.19424077e+00  3.19427946e+00  3.19428199e+00
  3.23743729e+00  3.23743740e+00  3.23744002e+00  3.23744002e+00
  3.26437104e+00  3.26437106e+00  3.26437106e+00  3.26437118e+00
  3.26437118e+00  3.26437128e+00  3.26437136e+00  3.26437196e+00
  3.28213783e+00  3.28213811e+00  3.28213811e+00  3.28213842e+00
  3.34858250e+00  3.34858250e+00  3.34858381e+00  3.34858441e+00
  3.41364539e+00  3.41364578e+00  3.41364642e+00  3.41364642e+00
  3.41375685e+00  3.41375719e+00  3.41375719e+00  3.41375776e+00
  3.42486693e+00  3.42486703e+00  3.42489154e+00  3.42489468e+00
  3.42489468e+00  3.42489803e+00  3.47543478e+00  3.47543478e+00
  3.47544129e+00  3.47544167e+00  3.50611980e+00  3.50611986e+00
  3.50615929e+00  3.50615929e+00  3.55851943e+00  3.55880359e+00
  3.72803293e+00  3.72803293e+00  3.72820866e+00  3.83062528e+00
  3.83062584e+00  3.83062584e+00  3.83062627e+00  4.30654698e+00
  4.30654698e+00  4.30655853e+00  4.30655875e+00  4.33538375e+00
  4.33538409e+00  4.33538409e+00  4.33538416e+00  4.33538506e+00
  4.33538506e+00  4.33538551e+00  4.33538606e+00  4.51685914e+00
  4.51685962e+00  4.51687902e+00  4.51687902e+00  4.61783742e+00
  4.61783742e+00  4.61791631e+00  4.71964713e+00  4.71964789e+00
  4.71964789e+00  4.71964806e+00  4.71967164e+00  4.71967224e+00
  4.71967224e+00  4.71967262e+00  4.72008939e+00  4.72011066e+00
  4.72011066e+00  4.72017070e+00  4.72017070e+00  4.72025038e+00
  8.66406802e+00  8.85059275e+00  8.85077225e+00  8.85077225e+00
  8.85085797e+00  8.96948674e+00  8.96978570e+00  8.97343590e+00
  8.97343590e+00  8.99316942e+00  9.00221132e+00  9.00598959e+00
  9.00609940e+00  9.00609940e+00  9.00675811e+00  9.01014111e+00
  9.02207315e+00  9.02208735e+00  9.02208735e+00  9.02264535e+00
  9.02765164e+00  9.02782893e+00  9.02782893e+00  9.02792538e+00
  9.02908007e+00  9.02951423e+00  9.02951423e+00  9.03018625e+00
  9.03556040e+00  9.03556272e+00  9.03930658e+00  9.03930658e+00]
nelec by numeric integration = 127.99999999655628
    CPU time for vxc     13.57 sec, wall time     13.60 sec
~/packages/PeriodicIntegrals/PeriodicIntegrals-junjie-benchmark/isdfx/isdfx.py +4733
[[ 6.17801437e-01 -2.37921611e-02 -9.04161304e-11 ...  2.59788177e-03
  -1.57642275e-03  1.38848883e-03]
 [-2.37921611e-02  1.12282160e-03  1.16830961e-11 ... -1.96866764e-04
   9.15193546e-05 -4.24559598e-05]
 [-9.04161304e-11  1.16830961e-11  6.21037387e-01 ...  7.87223182e-04
   1.73007485e-03  1.97301938e-03]
 ...
 [ 2.59788177e-03 -1.96866764e-04  7.87223182e-04 ...  9.37666490e-04
   1.03191344e-08  7.80711300e-05]
 [-1.57642275e-03  9.15193546e-05  1.73007485e-03 ...  1.03191344e-08
   2.34804514e-03  6.71388840e-08]
 [ 1.38848883e-03 -4.24559598e-05  1.97301938e-03 ...  7.80711300e-05
   6.71388840e-08  8.47517715e-04]]
[[ 1.21056646e-01 -1.03635695e-01  2.07327728e-03 ... -2.39444377e-01
  -5.88471025e-01 -5.59822523e-01]
 [-4.79260606e-03  2.09159485e-03 -4.17719998e-05 ... -2.17300070e-01
  -5.44988365e-01 -5.18456727e-01]
 [ 2.52626954e-11 -2.35375261e-11  1.98787550e-07 ...  5.28716471e-07
   2.03872048e-02 -2.14305043e-02]
 ...
 [-1.30071993e-05  3.03799713e-04 -3.55311628e-04 ... -1.89260375e-03
   1.25995500e-03 -4.29342805e-03]
 [ 1.42779217e-07 -4.69553797e-03  6.63881344e-03 ... -2.09674372e-02
  -2.40925675e-02 -3.54312384e-03]
 [ 2.25291210e-05 -5.26283677e-04 -7.08114708e-04 ...  3.27808586e-03
   9.72844570e-04  7.35771841e-03]]
[2. 2. 2. 2. 2. 2. 2. 2. 2. 2. 2. 2. 2. 2. 2. 2. 2. 2. 2. 2. 2. 2. 2. 2.
 2. 2. 2. 2. 2. 2. 2. 2. 2. 2. 2. 2. 2. 2. 2. 2. 2. 2. 2. 2. 2. 2. 2. 2.
 2. 2. 2. 2. 2. 2. 2. 2. 2. 2. 2. 2. 2. 2. 2. 2. 0. 0. 0. 0. 0. 0. 0. 0.
 0. 0. 0. 0. 0. 0. 0. 0. 0. 0. 0. 0. 0. 0. 0. 0. 0. 0. 0. 0. 0. 0. 0. 0.
 0. 0. 0. 0. 0. 0. 0. 0. 0. 0. 0. 0. 0. 0. 0. 0. 0. 0. 0. 0. 0. 0. 0. 0.
 0. 0. 0. 0. 0. 0. 0. 0. 0. 0. 0. 0. 0. 0. 0. 0. 0. 0. 0. 0. 0. 0. 0. 0.
 0. 0. 0. 0. 0. 0. 0. 0. 0. 0. 0. 0. 0. 0. 0. 0. 0. 0. 0. 0. 0. 0. 0. 0.
 0. 0. 0. 0. 0. 0. 0. 0. 0. 0. 0. 0. 0. 0. 0. 0. 0. 0. 0. 0. 0. 0. 0. 0.
 0. 0. 0. 0. 0. 0. 0. 0. 0. 0. 0. 0. 0. 0. 0. 0. 0. 0. 0. 0. 0. 0. 0. 0.
 0. 0. 0. 0. 0. 0. 0. 0. 0. 0. 0. 0. 0. 0. 0. 0. 0. 0. 0. 0. 0. 0. 0. 0.
 0. 0. 0. 0. 0. 0. 0. 0. 0. 0. 0. 0. 0. 0. 0. 0. 0. 0. 0. 0. 0. 0. 0. 0.
 0. 0. 0. 0. 0. 0. 0. 0. 0. 0. 0. 0. 0. 0. 0. 0. 0. 0. 0. 0. 0. 0. 0. 0.
 0. 0. 0. 0. 0. 0. 0. 0. 0. 0. 0. 0. 0. 0. 0. 0. 0. 0. 0. 0. 0. 0. 0. 0.
 0. 0. 0. 0. 0. 0. 0. 0. 0. 0. 0. 0. 0. 0. 0. 0. 0. 0. 0. 0. 0. 0. 0. 0.
 0. 0. 0. 0. 0. 0. 0. 0. 0. 0. 0. 0. 0. 0. 0. 0. 0. 0. 0. 0. 0. 0. 0. 0.
 0. 0. 0. 0. 0. 0. 0. 0. 0. 0. 0. 0. 0. 0. 0. 0. 0. 0. 0. 0. 0. 0. 0. 0.
 0. 0. 0. 0. 0. 0. 0. 0. 0. 0. 0. 0. 0. 0. 0. 0. 0. 0. 0. 0. 0. 0. 0. 0.
 0. 0. 0. 0. 0. 0. 0. 0.]
start SG
end SG -->  54.67788648605347
    CPU time for vj and vk     79.07 sec, wall time     79.24 sec
E1 = 64.10081068413304  Ecoul = 17.090767158491975  Exc = -54.34823713152414
cycle= 1 E= -178.098628856676  delta_E= -2.47e-10  |g|= 1.49e-05  |ddm|= 4.17e-05
    CPU time for cycle= 1     92.67 sec, wall time     92.88 sec
  HOMO = 0.526218509713426  LUMO = 0.807610514228654
  mo_energy =
[-3.23530855e-01 -2.46850925e-01 -2.46850022e-01 -2.46850021e-01
 -2.46848871e-01 -1.61828546e-01 -1.61828271e-01 -1.61823754e-01
 -1.61823754e-01  1.87887210e-03  1.87900687e-03  4.71396078e-03
  4.71953881e-03  4.71953891e-03  4.72511562e-03  3.40835651e-02
  3.40836244e-02  3.40842874e-02  3.40842874e-02  3.40845244e-02
  3.40845245e-02  3.40852179e-02  3.40855715e-02  1.68247922e-01
  1.68247922e-01  1.68254148e-01  1.68254360e-01  1.94156787e-01
  1.94156938e-01  1.94156938e-01  1.94157147e-01  1.94158143e-01
  1.94158158e-01  1.94158175e-01  1.94158175e-01  2.20715727e-01
  2.20715727e-01  2.20736479e-01  2.20736574e-01  2.66425445e-01
  2.66442704e-01  2.66442704e-01  2.66459359e-01  2.70024422e-01
  2.70024422e-01  3.36381435e-01  3.36381554e-01  3.36381554e-01
  3.36382072e-01  3.55049389e-01  3.55050227e-01  3.55050227e-01
  3.55050484e-01  3.58198937e-01  3.58199911e-01  3.58199911e-01
  3.58201074e-01  4.00299888e-01  4.00299888e-01  4.00314931e-01
  4.00315600e-01  5.20449322e-01  5.20449322e-01  5.26218510e-01
  8.07610514e-01  8.07610710e-01  8.07610710e-01  8.07611117e-01
  8.39972672e-01  8.40154154e-01  8.40154154e-01  8.66801309e-01
  8.66801433e-01  8.66877835e-01  8.66878974e-01  8.66878974e-01
  8.66880096e-01  9.52614620e-01  9.52614620e-01  9.52630794e-01
  9.52630850e-01  1.01002088e+00  1.01002088e+00  1.01003262e+00
  1.01003338e+00  1.07512037e+00  1.07512153e+00  1.07512153e+00
  1.07512274e+00  1.07525276e+00  1.07525375e+00  1.07525375e+00
  1.07525406e+00  1.08559907e+00  1.08559937e+00  1.08559937e+00
  1.08559987e+00  1.08560006e+00  1.08560006e+00  1.08560049e+00
  1.08560068e+00  1.11308063e+00  1.11308066e+00  1.11308142e+00
  1.11308142e+00  1.11308146e+00  1.11308146e+00  1.11308190e+00
  1.11308278e+00  1.12246252e+00  1.12246252e+00  1.12251486e+00
  1.12251496e+00  1.13206377e+00  1.13206403e+00  1.13206403e+00
  1.13206466e+00  1.17414230e+00  1.21177152e+00  1.21177152e+00
  1.21178352e+00  1.21178427e+00  1.27402875e+00  1.27407995e+00
  1.27407995e+00  1.27412959e+00  1.27413497e+00  1.27413497e+00
  1.58876529e+00  1.58876611e+00  1.58876646e+00  1.58876646e+00
  1.58876665e+00  1.58876692e+00  1.58876702e+00  1.58876702e+00
  1.63027607e+00  1.63027607e+00  1.63027624e+00  1.63027634e+00
  1.63437728e+00  1.63437728e+00  1.63440091e+00  1.63440236e+00
  1.68138126e+00  1.68138126e+00  1.68138353e+00  1.68138380e+00
  1.70985528e+00  1.70985640e+00  1.70985640e+00  1.70985661e+00
  1.71000946e+00  1.71001137e+00  1.75478251e+00  1.75502788e+00
  1.83314383e+00  1.83314383e+00  1.83322679e+00  1.83322697e+00
  1.86936353e+00  1.86936353e+00  1.86936424e+00  1.86936541e+00
  1.89817039e+00  1.89817075e+00  1.89817075e+00  1.89817133e+00
  2.03718124e+00  2.03718124e+00  2.03718296e+00  2.03720546e+00
  2.03720546e+00  2.03722716e+00  2.05819731e+00  2.05819746e+00
  2.05819748e+00  2.05819751e+00  2.05819751e+00  2.05819801e+00
  2.05819801e+00  2.05819902e+00  2.25548999e+00  2.25549066e+00
  2.25549089e+00  2.25549089e+00  2.25551989e+00  2.25552050e+00
  2.25552050e+00  2.25552144e+00  2.34340146e+00  2.34341440e+00
  2.34341440e+00  2.34342751e+00  2.34360208e+00  2.34360210e+00
  2.35499576e+00  2.35499576e+00  2.35507412e+00  2.35507425e+00
  2.35689648e+00  2.35689648e+00  2.35692341e+00  2.35692524e+00
  2.40440097e+00  2.40440097e+00  2.40451358e+00  2.43091061e+00
  2.43091061e+00  2.43092750e+00  2.43092836e+00  2.46838634e+00
  2.46838634e+00  2.46848371e+00  2.49267844e+00  2.49267901e+00
  2.49267901e+00  2.49267908e+00  2.49267908e+00  2.49267942e+00
  2.49267952e+00  2.49267955e+00  2.53368910e+00  2.53368956e+00
  2.53368973e+00  2.53368973e+00  2.53372377e+00  2.53372523e+00
  2.53372523e+00  2.53372652e+00  2.67602324e+00  2.67602324e+00
  2.67607008e+00  2.67607018e+00  2.69717601e+00  2.69717646e+00
  2.69717770e+00  2.69717770e+00  2.76458018e+00  2.76458018e+00
  2.76458109e+00  2.76458191e+00  2.76458257e+00  2.76458300e+00
  2.76458300e+00  2.76458332e+00  2.78348447e+00  2.78352691e+00
  2.78352691e+00  2.78358419e+00  2.78358419e+00  2.78368129e+00
  2.79169078e+00  2.79169078e+00  2.79169090e+00  2.79169127e+00
  2.85274488e+00  2.85274488e+00  2.85291327e+00  2.85291372e+00
  2.88223128e+00  2.88223160e+00  2.88223160e+00  2.88223183e+00
  2.88223205e+00  2.88223215e+00  2.88223215e+00  2.88223256e+00
  2.97688047e+00  2.97688192e+00  2.97688192e+00  2.97688344e+00
  2.97693472e+00  2.97693556e+00  3.01799594e+00  3.01799594e+00
  3.01807171e+00  3.01812056e+00  3.01812056e+00  3.01816792e+00
  3.06984437e+00  3.06984454e+00  3.06984454e+00  3.06984489e+00
  3.10248608e+00  3.10248632e+00  3.10248632e+00  3.10248679e+00
  3.10248716e+00  3.10248733e+00  3.10248733e+00  3.10248755e+00
  3.18887365e+00  3.18887365e+00  3.18891385e+00  3.18891643e+00
  3.19424084e+00  3.19424084e+00  3.19427947e+00  3.19428205e+00
  3.23743734e+00  3.23743744e+00  3.23744007e+00  3.23744007e+00
  3.26437058e+00  3.26437088e+00  3.26437088e+00  3.26437128e+00
  3.26437137e+00  3.26437137e+00  3.26437182e+00  3.26437219e+00
  3.28213772e+00  3.28213811e+00  3.28213811e+00  3.28213868e+00
  3.34858256e+00  3.34858256e+00  3.34858390e+00  3.34858433e+00
  3.41364551e+00  3.41364571e+00  3.41364651e+00  3.41364651e+00
  3.41375655e+00  3.41375721e+00  3.41375721e+00  3.41375824e+00
  3.42486697e+00  3.42486707e+00  3.42489156e+00  3.42489472e+00
  3.42489472e+00  3.42489809e+00  3.47543482e+00  3.47543482e+00
  3.47544126e+00  3.47544179e+00  3.50611987e+00  3.50611990e+00
  3.50615930e+00  3.50615930e+00  3.55851947e+00  3.55880363e+00
  3.72803299e+00  3.72803299e+00  3.72820872e+00  3.83062530e+00
  3.83062590e+00  3.83062590e+00  3.83062631e+00  4.30654700e+00
  4.30654700e+00  4.30655863e+00  4.30655870e+00  4.33538329e+00
  4.33538329e+00  4.33538421e+00  4.33538453e+00  4.33538510e+00
  4.33538564e+00  4.33538597e+00  4.33538597e+00  4.51685917e+00
  4.51685965e+00  4.51687907e+00  4.51687907e+00  4.61783747e+00
  4.61783747e+00  4.61791635e+00  4.71964745e+00  4.71964768e+00
  4.71964802e+00  4.71964802e+00  4.71967161e+00  4.71967222e+00
  4.71967222e+00  4.71967291e+00  4.72008944e+00  4.72011071e+00
  4.72011071e+00  4.72017075e+00  4.72017075e+00  4.72025043e+00
  8.66406814e+00  8.85059489e+00  8.85077228e+00  8.85077228e+00
  8.85085622e+00  8.96948702e+00  8.96978574e+00  8.97343603e+00
  8.97343603e+00  8.99316952e+00  9.00221097e+00  9.00599039e+00
  9.00610001e+00  9.00610001e+00  9.00675768e+00  9.01014060e+00
  9.02207045e+00  9.02208702e+00  9.02208703e+00  9.02264887e+00
  9.02765333e+00  9.02782858e+00  9.02782858e+00  9.02792377e+00
  9.02908096e+00  9.02951424e+00  9.02951424e+00  9.03018603e+00
  9.03555979e+00  9.03556418e+00  9.03930686e+00  9.03930686e+00]
nelec by numeric integration = 127.99999999655633
    CPU time for vxc     13.57 sec, wall time     13.60 sec
