SLURMD_NODENAME = hpc-21-35
Start time = Wed Mar 19 03:41:22 PM PDT 2025
OMP_NUM_THREADS = 1
MKL_NUM_THREADS = 1
PYSCF_MAX_MEMORY = 409600
TMPDIR = /central/scratch/yangjunjie//run-scf-spc-diamond-prim-2-2-2-fftdf-occri-1-100-/48098879/
PYSCF_TMPDIR = /central/scratch/yangjunjie//run-scf-spc-diamond-prim-2-2-2-fftdf-occri-1-100-/48098879/

/home/junjiey/anaconda3/envs/fftisdf/bin/python
2.8.0
1.13.1
2.0.2
fft_engine = NUMPY+BLAS
name = diamond-prim
ke_cutoff =  1.00e+02
exxdiv = None
df = fftdf-occri
chk_path = ../../gdf-64/tmp/scf.h5
mesh = 2,2,2

Discarded 6 diffused primitive functions, 0 contracted functions
ke_cutoff = 100.0
None

******** <class 'ISDFX'> ********
lin_dep_thresh: 1e-10
alpha_cutoff: 2.8
rcut_epsilon: 1e-05
ke_epsilon: 1e-05
isdf_thresh: 0.0001
grid_vol_cutoff: 0.05
ke_step: 2.0
ao_tol: 1e-12
multigrid_on: False
direct_j: True
iterative_build: True
occRI: True
voronoi: True
fit_sparse_grid: False
fit_dense_grid: False
direct_k_sparse: True
direct_k: False
use_kpt_symm: False
kmesh: [1, 1, 1]
isdf_pts_from_q0: True
isdf_pts_from_gamma_point: False
alpha: None
do_real_isdf: False
N_xi: None
use_cell_periodic: False
isdf_thresh_sparse: None
ncopy: [1, 1, 1]
j_grid_mesh: None
k_grid_mesh: None
num_j_grids: 100
get_ao_from_pyscf: False
nuc_pp_version: 0
vppnl_ver: 0
universal_dense_grid: None
same_jk_grids: None
coulomb_only: False
max_memory   409600 MB (current use       91 MB)

Exchange function: getK_occRI  

cell mesh: [47 47 47]
nbas:  192
Grid     keMax    keMin    keGrid   expMax   expMin   nexp     lmax     PWs      mesh        
0        100.0    100.0    100.0    5.6      0.3      4        2        103823   [47 47 47]  

ISDF

atm      grid     Ng       NI       Nxi      sharp    on_grid  diffuse  maxexp   minexp   lmax     lmin    
-        1        103823   103823   103823   576      576      576      5.61     0.35     2        0       
ISDF-pts:       0.00
ISDF-vec:       0.00
Fit dense grids ISDF:       0.00
Fit sparse grids ISDF:       0.00

Grid     PWs      Ng_i     N_xi     N_mu    
0        103823   103823   103823   576     
1        103823   103823   103823   576     

nTHC: 207646
Mem Required (MB):       0.00
Curent RAM Use (MB) :        587 

Build W
ISDF-fft dense grids (sec):       0.00
Curent RAM Use (MB) :        587 
ISDF-fft:       0.00

Initial guess from minao.
Successfully loaded dm0 from ../../gdf-64/tmp/scf.h5
Successfully loaded h1e and s1e from ../../gdf-64/tmp/scf.h5
~/packages/PeriodicIntegrals/PeriodicIntegrals-junjie-benchmark/isdfx/isdfx.py +4733
[[ 5.26855036e-01 -1.41882092e-02  7.56084978e-06 ... -7.27508003e-03
  -9.70010837e-03 -1.40009224e-03]
 [-1.41882092e-02  4.23422566e-04  9.74736858e-06 ...  2.16418229e-04
   2.88557836e-04  4.16500018e-05]
 [ 7.56084978e-06  9.74736858e-06  6.48895895e-01 ... -1.55812716e-02
   1.46099405e-03  8.00859935e-03]
 ...
 [-7.27508003e-03  2.16418229e-04 -1.55812716e-02 ...  1.80201864e-03
   5.58137807e-09  2.29128023e-04]
 [-9.70010837e-03  2.88557836e-04  1.46099405e-03 ...  5.58137807e-09
   1.66975589e-03 -2.23008497e-08]
 [-1.40009224e-03  4.16500018e-05  8.00859935e-03 ...  2.29128023e-04
  -2.23008497e-08  2.06661500e-03]]
[[ 1.71319019e-01  2.80739589e-01 -1.62116336e-01 ... -6.89781995e-05
   4.94184557e-01 -8.55712448e-01]
 [-6.66392695e-03 -8.75108711e-03  5.05561331e-03 ... -5.57270408e-05
   3.99134311e-01 -6.90974654e-01]
 [ 1.10507086e-06  2.05462122e-02  3.41153061e-02 ... -2.45709654e-02
   7.23699959e-02  4.13636790e-02]
 ...
 [-1.12724054e-07 -4.35204640e-03  7.48321803e-03 ...  3.42248266e-02
   2.70120176e-02 -1.51646802e-02]
 [-1.49262856e-07 -5.73838989e-03  9.97762844e-03 ... -2.27793709e-02
   3.60160468e-02 -2.02220260e-02]
 [-1.94183796e-08 -6.00506392e-04  1.44014595e-03 ...  4.49773611e-02
   5.19848209e-03 -2.92784360e-03]]
[2. 2. 2. 2. 2. 2. 2. 2. 2. 2. 2. 2. 2. 2. 2. 2. 2. 2. 2. 2. 2. 2. 2. 2.
 2. 2. 2. 2. 2. 2. 2. 2. 0. 0. 0. 0. 0. 0. 0. 0. 0. 0. 0. 0. 0. 0. 0. 0.
 0. 0. 0. 0. 0. 0. 0. 0. 0. 0. 0. 0. 0. 0. 0. 0. 0. 0. 0. 0. 0. 0. 0. 0.
 0. 0. 0. 0. 0. 0. 0. 0. 0. 0. 0. 0. 0. 0. 0. 0. 0. 0. 0. 0. 0. 0. 0. 0.
 0. 0. 0. 0. 0. 0. 0. 0. 0. 0. 0. 0. 0. 0. 0. 0. 0. 0. 0. 0. 0. 0. 0. 0.
 0. 0. 0. 0. 0. 0. 0. 0. 0. 0. 0. 0. 0. 0. 0. 0. 0. 0. 0. 0. 0. 0. 0. 0.
 0. 0. 0. 0. 0. 0. 0. 0. 0. 0. 0. 0. 0. 0. 0. 0. 0. 0. 0. 0. 0. 0. 0. 0.
 0. 0. 0. 0. 0. 0. 0. 0. 0. 0. 0. 0. 0. 0. 0. 0. 0. 0. 0. 0. 0. 0. 0. 0.
 0. 0. 0. 0. 0. 0. 0. 0. 0. 0. 0. 0. 0. 0. 0. 0.]
~/packages/PeriodicIntegrals/PeriodicIntegrals-junjie-benchmark/isdfx/isdfx.py +4733
[[ 5.26855036e-01 -1.41882092e-02  7.56084978e-06 ... -7.27508003e-03
  -9.70010837e-03 -1.40009224e-03]
 [-1.41882092e-02  4.23422566e-04  9.74736858e-06 ...  2.16418229e-04
   2.88557836e-04  4.16500018e-05]
 [ 7.56084978e-06  9.74736858e-06  6.48895895e-01 ... -1.55812716e-02
   1.46099405e-03  8.00859935e-03]
 ...
 [-7.27508003e-03  2.16418229e-04 -1.55812716e-02 ...  1.80201864e-03
   5.58137807e-09  2.29128023e-04]
 [-9.70010837e-03  2.88557836e-04  1.46099405e-03 ...  5.58137807e-09
   1.66975589e-03 -2.23008497e-08]
 [-1.40009224e-03  4.16500018e-05  8.00859935e-03 ...  2.29128023e-04
  -2.23008497e-08  2.06661500e-03]]
[[ 1.71319019e-01  2.80739589e-01 -1.62116336e-01 ... -6.89781995e-05
   4.94184557e-01 -8.55712448e-01]
 [-6.66392695e-03 -8.75108711e-03  5.05561331e-03 ... -5.57270408e-05
   3.99134311e-01 -6.90974654e-01]
 [ 1.10507086e-06  2.05462122e-02  3.41153061e-02 ... -2.45709654e-02
   7.23699959e-02  4.13636790e-02]
 ...
 [-1.12724054e-07 -4.35204640e-03  7.48321803e-03 ...  3.42248266e-02
   2.70120176e-02 -1.51646802e-02]
 [-1.49262856e-07 -5.73838989e-03  9.97762844e-03 ... -2.27793709e-02
   3.60160468e-02 -2.02220260e-02]
 [-1.94183796e-08 -6.00506392e-04  1.44014595e-03 ...  4.49773611e-02
   5.19848209e-03 -2.92784360e-03]]
[2. 2. 2. 2. 2. 2. 2. 2. 2. 2. 2. 2. 2. 2. 2. 2. 2. 2. 2. 2. 2. 2. 2. 2.
 2. 2. 2. 2. 2. 2. 2. 2. 0. 0. 0. 0. 0. 0. 0. 0. 0. 0. 0. 0. 0. 0. 0. 0.
 0. 0. 0. 0. 0. 0. 0. 0. 0. 0. 0. 0. 0. 0. 0. 0. 0. 0. 0. 0. 0. 0. 0. 0.
 0. 0. 0. 0. 0. 0. 0. 0. 0. 0. 0. 0. 0. 0. 0. 0. 0. 0. 0. 0. 0. 0. 0. 0.
 0. 0. 0. 0. 0. 0. 0. 0. 0. 0. 0. 0. 0. 0. 0. 0. 0. 0. 0. 0. 0. 0. 0. 0.
 0. 0. 0. 0. 0. 0. 0. 0. 0. 0. 0. 0. 0. 0. 0. 0. 0. 0. 0. 0. 0. 0. 0. 0.
 0. 0. 0. 0. 0. 0. 0. 0. 0. 0. 0. 0. 0. 0. 0. 0. 0. 0. 0. 0. 0. 0. 0. 0.
 0. 0. 0. 0. 0. 0. 0. 0. 0. 0. 0. 0. 0. 0. 0. 0. 0. 0. 0. 0. 0. 0. 0. 0.
 0. 0. 0. 0. 0. 0. 0. 0. 0. 0. 0. 0. 0. 0. 0. 0.]
start SG
end SG -->  11.549455642700195


******** <class 'pyscf.pbc.dft.rks.RKS'> ********
method = RKS
initial guess = minao
damping factor = 0
level_shift factor = 0
DIIS = <class 'pyscf.scf.diis.CDIIS'>
diis_start_cycle = 1
diis_space = 8
diis_damp = 0
SCF conv_tol = 1e-08
SCF conv_tol_grad = None
SCF max_cycles = 50
direct_scf = True
direct_scf_tol = 1e-13
chkfile to save SCF result = /central/scratch/yangjunjie/run-scf-spc-diamond-prim-2-2-2-fftdf-occri-1-100-/48098879/tmphnsic9le
max_memory 409600 MB (current use 650 MB)
******** PBC SCF flags ********
kpt = [0. 0. 0.]
Exchange divergence treatment (exxdiv) = None
DF object = <isdfx.isdfx.ISDFX object at 0x7f912e389490>
XC functionals = PBE0
small_rho_cutoff = 1e-07
Overwritten attributes  get_hcore get_ovlp  of <class 'pyscf.pbc.dft.rks.RKS'>
Set gradient conv threshold to 0.0001
nelec by numeric integration = 63.99999999931134
    CPU time for vxc      6.91 sec, wall time      6.92 sec
~/packages/PeriodicIntegrals/PeriodicIntegrals-junjie-benchmark/isdfx/isdfx.py +4733
[[ 5.26855036e-01 -1.41882092e-02  7.56084978e-06 ... -7.27508003e-03
  -9.70010837e-03 -1.40009224e-03]
 [-1.41882092e-02  4.23422566e-04  9.74736858e-06 ...  2.16418229e-04
   2.88557836e-04  4.16500018e-05]
 [ 7.56084978e-06  9.74736858e-06  6.48895895e-01 ... -1.55812716e-02
   1.46099405e-03  8.00859935e-03]
 ...
 [-7.27508003e-03  2.16418229e-04 -1.55812716e-02 ...  1.80201864e-03
   5.58137807e-09  2.29128023e-04]
 [-9.70010837e-03  2.88557836e-04  1.46099405e-03 ...  5.58137807e-09
   1.66975589e-03 -2.23008497e-08]
 [-1.40009224e-03  4.16500018e-05  8.00859935e-03 ...  2.29128023e-04
  -2.23008497e-08  2.06661500e-03]]
[[ 1.71319019e-01  2.80739589e-01 -1.62116336e-01 ... -6.89781995e-05
   4.94184557e-01 -8.55712448e-01]
 [-6.66392695e-03 -8.75108711e-03  5.05561331e-03 ... -5.57270408e-05
   3.99134311e-01 -6.90974654e-01]
 [ 1.10507086e-06  2.05462122e-02  3.41153061e-02 ... -2.45709654e-02
   7.23699959e-02  4.13636790e-02]
 ...
 [-1.12724054e-07 -4.35204640e-03  7.48321803e-03 ...  3.42248266e-02
   2.70120176e-02 -1.51646802e-02]
 [-1.49262856e-07 -5.73838989e-03  9.97762844e-03 ... -2.27793709e-02
   3.60160468e-02 -2.02220260e-02]
 [-1.94183796e-08 -6.00506392e-04  1.44014595e-03 ...  4.49773611e-02
   5.19848209e-03 -2.92784360e-03]]
[2. 2. 2. 2. 2. 2. 2. 2. 2. 2. 2. 2. 2. 2. 2. 2. 2. 2. 2. 2. 2. 2. 2. 2.
 2. 2. 2. 2. 2. 2. 2. 2. 0. 0. 0. 0. 0. 0. 0. 0. 0. 0. 0. 0. 0. 0. 0. 0.
 0. 0. 0. 0. 0. 0. 0. 0. 0. 0. 0. 0. 0. 0. 0. 0. 0. 0. 0. 0. 0. 0. 0. 0.
 0. 0. 0. 0. 0. 0. 0. 0. 0. 0. 0. 0. 0. 0. 0. 0. 0. 0. 0. 0. 0. 0. 0. 0.
 0. 0. 0. 0. 0. 0. 0. 0. 0. 0. 0. 0. 0. 0. 0. 0. 0. 0. 0. 0. 0. 0. 0. 0.
 0. 0. 0. 0. 0. 0. 0. 0. 0. 0. 0. 0. 0. 0. 0. 0. 0. 0. 0. 0. 0. 0. 0. 0.
 0. 0. 0. 0. 0. 0. 0. 0. 0. 0. 0. 0. 0. 0. 0. 0. 0. 0. 0. 0. 0. 0. 0. 0.
 0. 0. 0. 0. 0. 0. 0. 0. 0. 0. 0. 0. 0. 0. 0. 0. 0. 0. 0. 0. 0. 0. 0. 0.
 0. 0. 0. 0. 0. 0. 0. 0. 0. 0. 0. 0. 0. 0. 0. 0.]
start SG
end SG -->  11.556337356567383
    CPU time for vj and vk     16.82 sec, wall time     16.86 sec
E1 = 32.462296105723375  Ecoul = 9.1939598026155  Exc = -26.475157836400932
init E= -87.2898867119508
    CPU time for initialize scf     23.75 sec, wall time     23.81 sec
  HOMO = 0.552205594445253  LUMO = 0.848352387682074
  mo_energy =
[-0.28297173 -0.06898425 -0.06898419 -0.06898219 -0.06897816  0.0279727
  0.02797389  0.02797441  0.02797442  0.04452013  0.04452015  0.04452017
  0.04452018  0.04452403  0.04452406  0.30407277  0.30407353  0.30407358
  0.30407488  0.30407493  0.30407575  0.44065945  0.4406595   0.44066126
  0.44066262  0.44066267  0.4406645   0.44066451  0.44066708  0.55220538
  0.55220541  0.55220559  0.84835239  0.84835252  0.84835264  0.87377434
  0.87377435  0.87377443  0.87377446  0.87377544  0.87377544  0.97027217
  0.97027222  0.97027243  0.9702738   0.9702739   0.97027495  0.97027502
  0.97027678  0.99996388  0.99996399  0.99996546  0.99996851  1.18722156
  1.28721125  1.2872118   1.28721181  1.28721241  1.28721242  1.28721311
  1.34870476  1.34870743  1.3487084   1.34870847  1.71544114  1.71544383
  1.71544439  1.71544444  1.72312488  1.72312496  1.7231251   1.72312516
  1.72312698  1.7231276   1.76073523  1.76073534  1.90967834  1.90967876
  1.90967884  1.90967896  1.90967909  1.90967958  1.90967961  1.90967972
  2.04539483  2.0453956   2.0453956   2.04539702  2.04539702  2.04539799
  2.06689424  2.06689494  2.06689502  2.06689563  2.06689583  2.06689642
  2.06689646  2.06689732  2.35048925  2.35048925  2.35049097  2.35049097
  2.35049097  2.35049098  2.41380635  2.41380645  2.41380656  2.48025396
  2.48025421  2.48025476  2.65795345  2.65795551  2.65795609  2.65795619
  2.79523359  2.79523408  2.79523416  2.79523425  2.79523435  2.79523493
  2.90214346  2.90214374  2.90214406  2.90214434  2.93357299  2.93357307
  2.93357614  2.93357623  2.93357636  2.93357831  2.9335784   2.93358036
  2.98285494  2.98285509  2.98285608  2.98285615  2.98285624  2.98285691
  2.982857    2.98285787  2.9862444   2.98624452  2.98624455  2.9862448
  2.98624495  2.98624635  3.02758538  3.02758573  3.02758591  3.02758629
  3.02758643  3.02758718  3.27571596  3.27571597  3.2757182   3.27571965
  3.43518589  3.43518612  3.4351868   3.43518683  3.43518689  3.43518692
  3.5681883   3.56818846  3.61827051  3.61827081  3.61827099  3.61827139
  3.61827167  3.61827183  3.61827286  3.61827298  3.73824067  3.73824084
  3.73824156  4.51147877  4.51147893  4.5114793   4.51148121  4.51148128
  4.51148284  4.51148303  4.51148504  4.62898955  4.62898983  4.62899002
  4.7302604   4.73026116  4.73026139  4.73026177  4.73026209  4.73026249
  8.68668693  9.01552344  9.02760951  9.02785773  9.02821039  9.02821042
  9.02837669  9.02837678  9.02862893  9.02862894  9.02968347  9.03038844
  9.07341556  9.0734157   9.07362199  9.0740226 ]
nelec by numeric integration = 63.99999999931135
    CPU time for vxc      5.80 sec, wall time      5.81 sec
~/packages/PeriodicIntegrals/PeriodicIntegrals-junjie-benchmark/isdfx/isdfx.py +4733
[[ 5.26854667e-01 -1.41881909e-02  7.27754304e-06 ... -7.27518031e-03
  -9.70024207e-03 -1.40011154e-03]
 [-1.41881909e-02  4.23424451e-04  9.78430898e-06 ...  2.16420550e-04
   2.88560931e-04  4.16504485e-05]
 [ 7.27754304e-06  9.78430898e-06  6.48895956e-01 ... -1.55813509e-02
   1.46114844e-03  8.00869753e-03]
 ...
 [-7.27518031e-03  2.16420550e-04 -1.55813509e-02 ...  1.80204647e-03
   3.78360961e-09  2.29128747e-04]
 [-9.70024207e-03  2.88560931e-04  1.46114844e-03 ...  3.78360961e-09
   1.66978632e-03 -2.75060508e-08]
 [-1.40011154e-03  4.16504485e-05  8.00869753e-03 ...  2.29128747e-04
  -2.75060508e-08  2.06665088e-03]]
[[ 1.71327041e-01 -1.89413539e-03  1.11549130e-03 ... -6.67888915e-05
   4.93754551e-01 -8.54898341e-01]
 [-6.66421145e-03  5.90420975e-05 -3.47709931e-05 ... -5.39910733e-05
   3.99033830e-01 -6.90725144e-01]
 [ 1.32279780e-06 -7.28927970e-02 -1.16120465e-02 ... -2.44746865e-02
   7.22211839e-02  4.12725061e-02]
 ...
 [-2.29829493e-07  7.88066769e-03  9.34671626e-03 ...  3.41882934e-02
   2.69831968e-02 -1.51420644e-02]
 [-3.05403933e-07 -5.19556540e-03 -6.26524463e-03 ... -2.27534191e-02
   3.59776172e-02 -2.01917808e-02]
 [-4.19547636e-08 -1.09679725e-02  1.22670270e-02 ...  4.49517723e-02
   5.19293506e-03 -2.92317895e-03]]
[2. 2. 2. 2. 2. 2. 2. 2. 2. 2. 2. 2. 2. 2. 2. 2. 2. 2. 2. 2. 2. 2. 2. 2.
 2. 2. 2. 2. 2. 2. 2. 2. 0. 0. 0. 0. 0. 0. 0. 0. 0. 0. 0. 0. 0. 0. 0. 0.
 0. 0. 0. 0. 0. 0. 0. 0. 0. 0. 0. 0. 0. 0. 0. 0. 0. 0. 0. 0. 0. 0. 0. 0.
 0. 0. 0. 0. 0. 0. 0. 0. 0. 0. 0. 0. 0. 0. 0. 0. 0. 0. 0. 0. 0. 0. 0. 0.
 0. 0. 0. 0. 0. 0. 0. 0. 0. 0. 0. 0. 0. 0. 0. 0. 0. 0. 0. 0. 0. 0. 0. 0.
 0. 0. 0. 0. 0. 0. 0. 0. 0. 0. 0. 0. 0. 0. 0. 0. 0. 0. 0. 0. 0. 0. 0. 0.
 0. 0. 0. 0. 0. 0. 0. 0. 0. 0. 0. 0. 0. 0. 0. 0. 0. 0. 0. 0. 0. 0. 0. 0.
 0. 0. 0. 0. 0. 0. 0. 0. 0. 0. 0. 0. 0. 0. 0. 0. 0. 0. 0. 0. 0. 0. 0. 0.
 0. 0. 0. 0. 0. 0. 0. 0. 0. 0. 0. 0. 0. 0. 0. 0.]
start SG
end SG -->  11.572585582733154
    CPU time for vj and vk     16.86 sec, wall time     16.90 sec
E1 = 32.462302031222826  Ecoul = 9.19394938333831  Exc = -26.47515334250981
cycle= 1 E= -87.2898867118374  delta_E= 1.13e-10  |g|= 7.38e-05  |ddm|= 0.000116
    CPU time for cycle= 1     22.67 sec, wall time     22.73 sec
  HOMO = 0.552205446009449  LUMO = 0.848352259828578
  mo_energy =
[-0.28297184 -0.06898652 -0.0689823  -0.06898023 -0.06898017  0.02797317
  0.02797318  0.02797378  0.02797485  0.04451898  0.04451899  0.04452249
  0.0445225   0.04452253  0.04452253  0.30407164  0.30407276  0.30407281
  0.30407538  0.30407543  0.3040766   0.4406587   0.44066087  0.4406609
  0.44066247  0.44066252  0.44066482  0.44066488  0.4406653   0.55220524
  0.55220526  0.55220545  0.84835226  0.8483524   0.84835251  0.87377421
  0.87377421  0.87377482  0.87377484  0.87377491  0.87377493  0.9702713
  0.97027228  0.97027232  0.97027367  0.97027377  0.97027515  0.97027516
  0.97027656  0.99996201  0.99996534  0.99996696  0.99996707  1.18722136
  1.28720858  1.28721004  1.28721005  1.28721377  1.28721378  1.28721539
  1.34870617  1.34870624  1.34870722  1.34870862  1.71544284  1.71544288
  1.71544374  1.71544392  1.72312475  1.72312483  1.72312495  1.72312501
  1.72312656  1.72312718  1.76073513  1.76073524  1.90967626  1.90967631
  1.90967881  1.90967893  1.90967914  1.90968029  1.90968036  1.90968157
  2.04539386  2.0453949   2.0453949   2.04539751  2.04539752  2.04539875
  2.06689436  2.06689456  2.0668946   2.06689553  2.06689573  2.06689636
  2.06689647  2.06689751  2.35048928  2.35048928  2.35048929  2.35048929
  2.35049227  2.35049228  2.4138062   2.41380629  2.4138064   2.48025378
  2.48025402  2.48025457  2.65795466  2.65795475  2.65795539  2.65795594
  2.79523016  2.79523169  2.79523186  2.79523619  2.79523636  2.795238
  2.9021433   2.90214356  2.90214366  2.90214438  2.93357326  2.93357395
  2.93357399  2.93357604  2.93357617  2.93357835  2.93357837  2.93358023
  2.98285388  2.98285399  2.9828551   2.98285593  2.98285608  2.98285749
  2.98285751  2.98285907  2.98624424  2.98624434  2.98624449  2.98624473
  2.98624488  2.98624606  3.02758345  3.02758434  3.02758449  3.02758737
  3.02758755  3.02758881  3.27571649  3.2757173   3.27571731  3.27571804
  3.43518582  3.43518585  3.4351859   3.43518594  3.43518736  3.4351876
  3.56818815  3.56818831  3.61826812  3.61826827  3.61827124  3.61827152
  3.61827191  3.61827294  3.61827319  3.61827463  3.73824051  3.73824068
  3.73824139  4.51147785  4.51147969  4.51147992  4.51148105  4.51148112
  4.51148281  4.51148302  4.51148364  4.62898938  4.62898966  4.62898984
  4.73025837  4.73025964  4.73025993  4.73026297  4.73026322  4.7302642
  8.68668657  9.01552507  9.02761399  9.02786452  9.02822105  9.02822108
  9.02838342  9.02838351  9.02863172  9.02863173  9.02966285  9.0303531
  9.07342208  9.07342221  9.07362074  9.07400671]
nelec by numeric integration = 63.999999999311335
    CPU time for vxc      5.89 sec, wall time      5.91 sec
~/packages/PeriodicIntegrals/PeriodicIntegrals-junjie-benchmark/isdfx/isdfx.py +4733
[[ 5.26855170e-01 -1.41882048e-02  7.07985762e-06 ... -7.27520108e-03
  -9.70026976e-03 -1.40011553e-03]
 [-1.41882048e-02  4.23424408e-04  9.79405554e-06 ...  2.16420693e-04
   2.88561121e-04  4.16504760e-05]
 [ 7.07985762e-06  9.79405554e-06  6.48898438e-01 ... -1.55814045e-02
   1.46116864e-03  8.00873142e-03]
 ...
 [-7.27520108e-03  2.16420693e-04 -1.55814045e-02 ...  1.80205020e-03
   5.18463495e-09  2.29128367e-04]
 [-9.70026976e-03  2.88561121e-04  1.46116864e-03 ...  5.18463495e-09
   1.66978809e-03 -2.36400030e-08]
 [-1.40011553e-03  4.16504760e-05  8.00873142e-03 ...  2.29128367e-04
  -2.36400030e-08  2.06664878e-03]]
[[ 1.71320503e-01  2.80761952e-01 -1.62119012e-01 ... -6.93736414e-05
  -4.93815181e-01 -8.55142151e-01]
 [-6.66399099e-03 -8.75178878e-03  5.05567099e-03 ... -5.60812720e-05
  -3.99080461e-01 -6.90944356e-01]
 [ 1.15603694e-06  2.01314862e-02  3.41159994e-02 ... -2.44751752e-02
  -7.22275985e-02  4.12797121e-02]
 ...
 [-1.35045417e-07 -4.33632632e-03  7.48330977e-03 ...  3.41903666e-02
  -2.69887281e-02 -1.51483452e-02]
 [-1.79025437e-07 -5.74964162e-03  9.97774602e-03 ... -2.27557584e-02
  -3.59849922e-02 -2.02002455e-02]
 [-2.37142998e-08 -7.13431818e-04  1.44016240e-03 ...  4.49555433e-02
  -5.19399943e-03 -2.92473701e-03]]
[2. 2. 2. 2. 2. 2. 2. 2. 2. 2. 2. 2. 2. 2. 2. 2. 2. 2. 2. 2. 2. 2. 2. 2.
 2. 2. 2. 2. 2. 2. 2. 2. 0. 0. 0. 0. 0. 0. 0. 0. 0. 0. 0. 0. 0. 0. 0. 0.
 0. 0. 0. 0. 0. 0. 0. 0. 0. 0. 0. 0. 0. 0. 0. 0. 0. 0. 0. 0. 0. 0. 0. 0.
 0. 0. 0. 0. 0. 0. 0. 0. 0. 0. 0. 0. 0. 0. 0. 0. 0. 0. 0. 0. 0. 0. 0. 0.
 0. 0. 0. 0. 0. 0. 0. 0. 0. 0. 0. 0. 0. 0. 0. 0. 0. 0. 0. 0. 0. 0. 0. 0.
 0. 0. 0. 0. 0. 0. 0. 0. 0. 0. 0. 0. 0. 0. 0. 0. 0. 0. 0. 0. 0. 0. 0. 0.
 0. 0. 0. 0. 0. 0. 0. 0. 0. 0. 0. 0. 0. 0. 0. 0. 0. 0. 0. 0. 0. 0. 0. 0.
 0. 0. 0. 0. 0. 0. 0. 0. 0. 0. 0. 0. 0. 0. 0. 0. 0. 0. 0. 0. 0. 0. 0. 0.
 0. 0. 0. 0. 0. 0. 0. 0. 0. 0. 0. 0. 0. 0. 0. 0.]
start SG
end SG -->  11.614023923873901
    CPU time for vj and vk     16.90 sec, wall time     16.94 sec
E1 = 32.46230151650887  Ecoul = 9.193950064784849  Exc = -26.475153508745205
Extra cycle  E= -87.2898867113402  delta_E= 4.97e-10  |g|= 8.78e-05  |ddm|= 0.000126
    CPU time for scf_cycle     69.23 sec, wall time     69.40 sec
    CPU time for SCF     69.29 sec, wall time     69.46 sec
converged SCF energy = -87.2898867113402
Successfully saved all results to /central/scratch/yangjunjie//run-scf-spc-diamond-prim-2-2-2-fftdf-occri-1-100-/48098879/scf.h5
