SLURMD_NODENAME = hpc-54-02
Start time = Mon Mar 17 04:17:47 PM PDT 2025
OMP_NUM_THREADS = 1
MKL_NUM_THREADS = 1
PYSCF_MAX_MEMORY = 409600
TMPDIR = /central/scratch/yangjunjie//run-scf-spc-diamond-prim-2-2-2-fftdf-occri-1-100-/48050872/
PYSCF_TMPDIR = /central/scratch/yangjunjie//run-scf-spc-diamond-prim-2-2-2-fftdf-occri-1-100-/48050872/

/home/junjiey/anaconda3/envs/fftisdf/bin/python
2.8.0
1.13.1
2.0.2
fft_engine = NUMPY+BLAS
name = diamond-prim
ke_cutoff =  1.00e+02
exxdiv = None
df = fftdf-occri
chk_path = ../../gdf-32/tmp/scf.h5
mesh = 2,2,2

Discarded 6 diffused primitive functions, 0 contracted functions
ke_cutoff = 100.0
None

******** <class 'ISDFX'> ********
lin_dep_thresh: 1e-10
alpha_cutoff: 2.8
rcut_epsilon: 1e-05
ke_epsilon: 1e-05
isdf_thresh: 0.0001
grid_vol_cutoff: 0.05
ke_step: 2.0
ao_tol: 1e-12
multigrid_on: False
direct_j: True
iterative_build: True
occRI: True
voronoi: True
fit_sparse_grid: False
fit_dense_grid: False
direct_k_sparse: True
direct_k: False
use_kpt_symm: False
kmesh: [1, 1, 1]
isdf_pts_from_q0: True
isdf_pts_from_gamma_point: False
alpha: None
do_real_isdf: False
N_xi: None
use_cell_periodic: False
isdf_thresh_sparse: None
ncopy: [1, 1, 1]
j_grid_mesh: None
k_grid_mesh: None
num_j_grids: 100
get_ao_from_pyscf: False
nuc_pp_version: 0
vppnl_ver: 0
universal_dense_grid: None
same_jk_grids: None
coulomb_only: False
max_memory   409600 MB (current use       92 MB)

Exchange function: getK_occRI  

cell mesh: [47 47 47]
nbas:  192
Grid     keMax    keMin    keGrid   expMax   expMin   nexp     lmax     PWs      mesh        
0        100.0    100.0    100.0    5.6      0.3      4        2        103823   [47 47 47]  

ISDF

atm      grid     Ng       NI       Nxi      sharp    on_grid  diffuse  maxexp   minexp   lmax     lmin    
-        1        103823   103823   103823   576      576      576      5.61     0.35     2        0       
ISDF-pts:       0.00
ISDF-vec:       0.00
Fit dense grids ISDF:       0.00
Fit sparse grids ISDF:       0.00

Grid     PWs      Ng_i     N_xi     N_mu    
0        103823   103823   103823   576     
1        103823   103823   103823   576     

nTHC: 207646
Mem Required (MB):       0.00
Curent RAM Use (MB) :        590 

Build W
ISDF-fft dense grids (sec):       0.00
Curent RAM Use (MB) :        590 
ISDF-fft:       0.00

Initial guess from minao.
Successfully loaded dm0 from ../../gdf-32/tmp/scf.h5
~/packages/PeriodicIntegrals/PeriodicIntegrals-junjie-benchmark/isdfx/isdfx.py +4733
[[ 5.26855036e-01 -1.41882092e-02  7.56084978e-06 ... -7.27508003e-03
  -9.70010837e-03 -1.40009224e-03]
 [-1.41882092e-02  4.23422566e-04  9.74736857e-06 ...  2.16418229e-04
   2.88557836e-04  4.16500018e-05]
 [ 7.56084978e-06  9.74736857e-06  6.48895895e-01 ... -1.55812716e-02
   1.46099405e-03  8.00859935e-03]
 ...
 [-7.27508003e-03  2.16418229e-04 -1.55812716e-02 ...  1.80201864e-03
   5.58137812e-09  2.29128023e-04]
 [-9.70010837e-03  2.88557836e-04  1.46099405e-03 ...  5.58137812e-09
   1.66975589e-03 -2.23008497e-08]
 [-1.40009224e-03  4.16500018e-05  8.00859935e-03 ...  2.29128023e-04
  -2.23008497e-08  2.06661500e-03]]
[[ 1.71319019e-01  2.80739589e-01 -1.62116336e-01 ... -6.89782044e-05
   4.94184557e-01 -8.55712448e-01]
 [-6.66392695e-03 -8.75108711e-03  5.05561330e-03 ... -5.57270448e-05
   3.99134311e-01 -6.90974654e-01]
 [ 1.10507086e-06  2.05462122e-02  3.41153061e-02 ... -2.45709669e-02
   7.23699959e-02  4.13636790e-02]
 ...
 [-1.12724054e-07 -4.35204640e-03  7.48321802e-03 ...  3.42248269e-02
   2.70120176e-02 -1.51646802e-02]
 [-1.49262855e-07 -5.73838990e-03  9.97762844e-03 ... -2.27793710e-02
   3.60160468e-02 -2.02220260e-02]
 [-1.94183796e-08 -6.00506389e-04  1.44014593e-03 ...  4.49773607e-02
   5.19848209e-03 -2.92784360e-03]]
[2. 2. 2. 2. 2. 2. 2. 2. 2. 2. 2. 2. 2. 2. 2. 2. 2. 2. 2. 2. 2. 2. 2. 2.
 2. 2. 2. 2. 2. 2. 2. 2. 0. 0. 0. 0. 0. 0. 0. 0. 0. 0. 0. 0. 0. 0. 0. 0.
 0. 0. 0. 0. 0. 0. 0. 0. 0. 0. 0. 0. 0. 0. 0. 0. 0. 0. 0. 0. 0. 0. 0. 0.
 0. 0. 0. 0. 0. 0. 0. 0. 0. 0. 0. 0. 0. 0. 0. 0. 0. 0. 0. 0. 0. 0. 0. 0.
 0. 0. 0. 0. 0. 0. 0. 0. 0. 0. 0. 0. 0. 0. 0. 0. 0. 0. 0. 0. 0. 0. 0. 0.
 0. 0. 0. 0. 0. 0. 0. 0. 0. 0. 0. 0. 0. 0. 0. 0. 0. 0. 0. 0. 0. 0. 0. 0.
 0. 0. 0. 0. 0. 0. 0. 0. 0. 0. 0. 0. 0. 0. 0. 0. 0. 0. 0. 0. 0. 0. 0. 0.
 0. 0. 0. 0. 0. 0. 0. 0. 0. 0. 0. 0. 0. 0. 0. 0. 0. 0. 0. 0. 0. 0. 0. 0.
 0. 0. 0. 0. 0. 0. 0. 0. 0. 0. 0. 0. 0. 0. 0. 0.]
~/packages/PeriodicIntegrals/PeriodicIntegrals-junjie-benchmark/isdfx/isdfx.py +4733
[[ 5.26855036e-01 -1.41882092e-02  7.56084978e-06 ... -7.27508003e-03
  -9.70010837e-03 -1.40009224e-03]
 [-1.41882092e-02  4.23422566e-04  9.74736857e-06 ...  2.16418229e-04
   2.88557836e-04  4.16500018e-05]
 [ 7.56084978e-06  9.74736857e-06  6.48895895e-01 ... -1.55812716e-02
   1.46099405e-03  8.00859935e-03]
 ...
 [-7.27508003e-03  2.16418229e-04 -1.55812716e-02 ...  1.80201864e-03
   5.58137812e-09  2.29128023e-04]
 [-9.70010837e-03  2.88557836e-04  1.46099405e-03 ...  5.58137812e-09
   1.66975589e-03 -2.23008497e-08]
 [-1.40009224e-03  4.16500018e-05  8.00859935e-03 ...  2.29128023e-04
  -2.23008497e-08  2.06661500e-03]]
[[ 1.71319019e-01  2.80739589e-01 -1.62116336e-01 ... -6.89782044e-05
   4.94184557e-01 -8.55712448e-01]
 [-6.66392695e-03 -8.75108711e-03  5.05561330e-03 ... -5.57270448e-05
   3.99134311e-01 -6.90974654e-01]
 [ 1.10507086e-06  2.05462122e-02  3.41153061e-02 ... -2.45709669e-02
   7.23699959e-02  4.13636790e-02]
 ...
 [-1.12724054e-07 -4.35204640e-03  7.48321802e-03 ...  3.42248269e-02
   2.70120176e-02 -1.51646802e-02]
 [-1.49262855e-07 -5.73838990e-03  9.97762844e-03 ... -2.27793710e-02
   3.60160468e-02 -2.02220260e-02]
 [-1.94183796e-08 -6.00506389e-04  1.44014593e-03 ...  4.49773607e-02
   5.19848209e-03 -2.92784360e-03]]
[2. 2. 2. 2. 2. 2. 2. 2. 2. 2. 2. 2. 2. 2. 2. 2. 2. 2. 2. 2. 2. 2. 2. 2.
 2. 2. 2. 2. 2. 2. 2. 2. 0. 0. 0. 0. 0. 0. 0. 0. 0. 0. 0. 0. 0. 0. 0. 0.
 0. 0. 0. 0. 0. 0. 0. 0. 0. 0. 0. 0. 0. 0. 0. 0. 0. 0. 0. 0. 0. 0. 0. 0.
 0. 0. 0. 0. 0. 0. 0. 0. 0. 0. 0. 0. 0. 0. 0. 0. 0. 0. 0. 0. 0. 0. 0. 0.
 0. 0. 0. 0. 0. 0. 0. 0. 0. 0. 0. 0. 0. 0. 0. 0. 0. 0. 0. 0. 0. 0. 0. 0.
 0. 0. 0. 0. 0. 0. 0. 0. 0. 0. 0. 0. 0. 0. 0. 0. 0. 0. 0. 0. 0. 0. 0. 0.
 0. 0. 0. 0. 0. 0. 0. 0. 0. 0. 0. 0. 0. 0. 0. 0. 0. 0. 0. 0. 0. 0. 0. 0.
 0. 0. 0. 0. 0. 0. 0. 0. 0. 0. 0. 0. 0. 0. 0. 0. 0. 0. 0. 0. 0. 0. 0. 0.
 0. 0. 0. 0. 0. 0. 0. 0. 0. 0. 0. 0. 0. 0. 0. 0.]
start SG
end SG -->  8.284316539764404


******** <class 'pyscf.pbc.dft.rks.RKS'> ********
method = RKS
initial guess = minao
damping factor = 0
level_shift factor = 0
DIIS = <class 'pyscf.scf.diis.CDIIS'>
diis_start_cycle = 1
diis_space = 8
diis_damp = 0
SCF conv_tol = 1e-08
SCF conv_tol_grad = None
SCF max_cycles = 50
direct_scf = True
direct_scf_tol = 1e-13
chkfile to save SCF result = /central/scratch/yangjunjie/run-scf-spc-diamond-prim-2-2-2-fftdf-occri-1-100-/48050872/tmph25q1e04
max_memory 409600 MB (current use 654 MB)
******** PBC SCF flags ********
kpt = [0. 0. 0.]
Exchange divergence treatment (exxdiv) = None
DF object = <isdfx.isdfx.ISDFX object at 0x7f16181187f0>
XC functionals = PBE0
small_rho_cutoff = 1e-07
Set gradient conv threshold to 0.0001
nelec by numeric integration = 63.99999999931137
    CPU time for vxc      5.21 sec, wall time      5.22 sec
~/packages/PeriodicIntegrals/PeriodicIntegrals-junjie-benchmark/isdfx/isdfx.py +4733
[[ 5.26855036e-01 -1.41882092e-02  7.56084978e-06 ... -7.27508003e-03
  -9.70010837e-03 -1.40009224e-03]
 [-1.41882092e-02  4.23422566e-04  9.74736857e-06 ...  2.16418229e-04
   2.88557836e-04  4.16500018e-05]
 [ 7.56084978e-06  9.74736857e-06  6.48895895e-01 ... -1.55812716e-02
   1.46099405e-03  8.00859935e-03]
 ...
 [-7.27508003e-03  2.16418229e-04 -1.55812716e-02 ...  1.80201864e-03
   5.58137812e-09  2.29128023e-04]
 [-9.70010837e-03  2.88557836e-04  1.46099405e-03 ...  5.58137812e-09
   1.66975589e-03 -2.23008497e-08]
 [-1.40009224e-03  4.16500018e-05  8.00859935e-03 ...  2.29128023e-04
  -2.23008497e-08  2.06661500e-03]]
[[ 1.71319019e-01  2.80739589e-01 -1.62116336e-01 ... -6.89782044e-05
   4.94184557e-01 -8.55712448e-01]
 [-6.66392695e-03 -8.75108711e-03  5.05561330e-03 ... -5.57270448e-05
   3.99134311e-01 -6.90974654e-01]
 [ 1.10507086e-06  2.05462122e-02  3.41153061e-02 ... -2.45709669e-02
   7.23699959e-02  4.13636790e-02]
 ...
 [-1.12724054e-07 -4.35204640e-03  7.48321802e-03 ...  3.42248269e-02
   2.70120176e-02 -1.51646802e-02]
 [-1.49262855e-07 -5.73838990e-03  9.97762844e-03 ... -2.27793710e-02
   3.60160468e-02 -2.02220260e-02]
 [-1.94183796e-08 -6.00506389e-04  1.44014593e-03 ...  4.49773607e-02
   5.19848209e-03 -2.92784360e-03]]
[2. 2. 2. 2. 2. 2. 2. 2. 2. 2. 2. 2. 2. 2. 2. 2. 2. 2. 2. 2. 2. 2. 2. 2.
 2. 2. 2. 2. 2. 2. 2. 2. 0. 0. 0. 0. 0. 0. 0. 0. 0. 0. 0. 0. 0. 0. 0. 0.
 0. 0. 0. 0. 0. 0. 0. 0. 0. 0. 0. 0. 0. 0. 0. 0. 0. 0. 0. 0. 0. 0. 0. 0.
 0. 0. 0. 0. 0. 0. 0. 0. 0. 0. 0. 0. 0. 0. 0. 0. 0. 0. 0. 0. 0. 0. 0. 0.
 0. 0. 0. 0. 0. 0. 0. 0. 0. 0. 0. 0. 0. 0. 0. 0. 0. 0. 0. 0. 0. 0. 0. 0.
 0. 0. 0. 0. 0. 0. 0. 0. 0. 0. 0. 0. 0. 0. 0. 0. 0. 0. 0. 0. 0. 0. 0. 0.
 0. 0. 0. 0. 0. 0. 0. 0. 0. 0. 0. 0. 0. 0. 0. 0. 0. 0. 0. 0. 0. 0. 0. 0.
 0. 0. 0. 0. 0. 0. 0. 0. 0. 0. 0. 0. 0. 0. 0. 0. 0. 0. 0. 0. 0. 0. 0. 0.
 0. 0. 0. 0. 0. 0. 0. 0. 0. 0. 0. 0. 0. 0. 0. 0.]
start SG
end SG -->  8.18387222290039
    CPU time for vj and vk     12.25 sec, wall time     12.29 sec
E1 = 32.46229603821776  Ecoul = 9.1939598026155  Exc = -26.475157836400946
init E= -87.2898867794564
    CPU time for initialize scf     22.82 sec, wall time     22.89 sec
  HOMO = 0.552205591159719  LUMO = 0.848352390071108
  mo_energy =
[-0.28297174 -0.06898425 -0.06898419 -0.06898219 -0.06897816  0.0279727
  0.02797389  0.02797441  0.02797442  0.04452013  0.04452015  0.04452017
  0.04452018  0.04452403  0.04452406  0.30407277  0.30407353  0.30407358
  0.30407488  0.30407493  0.30407575  0.44065945  0.4406595   0.44066126
  0.44066262  0.44066267  0.4406645   0.44066451  0.44066708  0.55220538
  0.55220541  0.55220559  0.84835239  0.84835253  0.84835264  0.87377433
  0.87377435  0.87377443  0.87377446  0.87377544  0.87377544  0.97027217
  0.97027222  0.97027243  0.9702738   0.9702739   0.97027495  0.97027502
  0.97027677  0.99996388  0.99996398  0.99996545  0.9999685   1.18722154
  1.28721125  1.2872118   1.28721181  1.28721241  1.28721242  1.2872131
  1.34870476  1.34870742  1.3487084   1.34870847  1.71544114  1.71544383
  1.71544439  1.71544443  1.72312488  1.72312495  1.7231251   1.72312516
  1.72312698  1.7231276   1.76073523  1.76073534  1.90967834  1.90967876
  1.90967884  1.90967896  1.90967909  1.90967958  1.90967961  1.90967972
  2.04539483  2.0453956   2.0453956   2.04539702  2.04539702  2.04539799
  2.06689424  2.06689494  2.06689502  2.06689563  2.06689583  2.06689642
  2.06689645  2.06689732  2.35048925  2.35048925  2.35049097  2.35049097
  2.35049097  2.35049098  2.41380635  2.41380645  2.41380655  2.48025397
  2.48025422  2.48025476  2.65795345  2.6579555   2.65795608  2.65795618
  2.79523359  2.79523407  2.79523416  2.79523424  2.79523435  2.79523493
  2.90214346  2.90214374  2.90214406  2.90214434  2.93357299  2.93357306
  2.93357614  2.93357623  2.93357635  2.93357831  2.9335784   2.93358035
  2.98285494  2.98285508  2.98285609  2.98285615  2.98285624  2.98285691
  2.982857    2.98285786  2.98624438  2.9862445   2.98624453  2.98624478
  2.98624493  2.98624633  3.02758537  3.02758572  3.0275859   3.02758628
  3.02758642  3.02758718  3.27571593  3.27571594  3.27571816  3.27571961
  3.43518589  3.43518613  3.43518681  3.43518684  3.43518689  3.43518693
  3.56818828  3.56818844  3.61827052  3.61827081  3.61827099  3.61827139
  3.61827168  3.61827183  3.61827287  3.61827298  3.73824065  3.73824083
  3.73824153  4.51147878  4.51147894  4.51147931  4.51148121  4.51148129
  4.51148285  4.51148304  4.51148504  4.62898961  4.62898989  4.62899008
  4.73026035  4.73026112  4.73026134  4.73026172  4.73026204  4.73026245
  8.68668699  9.0155235   9.02760958  9.02785779  9.02821045  9.02821049
  9.02837675  9.02837684  9.02862899  9.028629    9.02968352  9.0303885
  9.07341562  9.07341575  9.07362205  9.07402265]
nelec by numeric integration = 63.99999999931132
    CPU time for vxc      4.40 sec, wall time      4.41 sec
~/packages/PeriodicIntegrals/PeriodicIntegrals-junjie-benchmark/isdfx/isdfx.py +4733
[[ 5.26854671e-01 -1.41881928e-02  7.27763034e-06 ... -7.27518002e-03
  -9.70024167e-03 -1.40011148e-03]
 [-1.41881928e-02  4.23424546e-04  9.78418114e-06 ...  2.16420571e-04
   2.88560960e-04  4.16504523e-05]
 [ 7.27763034e-06  9.78418114e-06  6.48895956e-01 ... -1.55813508e-02
   1.46114848e-03  8.00869745e-03]
 ...
 [-7.27518002e-03  2.16420571e-04 -1.55813508e-02 ...  1.80204642e-03
   3.78132707e-09  2.29128734e-04]
 [-9.70024167e-03  2.88560960e-04  1.46114848e-03 ...  3.78132707e-09
   1.66978628e-03 -2.75150248e-08]
 [-1.40011148e-03  4.16504523e-05  8.00869745e-03 ...  2.29128734e-04
  -2.75150248e-08  2.06665082e-03]]
[[ 1.71327040e-01 -1.88957853e-03  1.12093496e-03 ... -6.62854201e-05
  -4.93754630e-01 -8.54898419e-01]
 [-6.66421176e-03  5.89000378e-05 -3.49407071e-05 ... -5.35841064e-05
  -3.99033901e-01 -6.90725218e-01]
 [ 1.32295622e-06 -7.29047445e-02 -1.15352061e-02 ... -2.47197056e-02
  -7.22211869e-02  4.12724496e-02]
 ...
 [-2.29741356e-07  7.89043273e-03  9.33837337e-03 ...  3.42338535e-02
  -2.69831988e-02 -1.51420441e-02]
 [-3.05277339e-07 -5.20221914e-03 -6.25985340e-03 ... -2.27837986e-02
  -3.59776206e-02 -2.01917984e-02]
 [-4.19330789e-08 -1.09550849e-02  1.22785351e-02 ...  4.48883892e-02
  -5.19293612e-03 -2.92317554e-03]]
[2. 2. 2. 2. 2. 2. 2. 2. 2. 2. 2. 2. 2. 2. 2. 2. 2. 2. 2. 2. 2. 2. 2. 2.
 2. 2. 2. 2. 2. 2. 2. 2. 0. 0. 0. 0. 0. 0. 0. 0. 0. 0. 0. 0. 0. 0. 0. 0.
 0. 0. 0. 0. 0. 0. 0. 0. 0. 0. 0. 0. 0. 0. 0. 0. 0. 0. 0. 0. 0. 0. 0. 0.
 0. 0. 0. 0. 0. 0. 0. 0. 0. 0. 0. 0. 0. 0. 0. 0. 0. 0. 0. 0. 0. 0. 0. 0.
 0. 0. 0. 0. 0. 0. 0. 0. 0. 0. 0. 0. 0. 0. 0. 0. 0. 0. 0. 0. 0. 0. 0. 0.
 0. 0. 0. 0. 0. 0. 0. 0. 0. 0. 0. 0. 0. 0. 0. 0. 0. 0. 0. 0. 0. 0. 0. 0.
 0. 0. 0. 0. 0. 0. 0. 0. 0. 0. 0. 0. 0. 0. 0. 0. 0. 0. 0. 0. 0. 0. 0. 0.
 0. 0. 0. 0. 0. 0. 0. 0. 0. 0. 0. 0. 0. 0. 0. 0. 0. 0. 0. 0. 0. 0. 0. 0.
 0. 0. 0. 0. 0. 0. 0. 0. 0. 0. 0. 0. 0. 0. 0. 0.]
start SG
end SG -->  8.178648710250854
    CPU time for vj and vk     12.27 sec, wall time     12.31 sec
E1 = 32.46230193053014  Ecoul = 9.193949432024358  Exc = -26.47515335800869
cycle= 1 E= -87.289886779343  delta_E= 1.13e-10  |g|= 7.38e-05  |ddm|= 0.000116
    CPU time for cycle= 1     16.67 sec, wall time     16.74 sec
  HOMO = 0.552205443409109  LUMO = 0.848352262879305
  mo_energy =
[-0.28297185 -0.06898652 -0.0689823  -0.06898023 -0.06898017  0.02797317
  0.02797318  0.02797378  0.02797485  0.04451898  0.04451899  0.04452249
  0.0445225   0.04452253  0.04452253  0.30407164  0.30407276  0.30407281
  0.30407538  0.30407543  0.30407661  0.4406587   0.44066087  0.4406609
  0.44066247  0.44066252  0.44066482  0.44066487  0.4406653   0.55220524
  0.55220526  0.55220544  0.84835226  0.8483524   0.84835251  0.87377421
  0.87377421  0.87377482  0.87377483  0.87377491  0.87377493  0.9702713
  0.97027228  0.97027232  0.97027367  0.97027377  0.97027515  0.97027516
  0.97027656  0.999962    0.99996534  0.99996696  0.99996706  1.18722134
  1.28720857  1.28721004  1.28721005  1.28721377  1.28721378  1.28721539
  1.34870616  1.34870623  1.34870722  1.34870862  1.71544283  1.71544288
  1.71544373  1.71544392  1.72312475  1.72312482  1.72312494  1.72312501
  1.72312655  1.72312718  1.76073513  1.76073524  1.90967626  1.9096763
  1.90967881  1.90967893  1.90967914  1.90968029  1.90968036  1.90968157
  2.04539386  2.0453949   2.0453949   2.04539751  2.04539752  2.04539876
  2.06689435  2.06689456  2.06689459  2.06689553  2.06689573  2.06689636
  2.06689647  2.06689751  2.35048928  2.35048929  2.35048929  2.35048929
  2.35049228  2.35049228  2.4138062   2.41380629  2.4138064   2.48025379
  2.48025403  2.48025457  2.65795465  2.65795475  2.65795537  2.65795593
  2.79523015  2.79523169  2.79523186  2.79523619  2.79523636  2.795238
  2.9021433   2.90214356  2.90214366  2.90214439  2.93357325  2.93357395
  2.93357399  2.93357604  2.93357617  2.93357834  2.93357836  2.93358023
  2.98285388  2.98285399  2.9828551   2.98285593  2.98285609  2.98285748
  2.98285751  2.98285907  2.98624422  2.98624432  2.98624447  2.98624471
  2.98624486  2.98624604  3.02758344  3.02758434  3.02758449  3.02758737
  3.02758754  3.02758881  3.27571646  3.27571727  3.27571728  3.275718
  3.43518582  3.43518585  3.43518591  3.43518595  3.43518737  3.43518761
  3.56818814  3.5681883   3.61826813  3.61826828  3.61827125  3.61827153
  3.61827192  3.61827295  3.6182732   3.61827464  3.73824049  3.73824066
  3.73824136  4.51147785  4.5114797   4.51147993  4.51148105  4.51148113
  4.51148282  4.51148303  4.51148365  4.62898944  4.62898972  4.6289899
  4.73025832  4.7302596   4.73025988  4.73026292  4.73026318  4.73026416
  8.68668662  9.01552513  9.02761406  9.02786459  9.02822111  9.02822114
  9.02838348  9.02838357  9.02863178  9.02863179  9.0296629   9.03035316
  9.07342214  9.07342227  9.0736208   9.07400677]
nelec by numeric integration = 63.99999999931133
    CPU time for vxc      4.40 sec, wall time      4.41 sec
~/packages/PeriodicIntegrals/PeriodicIntegrals-junjie-benchmark/isdfx/isdfx.py +4733
[[ 5.26855174e-01 -1.41882065e-02  7.08009163e-06 ... -7.27520078e-03
  -9.70026935e-03 -1.40011547e-03]
 [-1.41882065e-02  4.23424498e-04  9.79391165e-06 ...  2.16420713e-04
   2.88561149e-04  4.16504796e-05]
 [ 7.08009163e-06  9.79391165e-06  6.48898437e-01 ... -1.55814044e-02
   1.46116866e-03  8.00873133e-03]
 ...
 [-7.27520078e-03  2.16420713e-04 -1.55814044e-02 ...  1.80205015e-03
   5.18541940e-09  2.29128354e-04]
 [-9.70026935e-03  2.88561149e-04  1.46116866e-03 ...  5.18541940e-09
   1.66978805e-03 -2.36499862e-08]
 [-1.40011547e-03  4.16504796e-05  8.00873133e-03 ...  2.29128354e-04
  -2.36499862e-08  2.06664871e-03]]
[[ 1.71320501e-01  2.80762038e-01 -1.62118880e-01 ... -6.88515257e-05
  -4.93815279e-01 -8.55142245e-01]
 [-6.66399127e-03 -8.75179245e-03  5.05566748e-03 ... -5.56592300e-05
  -3.99080548e-01 -6.90944444e-01]
 [ 1.15620545e-06  2.01305186e-02  3.41160608e-02 ... -2.47205069e-02
  -7.22276007e-02  4.12796540e-02]
 ...
 [-1.34946092e-07 -4.33613138e-03  7.48329800e-03 ...  3.42359868e-02
  -2.69887309e-02 -1.51483244e-02]
 [-1.78884380e-07 -5.74977828e-03  9.97774917e-03 ... -2.27861771e-02
  -3.59849962e-02 -2.02002643e-02]
 [-2.36904608e-08 -7.13410324e-04  1.44016347e-03 ...  4.48920771e-02
  -5.19400047e-03 -2.92473353e-03]]
[2. 2. 2. 2. 2. 2. 2. 2. 2. 2. 2. 2. 2. 2. 2. 2. 2. 2. 2. 2. 2. 2. 2. 2.
 2. 2. 2. 2. 2. 2. 2. 2. 0. 0. 0. 0. 0. 0. 0. 0. 0. 0. 0. 0. 0. 0. 0. 0.
 0. 0. 0. 0. 0. 0. 0. 0. 0. 0. 0. 0. 0. 0. 0. 0. 0. 0. 0. 0. 0. 0. 0. 0.
 0. 0. 0. 0. 0. 0. 0. 0. 0. 0. 0. 0. 0. 0. 0. 0. 0. 0. 0. 0. 0. 0. 0. 0.
 0. 0. 0. 0. 0. 0. 0. 0. 0. 0. 0. 0. 0. 0. 0. 0. 0. 0. 0. 0. 0. 0. 0. 0.
 0. 0. 0. 0. 0. 0. 0. 0. 0. 0. 0. 0. 0. 0. 0. 0. 0. 0. 0. 0. 0. 0. 0. 0.
 0. 0. 0. 0. 0. 0. 0. 0. 0. 0. 0. 0. 0. 0. 0. 0. 0. 0. 0. 0. 0. 0. 0. 0.
 0. 0. 0. 0. 0. 0. 0. 0. 0. 0. 0. 0. 0. 0. 0. 0. 0. 0. 0. 0. 0. 0. 0. 0.
 0. 0. 0. 0. 0. 0. 0. 0. 0. 0. 0. 0. 0. 0. 0. 0.]
start SG
end SG -->  8.28238320350647
    CPU time for vj and vk     12.45 sec, wall time     12.49 sec
E1 = 32.46230142071557  Ecoul = 9.193950106223468  Exc = -26.47515352189606
Extra cycle  E= -87.2898867788458  delta_E= 4.97e-10  |g|= 8.78e-05  |ddm|= 0.000126
    CPU time for scf_cycle     56.35 sec, wall time     56.55 sec
    CPU time for SCF     56.63 sec, wall time     56.83 sec
converged SCF energy = -87.2898867788458
Successfully saved all results to /central/scratch/yangjunjie//run-scf-spc-diamond-prim-2-2-2-fftdf-occri-1-100-/48050872/scf.h5
