SLURMD_NODENAME = hpc-21-35
Start time = Wed Mar 19 04:24:19 PM PDT 2025
OMP_NUM_THREADS = 1
MKL_NUM_THREADS = 1
PYSCF_MAX_MEMORY = 409600
TMPDIR = /central/scratch/yangjunjie//run-scf-spc-diamond-conv-1-1-2-fftdf-occri-1-100-/48098904/
PYSCF_TMPDIR = /central/scratch/yangjunjie//run-scf-spc-diamond-conv-1-1-2-fftdf-occri-1-100-/48098904/

/home/junjiey/anaconda3/envs/fftisdf/bin/python
2.8.0
1.13.1
2.0.2
fft_engine = NUMPY+BLAS
name = diamond-conv
ke_cutoff =  1.00e+02
exxdiv = None
df = fftdf-occri
chk_path = ../../gdf-64/tmp/scf.h5
mesh = 1,1,2

Discarded 24 diffused primitive functions, 0 contracted functions
ke_cutoff = 100.0
None

******** <class 'ISDFX'> ********
lin_dep_thresh: 1e-10
alpha_cutoff: 2.8
rcut_epsilon: 1e-05
ke_epsilon: 1e-05
isdf_thresh: 0.0001
grid_vol_cutoff: 0.05
ke_step: 2.0
ao_tol: 1e-12
multigrid_on: False
direct_j: True
iterative_build: True
occRI: True
voronoi: True
fit_sparse_grid: False
fit_dense_grid: False
direct_k_sparse: True
direct_k: False
use_kpt_symm: False
kmesh: [1, 1, 1]
isdf_pts_from_q0: True
isdf_pts_from_gamma_point: False
alpha: None
do_real_isdf: False
N_xi: None
use_cell_periodic: False
isdf_thresh_sparse: None
ncopy: [1, 1, 1]
j_grid_mesh: None
k_grid_mesh: None
num_j_grids: 100
get_ao_from_pyscf: False
nuc_pp_version: 0
vppnl_ver: 0
universal_dense_grid: None
same_jk_grids: None
coulomb_only: False
max_memory   409600 MB (current use       90 MB)

Exchange function: getK_occRI  

cell mesh: [33 33 67]
nbas:  192
Grid     keMax    keMin    keGrid   expMax   expMin   nexp     lmax     PWs      mesh        
0        100.0    100.0    100.0    5.6      0.3      4        2        72963    [33 33 67]  

ISDF

atm      grid     Ng       NI       Nxi      sharp    on_grid  diffuse  maxexp   minexp   lmax     lmin    
-        1        72963    72963    72963    576      576      576      5.61     0.35     2        0       
ISDF-pts:       0.00
ISDF-vec:       0.00
Fit dense grids ISDF:       0.00
Fit sparse grids ISDF:       0.00

Grid     PWs      Ng_i     N_xi     N_mu    
0        72963    72963    72963    576     
1        72963    72963    72963    576     

nTHC: 145926
Mem Required (MB):       0.00
Curent RAM Use (MB) :        444 

Build W
ISDF-fft dense grids (sec):       0.00
Curent RAM Use (MB) :        444 
ISDF-fft:       0.00

Initial guess from minao.
Big error detected in the electron number of initial guess density matrix (Ne/cell = 63.9864)!
  This can cause huge error in Fock matrix and lead to instability in SCF for low-dimensional systems.
  DM is normalized wrt the number of electrons 64
Successfully loaded dm0 from ../../gdf-64/tmp/scf.h5
Successfully loaded h1e and s1e from ../../gdf-64/tmp/scf.h5
~/packages/PeriodicIntegrals/PeriodicIntegrals-junjie-benchmark/isdfx/isdfx.py +4733
[[ 5.92609815e-01 -2.07733389e-02 -1.49372130e-10 ...  3.29312158e-03
  -3.30285561e-03  3.70092513e-13]
 [-2.07733389e-02  8.44685909e-04 -2.19985986e-13 ... -2.09902515e-04
   1.65272475e-04 -3.14162051e-14]
 [-1.49372130e-10 -2.19985986e-13  6.49906929e-01 ...  1.14960616e-04
   2.10995193e-03  3.14505479e-03]
 ...
 [ 3.29312158e-03 -2.09902515e-04  1.14960616e-04 ...  4.46214761e-04
   2.63029861e-08  5.06136808e-15]
 [-3.30285561e-03  1.65272475e-04  2.10995193e-03 ...  2.63029861e-08
   2.26887108e-03  4.99288212e-08]
 [ 3.70092513e-13 -3.14162051e-14  3.14505479e-03 ...  5.06136808e-15
   4.99288212e-08  6.71985021e-04]]
[[ 1.71226849e-01 -1.71868240e-05  2.07241950e-01 ...  2.53713975e-09
  -1.68779379e-11 -1.15456586e+00]
 [-6.74284167e-03  7.43617084e-06 -4.11327152e-03 ...  2.30828178e-09
  -1.52033296e-11 -1.06092267e+00]
 [-9.60292207e-11 -1.84901929e-10 -1.78625099e-11 ... -5.27919961e-02
   1.46195141e-11 -1.18363862e-10]
 ...
 [-6.95558329e-05  1.20762008e-03  1.20741071e-03 ... -1.84653824e-02
  -3.87304918e-12 -4.53892981e-03]
 [ 1.02250060e-07  6.87865353e-08  1.96724149e-07 ...  3.72782486e-05
  -5.79794753e-02 -4.16962067e-02]
 [ 1.72659611e-13 -1.25212434e-14 -4.37909030e-13 ... -2.06923938e-04
   8.52717545e-06 -2.00889116e-13]]
[2. 2. 2. 2. 2. 2. 2. 2. 2. 2. 2. 2. 2. 2. 2. 2. 2. 2. 2. 2. 2. 2. 2. 2.
 2. 2. 2. 2. 2. 2. 2. 2. 0. 0. 0. 0. 0. 0. 0. 0. 0. 0. 0. 0. 0. 0. 0. 0.
 0. 0. 0. 0. 0. 0. 0. 0. 0. 0. 0. 0. 0. 0. 0. 0. 0. 0. 0. 0. 0. 0. 0. 0.
 0. 0. 0. 0. 0. 0. 0. 0. 0. 0. 0. 0. 0. 0. 0. 0. 0. 0. 0. 0. 0. 0. 0. 0.
 0. 0. 0. 0. 0. 0. 0. 0. 0. 0. 0. 0. 0. 0. 0. 0. 0. 0. 0. 0. 0. 0. 0. 0.
 0. 0. 0. 0. 0. 0. 0. 0. 0. 0. 0. 0. 0. 0. 0. 0. 0. 0. 0. 0. 0. 0. 0. 0.
 0. 0. 0. 0. 0. 0. 0. 0. 0. 0. 0. 0. 0. 0. 0. 0. 0. 0. 0. 0. 0. 0. 0. 0.
 0. 0. 0. 0. 0. 0. 0. 0. 0. 0. 0. 0. 0. 0. 0. 0. 0. 0. 0. 0. 0. 0. 0. 0.
 0. 0. 0. 0. 0. 0. 0. 0. 0. 0. 0. 0. 0. 0. 0. 0.]
~/packages/PeriodicIntegrals/PeriodicIntegrals-junjie-benchmark/isdfx/isdfx.py +4733
[[ 5.92609815e-01 -2.07733389e-02 -1.49372130e-10 ...  3.29312158e-03
  -3.30285561e-03  3.70092513e-13]
 [-2.07733389e-02  8.44685909e-04 -2.19985986e-13 ... -2.09902515e-04
   1.65272475e-04 -3.14162051e-14]
 [-1.49372130e-10 -2.19985986e-13  6.49906929e-01 ...  1.14960616e-04
   2.10995193e-03  3.14505479e-03]
 ...
 [ 3.29312158e-03 -2.09902515e-04  1.14960616e-04 ...  4.46214761e-04
   2.63029861e-08  5.06136808e-15]
 [-3.30285561e-03  1.65272475e-04  2.10995193e-03 ...  2.63029861e-08
   2.26887108e-03  4.99288212e-08]
 [ 3.70092513e-13 -3.14162051e-14  3.14505479e-03 ...  5.06136808e-15
   4.99288212e-08  6.71985021e-04]]
[[ 1.71226849e-01 -1.71868240e-05  2.07241950e-01 ...  2.53713975e-09
  -1.68779379e-11 -1.15456586e+00]
 [-6.74284167e-03  7.43617084e-06 -4.11327152e-03 ...  2.30828178e-09
  -1.52033296e-11 -1.06092267e+00]
 [-9.60292207e-11 -1.84901929e-10 -1.78625099e-11 ... -5.27919961e-02
   1.46195141e-11 -1.18363862e-10]
 ...
 [-6.95558329e-05  1.20762008e-03  1.20741071e-03 ... -1.84653824e-02
  -3.87304918e-12 -4.53892981e-03]
 [ 1.02250060e-07  6.87865353e-08  1.96724149e-07 ...  3.72782486e-05
  -5.79794753e-02 -4.16962067e-02]
 [ 1.72659611e-13 -1.25212434e-14 -4.37909030e-13 ... -2.06923938e-04
   8.52717545e-06 -2.00889116e-13]]
[2. 2. 2. 2. 2. 2. 2. 2. 2. 2. 2. 2. 2. 2. 2. 2. 2. 2. 2. 2. 2. 2. 2. 2.
 2. 2. 2. 2. 2. 2. 2. 2. 0. 0. 0. 0. 0. 0. 0. 0. 0. 0. 0. 0. 0. 0. 0. 0.
 0. 0. 0. 0. 0. 0. 0. 0. 0. 0. 0. 0. 0. 0. 0. 0. 0. 0. 0. 0. 0. 0. 0. 0.
 0. 0. 0. 0. 0. 0. 0. 0. 0. 0. 0. 0. 0. 0. 0. 0. 0. 0. 0. 0. 0. 0. 0. 0.
 0. 0. 0. 0. 0. 0. 0. 0. 0. 0. 0. 0. 0. 0. 0. 0. 0. 0. 0. 0. 0. 0. 0. 0.
 0. 0. 0. 0. 0. 0. 0. 0. 0. 0. 0. 0. 0. 0. 0. 0. 0. 0. 0. 0. 0. 0. 0. 0.
 0. 0. 0. 0. 0. 0. 0. 0. 0. 0. 0. 0. 0. 0. 0. 0. 0. 0. 0. 0. 0. 0. 0. 0.
 0. 0. 0. 0. 0. 0. 0. 0. 0. 0. 0. 0. 0. 0. 0. 0. 0. 0. 0. 0. 0. 0. 0. 0.
 0. 0. 0. 0. 0. 0. 0. 0. 0. 0. 0. 0. 0. 0. 0. 0.]
start SG
end SG -->  6.108911752700806


******** <class 'pyscf.pbc.dft.rks.RKS'> ********
method = RKS
initial guess = minao
damping factor = 0
level_shift factor = 0
DIIS = <class 'pyscf.scf.diis.CDIIS'>
diis_start_cycle = 1
diis_space = 8
diis_damp = 0
SCF conv_tol = 1e-08
SCF conv_tol_grad = None
SCF max_cycles = 50
direct_scf = True
direct_scf_tol = 1e-13
chkfile to save SCF result = /central/scratch/yangjunjie/run-scf-spc-diamond-conv-1-1-2-fftdf-occri-1-100-/48098904/tmpmxg6hqcl
max_memory 409600 MB (current use 490 MB)
******** PBC SCF flags ********
kpt = [0. 0. 0.]
Exchange divergence treatment (exxdiv) = None
DF object = <isdfx.isdfx.ISDFX object at 0x7fed238fe490>
XC functionals = PBE0
small_rho_cutoff = 1e-07
Overwritten attributes  get_hcore get_ovlp  of <class 'pyscf.pbc.dft.rks.RKS'>
Set gradient conv threshold to 0.0001
nelec by numeric integration = 63.999999995674436
    CPU time for vxc      4.57 sec, wall time      4.58 sec
~/packages/PeriodicIntegrals/PeriodicIntegrals-junjie-benchmark/isdfx/isdfx.py +4733
[[ 5.92609815e-01 -2.07733389e-02 -1.49372130e-10 ...  3.29312158e-03
  -3.30285561e-03  3.70092513e-13]
 [-2.07733389e-02  8.44685909e-04 -2.19985986e-13 ... -2.09902515e-04
   1.65272475e-04 -3.14162051e-14]
 [-1.49372130e-10 -2.19985986e-13  6.49906929e-01 ...  1.14960616e-04
   2.10995193e-03  3.14505479e-03]
 ...
 [ 3.29312158e-03 -2.09902515e-04  1.14960616e-04 ...  4.46214761e-04
   2.63029861e-08  5.06136808e-15]
 [-3.30285561e-03  1.65272475e-04  2.10995193e-03 ...  2.63029861e-08
   2.26887108e-03  4.99288212e-08]
 [ 3.70092513e-13 -3.14162051e-14  3.14505479e-03 ...  5.06136808e-15
   4.99288212e-08  6.71985021e-04]]
[[ 1.71226849e-01 -1.71868240e-05  2.07241950e-01 ...  2.53713975e-09
  -1.68779379e-11 -1.15456586e+00]
 [-6.74284167e-03  7.43617084e-06 -4.11327152e-03 ...  2.30828178e-09
  -1.52033296e-11 -1.06092267e+00]
 [-9.60292207e-11 -1.84901929e-10 -1.78625099e-11 ... -5.27919961e-02
   1.46195141e-11 -1.18363862e-10]
 ...
 [-6.95558329e-05  1.20762008e-03  1.20741071e-03 ... -1.84653824e-02
  -3.87304918e-12 -4.53892981e-03]
 [ 1.02250060e-07  6.87865353e-08  1.96724149e-07 ...  3.72782486e-05
  -5.79794753e-02 -4.16962067e-02]
 [ 1.72659611e-13 -1.25212434e-14 -4.37909030e-13 ... -2.06923938e-04
   8.52717545e-06 -2.00889116e-13]]
[2. 2. 2. 2. 2. 2. 2. 2. 2. 2. 2. 2. 2. 2. 2. 2. 2. 2. 2. 2. 2. 2. 2. 2.
 2. 2. 2. 2. 2. 2. 2. 2. 0. 0. 0. 0. 0. 0. 0. 0. 0. 0. 0. 0. 0. 0. 0. 0.
 0. 0. 0. 0. 0. 0. 0. 0. 0. 0. 0. 0. 0. 0. 0. 0. 0. 0. 0. 0. 0. 0. 0. 0.
 0. 0. 0. 0. 0. 0. 0. 0. 0. 0. 0. 0. 0. 0. 0. 0. 0. 0. 0. 0. 0. 0. 0. 0.
 0. 0. 0. 0. 0. 0. 0. 0. 0. 0. 0. 0. 0. 0. 0. 0. 0. 0. 0. 0. 0. 0. 0. 0.
 0. 0. 0. 0. 0. 0. 0. 0. 0. 0. 0. 0. 0. 0. 0. 0. 0. 0. 0. 0. 0. 0. 0. 0.
 0. 0. 0. 0. 0. 0. 0. 0. 0. 0. 0. 0. 0. 0. 0. 0. 0. 0. 0. 0. 0. 0. 0. 0.
 0. 0. 0. 0. 0. 0. 0. 0. 0. 0. 0. 0. 0. 0. 0. 0. 0. 0. 0. 0. 0. 0. 0. 0.
 0. 0. 0. 0. 0. 0. 0. 0. 0. 0. 0. 0. 0. 0. 0. 0.]
start SG
end SG -->  6.189055442810059
    CPU time for vj and vk      9.97 sec, wall time     10.00 sec
E1 = 32.24977431280603  Ecoul = 8.782989260494794  Exc = -26.9012387316736
init E= -88.3394599422612
    CPU time for initialize scf     14.56 sec, wall time     14.60 sec
  HOMO = 0.536087718409475  LUMO = 0.809443351988568
  mo_energy =
[-0.30703291 -0.23037216 -0.23037155  0.01820462  0.01820513  0.01820513
  0.01820596  0.02075105  0.02075108  0.04983564  0.04983619  0.04983619
  0.04983714  0.20941938  0.20942013  0.20942013  0.20942143  0.27475016
  0.27475016  0.28471668  0.28471769  0.28471769  0.28471941  0.35004828
  0.35004951  0.36705278  0.36705278  0.36705411  0.36705411  0.53177049
  0.53608772  0.53608772  0.80944335  0.8094443   0.84215079  0.84355503
  0.84355503  0.86873069  0.86873074  0.86987625  0.86987629  0.86987629
  0.86987663  1.07971533  1.07971533  1.07971814  1.07971814  1.08827386
  1.08827438  1.08827438  1.08827593  1.11766258  1.11766355  1.11766355
  1.11766542  1.13501296  1.13501305  1.17885526  1.27846955  1.27846955
  1.27847074  1.2784761   1.27942551  1.27942551  1.5933105   1.59331279
  1.59331279  1.5933176   1.63350453  1.63350498  1.71414425  1.71414574
  1.71500681  1.71500971  1.71500971  1.71501585  1.75632015  1.75787652
  1.8734319   1.87343475  1.90134546  1.90134658  2.04014681  2.04014681
  2.04022565  2.04022768  2.04023262  2.04023262  2.06110768  2.06110943
  2.06110943  2.06111313  2.25912305  2.25912305  2.25912641  2.25912641
  2.34562503  2.34562509  2.34562509  2.34562515  2.34702905  2.34702963
  2.4076971   2.4076971   2.40810117  2.47238565  2.47271933  2.47271933
  2.49631049  2.49631049  2.49631054  2.49631223  2.53734922  2.53734922
  2.53735404  2.53735404  2.76872193  2.76872328  2.76872328  2.76872763
  2.787654    2.787654    2.78773373  2.78773995  2.78786553  2.78786553
  2.79524437  2.79524492  2.88448595  2.88448733  2.88448733  2.88449054
  2.98042832  2.98042832  2.98042854  2.98042999  2.98067591  2.98067603
  3.02126624  3.02126624  3.02155751  3.02156109  3.02156659  3.02156659
  3.07418781  3.07418926  3.10640297  3.10640297  3.10640351  3.10640378
  3.26827078  3.26827079  3.26827091  3.2682718   3.28583405  3.28583536
  3.35175415  3.35175754  3.41730452  3.41730452  3.41731133  3.41731133
  3.42810992  3.42811005  3.42891284  3.42891346  3.42891346  3.42891455
  3.56090004  3.56342944  3.73149759  3.7317097   3.7317097   3.8343363
  3.83433788  4.33925447  4.33925447  4.33925497  4.339255    4.62154535
  4.62154535  4.6226043   4.72336991  4.72336991  4.72337317  4.72337317
  4.72373223  4.72373223  4.72381027  4.72381251  4.7239035   4.7239035
  8.67202547  8.85854847  8.85858618  8.99982925  9.00938498  9.01390778
  9.0140186   9.0140186   9.01415193  9.02136864  9.02691989  9.03111421
  9.03592491  9.03592491  9.03618987  9.04054891]
nelec by numeric integration = 63.9999999956744
    CPU time for vxc      4.36 sec, wall time      4.37 sec
~/packages/PeriodicIntegrals/PeriodicIntegrals-junjie-benchmark/isdfx/isdfx.py +4733
[[ 5.92609170e-01 -2.07732246e-02 -1.74247954e-10 ...  3.29326913e-03
  -3.30281222e-03  2.95089839e-13]
 [-2.07732246e-02  8.44681722e-04 -1.00100519e-12 ... -2.09910299e-04
   1.65272982e-04 -2.40155230e-14]
 [-1.74247954e-10 -1.00100519e-12  6.49907729e-01 ...  1.14955218e-04
   2.11000862e-03  3.14503588e-03]
 ...
 [ 3.29326913e-03 -2.09910299e-04  1.14955218e-04 ...  4.46232955e-04
   2.67489794e-08  4.17199876e-15]
 [-3.30281222e-03  1.65272982e-04  2.11000862e-03 ...  2.67489794e-08
   2.26890367e-03  5.05504923e-08]
 [ 2.95089839e-13 -2.40155230e-14  3.14503588e-03 ...  4.17199876e-15
   5.05504923e-08  6.71977804e-04]]
[[ 1.71227112e-01 -2.95301906e-05  2.07241553e-01 ...  4.60675059e-09
  -2.83548787e-11  1.15435022e+00]
 [-6.74284504e-03  7.68649638e-06 -4.11315158e-03 ...  4.11661485e-09
  -2.55169227e-11  1.06105602e+00]
 [-7.90677137e-11 -1.76558923e-10 -2.14450835e-13 ...  5.53793044e-02
  -2.27612210e-10 -2.71053144e-10]
 ...
 [-6.95507675e-05  1.20768078e-03  1.20762324e-03 ...  1.84824084e-02
  -4.31453925e-12  4.51243873e-03]
 [ 1.03844410e-07  7.05002142e-08  1.90719720e-07 ... -3.52673985e-05
  -5.79867433e-02  4.17468278e-02]
 [ 2.22167362e-13 -7.81463020e-14 -3.57841404e-13 ...  7.00257641e-05
   8.54519353e-06  1.93463236e-13]]
[2. 2. 2. 2. 2. 2. 2. 2. 2. 2. 2. 2. 2. 2. 2. 2. 2. 2. 2. 2. 2. 2. 2. 2.
 2. 2. 2. 2. 2. 2. 2. 2. 0. 0. 0. 0. 0. 0. 0. 0. 0. 0. 0. 0. 0. 0. 0. 0.
 0. 0. 0. 0. 0. 0. 0. 0. 0. 0. 0. 0. 0. 0. 0. 0. 0. 0. 0. 0. 0. 0. 0. 0.
 0. 0. 0. 0. 0. 0. 0. 0. 0. 0. 0. 0. 0. 0. 0. 0. 0. 0. 0. 0. 0. 0. 0. 0.
 0. 0. 0. 0. 0. 0. 0. 0. 0. 0. 0. 0. 0. 0. 0. 0. 0. 0. 0. 0. 0. 0. 0. 0.
 0. 0. 0. 0. 0. 0. 0. 0. 0. 0. 0. 0. 0. 0. 0. 0. 0. 0. 0. 0. 0. 0. 0. 0.
 0. 0. 0. 0. 0. 0. 0. 0. 0. 0. 0. 0. 0. 0. 0. 0. 0. 0. 0. 0. 0. 0. 0. 0.
 0. 0. 0. 0. 0. 0. 0. 0. 0. 0. 0. 0. 0. 0. 0. 0. 0. 0. 0. 0. 0. 0. 0. 0.
 0. 0. 0. 0. 0. 0. 0. 0. 0. 0. 0. 0. 0. 0. 0. 0.]
start SG
end SG -->  6.154893636703491
    CPU time for vj and vk      9.92 sec, wall time      9.95 sec
E1 = 32.24977346677003  Ecoul = 8.782988823546415  Exc = -26.90123744881791
cycle= 1 E= -88.3394599423899  delta_E= -1.29e-10  |g|= 3.09e-06  |ddm|= 2.62e-05
    CPU time for cycle= 1     14.30 sec, wall time     14.33 sec
  HOMO = 0.536087789446316  LUMO = 0.809443227407945
  mo_energy =
[-0.3070329  -0.23037235 -0.23037136  0.01820439  0.01820515  0.01820515
  0.01820619  0.02075107  0.02075109  0.04983539  0.04983623  0.04983623
  0.04983742  0.20941924  0.2094201   0.2094201   0.20942153  0.27475014
  0.27475014  0.28471649  0.28471768  0.28471768  0.28471959  0.35004818
  0.35004965  0.36705265  0.36705265  0.36705425  0.36705425  0.5317705
  0.53608779  0.53608779  0.80944323  0.80944447  0.84215079  0.84355504
  0.84355504  0.86873069  0.86873075  0.86987619  0.8698763   0.8698763
  0.86987668  1.07971541  1.07971541  1.07971817  1.07971817  1.08827371
  1.08827439  1.08827439  1.08827604  1.11766248  1.11766355  1.11766355
  1.11766557  1.13501282  1.13501321  1.17885527  1.27846958  1.27846958
  1.27847056  1.27847633  1.27942552  1.27942552  1.59331047  1.59331277
  1.59331277  1.59331769  1.63350449  1.63350502  1.71414429  1.71414572
  1.71500684  1.71500968  1.71500968  1.7150159   1.75632013  1.75787651
  1.87343179  1.87343494  1.90134524  1.90134678  2.04014684  2.04014684
  2.04022545  2.04022785  2.04023257  2.04023257  2.06110754  2.06110941
  2.06110941  2.06111328  2.25912318  2.25912318  2.25912631  2.25912631
  2.34562485  2.3456251   2.3456251   2.34562527  2.34702907  2.3470296
  2.40769709  2.40769709  2.40810117  2.47238566  2.47271935  2.47271935
  2.49631029  2.49631051  2.49631051  2.49631245  2.53734923  2.53734923
  2.53735404  2.53735404  2.76872181  2.76872329  2.76872329  2.76872774
  2.78765409  2.78765409  2.78773353  2.78774018  2.78786546  2.78786546
  2.79524423  2.79524505  2.88448577  2.88448732  2.88448732  2.8844907
  2.98042832  2.98042832  2.98042852  2.98042999  2.98067589  2.98067604
  3.02126627  3.02126627  3.02155736  3.02156126  3.02156658  3.02156658
  3.07418763  3.07418944  3.10640296  3.10640296  3.10640341  3.10640392
  3.26827073  3.2682708   3.2682708   3.26827195  3.28583418  3.28583525
  3.35175404  3.35175763  3.41730467  3.41730467  3.4173112   3.4173112
  3.42810991  3.42811005  3.42891277  3.42891346  3.42891346  3.42891462
  3.56090004  3.56342944  3.7314976   3.73170971  3.73170971  3.83433635
  3.83433783  4.33925446  4.33925446  4.33925479  4.33925516  4.62154535
  4.62154535  4.6226043   4.7233699   4.7233699   4.7233732   4.7233732
  4.7237323   4.7237323   4.7238101   4.7238127   4.72390344  4.72390344
  8.6720255   8.8585488   8.85858588  8.99982929  9.00938476  9.01390708
  9.01401856  9.01401856  9.01415194  9.02136944  9.02692011  9.03111395
  9.03592517  9.03592517  9.03618922  9.04054981]
nelec by numeric integration = 63.99999999567443
    CPU time for vxc      4.40 sec, wall time      4.40 sec
~/packages/PeriodicIntegrals/PeriodicIntegrals-junjie-benchmark/isdfx/isdfx.py +4733
[[ 5.92608497e-01 -2.07731405e-02 -1.55302275e-10 ...  3.29326733e-03
  -3.30281344e-03  2.93902579e-13]
 [-2.07731405e-02  8.44676440e-04 -3.07291975e-12 ... -2.09909564e-04
   1.65272524e-04 -2.37467158e-14]
 [-1.55302275e-10 -3.07291975e-12  6.49907128e-01 ...  1.14955766e-04
   2.11001193e-03  3.14503148e-03]
 ...
 [ 3.29326733e-03 -2.09909564e-04  1.14955766e-04 ...  4.46233898e-04
   2.62325447e-08  3.98904854e-15]
 [-3.30281344e-03  1.65272524e-04  2.11001193e-03 ...  2.62325447e-08
   2.26890621e-03  4.98399252e-08]
 [ 2.93902579e-13 -2.37467158e-14  3.14503148e-03 ...  3.98904854e-15
   4.98399252e-08  6.71978796e-04]]
[[ 1.71226796e-01 -1.56584301e-05  2.07241243e-01 ...  9.98950675e-11
  -1.12762673e-11 -1.15435098e+00]
 [-6.74282806e-03  7.39827443e-06 -4.11312506e-03 ...  8.96878438e-11
  -1.01829056e-11 -1.06105694e+00]
 [-8.61400734e-11 -1.81814303e-10 -9.86856717e-12 ...  4.42208951e-02
  -1.10714657e-10 -1.68942652e-10]
 ...
 [-6.95546231e-05  1.20776288e-03  1.20753392e-03 ... -4.88322188e-04
  -3.46953497e-12 -4.51229152e-03]
 [ 1.01508423e-07  6.90648097e-08  1.97795965e-07 ...  3.96254936e-05
  -5.79869438e-02 -4.17467372e-02]
 [ 2.18990240e-13 -7.53339428e-14 -3.56633399e-13 ... -2.54114399e-03
   8.54453790e-06 -1.99316007e-13]]
[2. 2. 2. 2. 2. 2. 2. 2. 2. 2. 2. 2. 2. 2. 2. 2. 2. 2. 2. 2. 2. 2. 2. 2.
 2. 2. 2. 2. 2. 2. 2. 2. 0. 0. 0. 0. 0. 0. 0. 0. 0. 0. 0. 0. 0. 0. 0. 0.
 0. 0. 0. 0. 0. 0. 0. 0. 0. 0. 0. 0. 0. 0. 0. 0. 0. 0. 0. 0. 0. 0. 0. 0.
 0. 0. 0. 0. 0. 0. 0. 0. 0. 0. 0. 0. 0. 0. 0. 0. 0. 0. 0. 0. 0. 0. 0. 0.
 0. 0. 0. 0. 0. 0. 0. 0. 0. 0. 0. 0. 0. 0. 0. 0. 0. 0. 0. 0. 0. 0. 0. 0.
 0. 0. 0. 0. 0. 0. 0. 0. 0. 0. 0. 0. 0. 0. 0. 0. 0. 0. 0. 0. 0. 0. 0. 0.
 0. 0. 0. 0. 0. 0. 0. 0. 0. 0. 0. 0. 0. 0. 0. 0. 0. 0. 0. 0. 0. 0. 0. 0.
 0. 0. 0. 0. 0. 0. 0. 0. 0. 0. 0. 0. 0. 0. 0. 0. 0. 0. 0. 0. 0. 0. 0. 0.
 0. 0. 0. 0. 0. 0. 0. 0. 0. 0. 0. 0. 0. 0. 0. 0.]
start SG
end SG -->  6.133660078048706
    CPU time for vj and vk      9.93 sec, wall time      9.95 sec
E1 = 32.2497739628826  Ecoul = 8.782987975006163  Exc = -26.901237096389032
Extra cycle  E= -88.3394599423887  delta_E= 1.19e-12  |g|= 3.97e-06  |ddm|= 5.33e-06
    CPU time for scf_cycle     43.19 sec, wall time     43.30 sec
    CPU time for SCF     43.25 sec, wall time     43.36 sec
converged SCF energy = -88.3394599423887
Successfully saved all results to /central/scratch/yangjunjie//run-scf-spc-diamond-conv-1-1-2-fftdf-occri-1-100-/48098904/scf.h5
