SLURMD_NODENAME = hpc-54-28
Start time = Mon Mar 17 03:31:37 PM PDT 2025
OMP_NUM_THREADS = 1
MKL_NUM_THREADS = 1
PYSCF_MAX_MEMORY = 327680
TMPDIR = /central/scratch/yangjunjie//run-scf-spc-diamond-conv-1-1-2-fftdf-occri-1-100-/48048543/
PYSCF_TMPDIR = /central/scratch/yangjunjie//run-scf-spc-diamond-conv-1-1-2-fftdf-occri-1-100-/48048543/

/home/junjiey/anaconda3/envs/fftisdf/bin/python
2.8.0
1.13.1
2.0.2
fft_engine = NUMPY+BLAS
name = diamond-conv
ke_cutoff =  1.00e+02
exxdiv = None
df = fftdf-occri
chk_path = ../../gdf-32/tmp/scf.h5
mesh = 1,1,2

Discarded 24 diffused primitive functions, 0 contracted functions
ke_cutoff = 100.0
None

******** <class 'ISDFX'> ********
lin_dep_thresh: 1e-10
alpha_cutoff: 2.8
rcut_epsilon: 1e-05
ke_epsilon: 1e-05
isdf_thresh: 0.0001
grid_vol_cutoff: 0.05
ke_step: 2.0
ao_tol: 1e-12
multigrid_on: False
direct_j: True
iterative_build: True
occRI: True
voronoi: True
fit_sparse_grid: False
fit_dense_grid: False
direct_k_sparse: True
direct_k: False
use_kpt_symm: False
kmesh: [1, 1, 1]
isdf_pts_from_q0: True
isdf_pts_from_gamma_point: False
alpha: None
do_real_isdf: False
N_xi: None
use_cell_periodic: False
isdf_thresh_sparse: None
ncopy: [1, 1, 1]
j_grid_mesh: None
k_grid_mesh: None
num_j_grids: 100
get_ao_from_pyscf: False
nuc_pp_version: 0
vppnl_ver: 0
universal_dense_grid: None
same_jk_grids: None
coulomb_only: False
max_memory   327680 MB (current use       89 MB)

Exchange function: getK_occRI  

cell mesh: [33 33 67]
nbas:  192
Grid     keMax    keMin    keGrid   expMax   expMin   nexp     lmax     PWs      mesh        
0        100.0    100.0    100.0    5.6      0.3      4        2        72963    [33 33 67]  

ISDF

atm      grid     Ng       NI       Nxi      sharp    on_grid  diffuse  maxexp   minexp   lmax     lmin    
-        1        72963    72963    72963    576      576      576      5.61     0.35     2        0       
ISDF-pts:       0.00
ISDF-vec:       0.00
Fit dense grids ISDF:       0.00
Fit sparse grids ISDF:       0.00

Grid     PWs      Ng_i     N_xi     N_mu    
0        72963    72963    72963    576     
1        72963    72963    72963    576     

nTHC: 145926
Mem Required (MB):       0.00
Curent RAM Use (MB) :        444 

Build W
ISDF-fft dense grids (sec):       0.00
Curent RAM Use (MB) :        444 
ISDF-fft:       0.00

Initial guess from minao.
Big error detected in the electron number of initial guess density matrix (Ne/cell = 63.9864)!
  This can cause huge error in Fock matrix and lead to instability in SCF for low-dimensional systems.
  DM is normalized wrt the number of electrons 64
Successfully loaded dm0 from ../../gdf-32/tmp/scf.h5
~/packages/PeriodicIntegrals/PeriodicIntegrals-junjie-benchmark/isdfx/isdfx.py +4733
[[ 5.92609815e-01 -2.07733389e-02 -1.49374411e-10 ...  3.29312158e-03
  -3.30285561e-03  3.70086867e-13]
 [-2.07733389e-02  8.44685909e-04 -2.19531692e-13 ... -2.09902515e-04
   1.65272475e-04 -3.14121417e-14]
 [-1.49374411e-10 -2.19531692e-13  6.49906929e-01 ...  1.14960616e-04
   2.10995193e-03  3.14505479e-03]
 ...
 [ 3.29312158e-03 -2.09902515e-04  1.14960616e-04 ...  4.46214761e-04
   2.63029861e-08  5.06489513e-15]
 [-3.30285561e-03  1.65272475e-04  2.10995193e-03 ...  2.63029861e-08
   2.26887108e-03  4.99288212e-08]
 [ 3.70086867e-13 -3.14121417e-14  3.14505479e-03 ...  5.06489513e-15
   4.99288212e-08  6.71985021e-04]]
[[ 1.71226849e-01 -1.71868037e-05  2.07241950e-01 ...  2.53723403e-09
  -1.69503661e-11 -1.15456586e+00]
 [-6.74284167e-03  7.43617044e-06 -4.11327152e-03 ...  2.30836473e-09
  -1.52694452e-11 -1.06092267e+00]
 [-9.60288977e-11 -1.84902267e-10 -1.78613800e-11 ... -5.27918257e-02
   1.48520477e-11 -1.18363527e-10]
 ...
 [-6.95558329e-05  1.20762008e-03  1.20741071e-03 ... -1.84653773e-02
  -3.83714359e-12 -4.53892981e-03]
 [ 1.02250060e-07  6.87865355e-08  1.96724149e-07 ...  3.72783696e-05
  -5.79794753e-02 -4.16962067e-02]
 [ 1.72642797e-13 -1.25175997e-14 -4.37896978e-13 ... -2.06932479e-04
   8.52717544e-06 -2.00410681e-13]]
[2. 2. 2. 2. 2. 2. 2. 2. 2. 2. 2. 2. 2. 2. 2. 2. 2. 2. 2. 2. 2. 2. 2. 2.
 2. 2. 2. 2. 2. 2. 2. 2. 0. 0. 0. 0. 0. 0. 0. 0. 0. 0. 0. 0. 0. 0. 0. 0.
 0. 0. 0. 0. 0. 0. 0. 0. 0. 0. 0. 0. 0. 0. 0. 0. 0. 0. 0. 0. 0. 0. 0. 0.
 0. 0. 0. 0. 0. 0. 0. 0. 0. 0. 0. 0. 0. 0. 0. 0. 0. 0. 0. 0. 0. 0. 0. 0.
 0. 0. 0. 0. 0. 0. 0. 0. 0. 0. 0. 0. 0. 0. 0. 0. 0. 0. 0. 0. 0. 0. 0. 0.
 0. 0. 0. 0. 0. 0. 0. 0. 0. 0. 0. 0. 0. 0. 0. 0. 0. 0. 0. 0. 0. 0. 0. 0.
 0. 0. 0. 0. 0. 0. 0. 0. 0. 0. 0. 0. 0. 0. 0. 0. 0. 0. 0. 0. 0. 0. 0. 0.
 0. 0. 0. 0. 0. 0. 0. 0. 0. 0. 0. 0. 0. 0. 0. 0. 0. 0. 0. 0. 0. 0. 0. 0.
 0. 0. 0. 0. 0. 0. 0. 0. 0. 0. 0. 0. 0. 0. 0. 0.]
~/packages/PeriodicIntegrals/PeriodicIntegrals-junjie-benchmark/isdfx/isdfx.py +4733
[[ 5.92609815e-01 -2.07733389e-02 -1.49374411e-10 ...  3.29312158e-03
  -3.30285561e-03  3.70086867e-13]
 [-2.07733389e-02  8.44685909e-04 -2.19531692e-13 ... -2.09902515e-04
   1.65272475e-04 -3.14121417e-14]
 [-1.49374411e-10 -2.19531692e-13  6.49906929e-01 ...  1.14960616e-04
   2.10995193e-03  3.14505479e-03]
 ...
 [ 3.29312158e-03 -2.09902515e-04  1.14960616e-04 ...  4.46214761e-04
   2.63029861e-08  5.06489513e-15]
 [-3.30285561e-03  1.65272475e-04  2.10995193e-03 ...  2.63029861e-08
   2.26887108e-03  4.99288212e-08]
 [ 3.70086867e-13 -3.14121417e-14  3.14505479e-03 ...  5.06489513e-15
   4.99288212e-08  6.71985021e-04]]
[[ 1.71226849e-01 -1.71868037e-05  2.07241950e-01 ...  2.53723403e-09
  -1.69503661e-11 -1.15456586e+00]
 [-6.74284167e-03  7.43617044e-06 -4.11327152e-03 ...  2.30836473e-09
  -1.52694452e-11 -1.06092267e+00]
 [-9.60288977e-11 -1.84902267e-10 -1.78613800e-11 ... -5.27918257e-02
   1.48520477e-11 -1.18363527e-10]
 ...
 [-6.95558329e-05  1.20762008e-03  1.20741071e-03 ... -1.84653773e-02
  -3.83714359e-12 -4.53892981e-03]
 [ 1.02250060e-07  6.87865355e-08  1.96724149e-07 ...  3.72783696e-05
  -5.79794753e-02 -4.16962067e-02]
 [ 1.72642797e-13 -1.25175997e-14 -4.37896978e-13 ... -2.06932479e-04
   8.52717544e-06 -2.00410681e-13]]
[2. 2. 2. 2. 2. 2. 2. 2. 2. 2. 2. 2. 2. 2. 2. 2. 2. 2. 2. 2. 2. 2. 2. 2.
 2. 2. 2. 2. 2. 2. 2. 2. 0. 0. 0. 0. 0. 0. 0. 0. 0. 0. 0. 0. 0. 0. 0. 0.
 0. 0. 0. 0. 0. 0. 0. 0. 0. 0. 0. 0. 0. 0. 0. 0. 0. 0. 0. 0. 0. 0. 0. 0.
 0. 0. 0. 0. 0. 0. 0. 0. 0. 0. 0. 0. 0. 0. 0. 0. 0. 0. 0. 0. 0. 0. 0. 0.
 0. 0. 0. 0. 0. 0. 0. 0. 0. 0. 0. 0. 0. 0. 0. 0. 0. 0. 0. 0. 0. 0. 0. 0.
 0. 0. 0. 0. 0. 0. 0. 0. 0. 0. 0. 0. 0. 0. 0. 0. 0. 0. 0. 0. 0. 0. 0. 0.
 0. 0. 0. 0. 0. 0. 0. 0. 0. 0. 0. 0. 0. 0. 0. 0. 0. 0. 0. 0. 0. 0. 0. 0.
 0. 0. 0. 0. 0. 0. 0. 0. 0. 0. 0. 0. 0. 0. 0. 0. 0. 0. 0. 0. 0. 0. 0. 0.
 0. 0. 0. 0. 0. 0. 0. 0. 0. 0. 0. 0. 0. 0. 0. 0.]
start SG
end SG -->  4.601120948791504


******** <class 'pyscf.pbc.dft.rks.RKS'> ********
method = RKS
initial guess = minao
damping factor = 0
level_shift factor = 0
DIIS = <class 'pyscf.scf.diis.CDIIS'>
diis_start_cycle = 1
diis_space = 8
diis_damp = 0
SCF conv_tol = 1e-08
SCF conv_tol_grad = None
SCF max_cycles = 50
direct_scf = True
direct_scf_tol = 1e-13
chkfile to save SCF result = /central/scratch/yangjunjie/run-scf-spc-diamond-conv-1-1-2-fftdf-occri-1-100-/48048543/tmpeb5q5of1
max_memory 327680 MB (current use 492 MB)
******** PBC SCF flags ********
kpt = [0. 0. 0.]
Exchange divergence treatment (exxdiv) = None
DF object = <isdfx.isdfx.ISDFX object at 0x7fe2db4b07f0>
XC functionals = PBE0
small_rho_cutoff = 1e-07
Set gradient conv threshold to 0.0001
nelec by numeric integration = 63.999999995674415
    CPU time for vxc      3.44 sec, wall time      3.45 sec
~/packages/PeriodicIntegrals/PeriodicIntegrals-junjie-benchmark/isdfx/isdfx.py +4733
[[ 5.92609815e-01 -2.07733389e-02 -1.49374411e-10 ...  3.29312158e-03
  -3.30285561e-03  3.70086867e-13]
 [-2.07733389e-02  8.44685909e-04 -2.19531692e-13 ... -2.09902515e-04
   1.65272475e-04 -3.14121417e-14]
 [-1.49374411e-10 -2.19531692e-13  6.49906929e-01 ...  1.14960616e-04
   2.10995193e-03  3.14505479e-03]
 ...
 [ 3.29312158e-03 -2.09902515e-04  1.14960616e-04 ...  4.46214761e-04
   2.63029861e-08  5.06489513e-15]
 [-3.30285561e-03  1.65272475e-04  2.10995193e-03 ...  2.63029861e-08
   2.26887108e-03  4.99288212e-08]
 [ 3.70086867e-13 -3.14121417e-14  3.14505479e-03 ...  5.06489513e-15
   4.99288212e-08  6.71985021e-04]]
[[ 1.71226849e-01 -1.71868037e-05  2.07241950e-01 ...  2.53723403e-09
  -1.69503661e-11 -1.15456586e+00]
 [-6.74284167e-03  7.43617044e-06 -4.11327152e-03 ...  2.30836473e-09
  -1.52694452e-11 -1.06092267e+00]
 [-9.60288977e-11 -1.84902267e-10 -1.78613800e-11 ... -5.27918257e-02
   1.48520477e-11 -1.18363527e-10]
 ...
 [-6.95558329e-05  1.20762008e-03  1.20741071e-03 ... -1.84653773e-02
  -3.83714359e-12 -4.53892981e-03]
 [ 1.02250060e-07  6.87865355e-08  1.96724149e-07 ...  3.72783696e-05
  -5.79794753e-02 -4.16962067e-02]
 [ 1.72642797e-13 -1.25175997e-14 -4.37896978e-13 ... -2.06932479e-04
   8.52717544e-06 -2.00410681e-13]]
[2. 2. 2. 2. 2. 2. 2. 2. 2. 2. 2. 2. 2. 2. 2. 2. 2. 2. 2. 2. 2. 2. 2. 2.
 2. 2. 2. 2. 2. 2. 2. 2. 0. 0. 0. 0. 0. 0. 0. 0. 0. 0. 0. 0. 0. 0. 0. 0.
 0. 0. 0. 0. 0. 0. 0. 0. 0. 0. 0. 0. 0. 0. 0. 0. 0. 0. 0. 0. 0. 0. 0. 0.
 0. 0. 0. 0. 0. 0. 0. 0. 0. 0. 0. 0. 0. 0. 0. 0. 0. 0. 0. 0. 0. 0. 0. 0.
 0. 0. 0. 0. 0. 0. 0. 0. 0. 0. 0. 0. 0. 0. 0. 0. 0. 0. 0. 0. 0. 0. 0. 0.
 0. 0. 0. 0. 0. 0. 0. 0. 0. 0. 0. 0. 0. 0. 0. 0. 0. 0. 0. 0. 0. 0. 0. 0.
 0. 0. 0. 0. 0. 0. 0. 0. 0. 0. 0. 0. 0. 0. 0. 0. 0. 0. 0. 0. 0. 0. 0. 0.
 0. 0. 0. 0. 0. 0. 0. 0. 0. 0. 0. 0. 0. 0. 0. 0. 0. 0. 0. 0. 0. 0. 0. 0.
 0. 0. 0. 0. 0. 0. 0. 0. 0. 0. 0. 0. 0. 0. 0. 0.]
start SG
end SG -->  4.59892463684082
    CPU time for vj and vk      7.53 sec, wall time      7.55 sec
E1 = 32.24977427473257  Ecoul = 8.78298926049479  Exc = -26.9012387316736
init E= -88.3394599803347
    CPU time for initialize scf     14.50 sec, wall time     14.54 sec
  HOMO = 0.536087717136303  LUMO = 0.809443348503388
  mo_energy =
[-0.30703292 -0.23037216 -0.23037155  0.01820462  0.01820513  0.01820513
  0.01820596  0.02075105  0.02075108  0.04983564  0.0498362   0.0498362
  0.04983714  0.20941938  0.20942013  0.20942013  0.20942143  0.27475016
  0.27475016  0.28471667  0.28471769  0.28471769  0.28471941  0.35004828
  0.35004951  0.36705278  0.36705278  0.36705411  0.36705411  0.53177049
  0.53608772  0.53608772  0.80944335  0.8094443   0.84215079  0.84355504
  0.84355504  0.86873069  0.86873074  0.86987625  0.86987629  0.86987629
  0.86987662  1.07971533  1.07971533  1.07971814  1.07971814  1.08827386
  1.08827438  1.08827438  1.08827594  1.11766258  1.11766355  1.11766355
  1.11766543  1.13501296  1.13501306  1.17885523  1.2784696   1.2784696
  1.27847074  1.2784761   1.27942545  1.27942545  1.5933105   1.59331278
  1.59331278  1.5933176   1.63350453  1.63350498  1.71414425  1.71414574
  1.71500681  1.7150097   1.7150097   1.71501585  1.75632014  1.75787652
  1.87343189  1.87343474  1.90134546  1.90134658  2.04014693  2.04014693
  2.04022565  2.04022768  2.0402325   2.0402325   2.06110768  2.06110943
  2.06110943  2.06111313  2.25912306  2.25912306  2.25912641  2.25912641
  2.34562507  2.34562509  2.34562509  2.34562516  2.34702906  2.3470296
  2.40769709  2.40769709  2.40810117  2.47238566  2.47271934  2.47271934
  2.49631049  2.49631049  2.49631055  2.49631223  2.53734922  2.53734922
  2.53735404  2.53735404  2.76872193  2.76872328  2.76872328  2.76872764
  2.78765499  2.78765499  2.78773372  2.78773995  2.78786454  2.78786454
  2.79524438  2.79524492  2.88448596  2.88448733  2.88448733  2.88449054
  2.9804283   2.9804283   2.98042852  2.98042997  2.98067588  2.98067601
  3.02126638  3.02126638  3.0215575   3.02156108  3.02156643  3.02156643
  3.07418781  3.07418927  3.10640297  3.10640297  3.10640351  3.10640378
  3.26827079  3.26827079  3.26827091  3.2682718   3.28583407  3.28583537
  3.35175413  3.35175752  3.41730452  3.41730452  3.41731133  3.41731133
  3.42810992  3.42811006  3.42891284  3.42891347  3.42891347  3.42891455
  3.56090003  3.56342943  3.73149756  3.73170968  3.73170968  3.83433627
  3.83433785  4.33925451  4.33925451  4.33925502  4.33925504  4.6215454
  4.6215454   4.62260436  4.72336989  4.72336989  4.72337314  4.72337314
  4.7237328   4.7237328   4.72381019  4.72381244  4.72390275  4.72390275
  8.67202563  8.85854895  8.85858631  8.99983276  9.00938898  9.01390869
  9.01401912  9.01401912  9.01415238  9.02136148  9.02692561  9.0311138
  9.03592446  9.03592446  9.03618904  9.04054241]
nelec by numeric integration = 63.99999999567441
    CPU time for vxc      3.27 sec, wall time      3.28 sec
~/packages/PeriodicIntegrals/PeriodicIntegrals-junjie-benchmark/isdfx/isdfx.py +4733
[[ 5.92609680e-01 -2.07730970e-02 -4.17094049e-11 ...  3.29328069e-03
  -3.30281361e-03  1.93814459e-13]
 [-2.07730970e-02  8.44672233e-04  4.28461240e-12 ... -2.09910315e-04
   1.65271830e-04  5.85278078e-15]
 [-4.17094049e-11  4.28461240e-12  6.49907463e-01 ...  1.14966874e-04
   2.11001003e-03  3.14497906e-03]
 ...
 [ 3.29328069e-03 -2.09910315e-04  1.14966874e-04 ...  4.46232382e-04
   2.28214789e-08 -1.98748813e-14]
 [-3.30281361e-03  1.65271830e-04  2.11001003e-03 ...  2.28214789e-08
   2.26890424e-03  4.33871977e-08]
 [ 1.93814459e-13  5.85278078e-15  3.14497906e-03 ... -1.98748813e-14
   4.33871977e-08  6.71977766e-04]]
[[ 1.71227136e-01  5.63530905e-06  2.07241619e-01 ...  4.09189624e-09
  -1.23848180e-10  1.15433942e+00]
 [-6.74279635e-03  6.98041721e-06 -4.11309646e-03 ...  3.63702719e-09
  -1.13788147e-10  1.06103929e+00]
 [ 1.04237195e-11  3.16638058e-12  1.37676382e-11 ...  3.37105753e-02
  -4.88307876e-10 -2.34394484e-10]
 ...
 [-6.95386701e-05  1.20787298e-03  1.20741060e-03 ...  1.69563148e-02
  -6.72848599e-11  4.51182964e-03]
 [ 9.86916254e-08  6.76329117e-08  1.92989829e-07 ... -4.67236049e-05
  -5.79808675e-02  4.17517676e-02]
 [ 6.20707554e-13 -2.18843974e-13  7.09947466e-14 ...  1.01285492e-03
   8.39984439e-06 -6.12916239e-13]]
[2. 2. 2. 2. 2. 2. 2. 2. 2. 2. 2. 2. 2. 2. 2. 2. 2. 2. 2. 2. 2. 2. 2. 2.
 2. 2. 2. 2. 2. 2. 2. 2. 0. 0. 0. 0. 0. 0. 0. 0. 0. 0. 0. 0. 0. 0. 0. 0.
 0. 0. 0. 0. 0. 0. 0. 0. 0. 0. 0. 0. 0. 0. 0. 0. 0. 0. 0. 0. 0. 0. 0. 0.
 0. 0. 0. 0. 0. 0. 0. 0. 0. 0. 0. 0. 0. 0. 0. 0. 0. 0. 0. 0. 0. 0. 0. 0.
 0. 0. 0. 0. 0. 0. 0. 0. 0. 0. 0. 0. 0. 0. 0. 0. 0. 0. 0. 0. 0. 0. 0. 0.
 0. 0. 0. 0. 0. 0. 0. 0. 0. 0. 0. 0. 0. 0. 0. 0. 0. 0. 0. 0. 0. 0. 0. 0.
 0. 0. 0. 0. 0. 0. 0. 0. 0. 0. 0. 0. 0. 0. 0. 0. 0. 0. 0. 0. 0. 0. 0. 0.
 0. 0. 0. 0. 0. 0. 0. 0. 0. 0. 0. 0. 0. 0. 0. 0. 0. 0. 0. 0. 0. 0. 0. 0.
 0. 0. 0. 0. 0. 0. 0. 0. 0. 0. 0. 0. 0. 0. 0. 0.]
start SG
end SG -->  4.586897373199463
    CPU time for vj and vk      7.51 sec, wall time      7.53 sec
E1 = 32.24977340976539  Ecoul = 8.782988844086315  Exc = -26.901237450443105
cycle= 1 E= -88.3394599804799  delta_E= -1.45e-10  |g|= 2.69e-06  |ddm|= 2.69e-05
    CPU time for cycle= 1     10.80 sec, wall time     10.83 sec
  HOMO = 0.536087788524868  LUMO = 0.809443224096317
  mo_energy =
[-0.30703291 -0.23037235 -0.23037136  0.01820439  0.01820515  0.01820515
  0.01820619  0.02075106  0.02075108  0.04983539  0.04983623  0.04983623
  0.04983742  0.20941924  0.2094201   0.2094201   0.20942153  0.27475014
  0.27475014  0.28471649  0.28471768  0.28471768  0.28471959  0.35004818
  0.35004965  0.36705265  0.36705265  0.36705425  0.36705425  0.5317705
  0.53608779  0.53608779  0.80944322  0.80944447  0.8421508   0.84355504
  0.84355504  0.86873069  0.86873075  0.86987619  0.8698763   0.8698763
  0.86987668  1.07971541  1.07971541  1.07971817  1.07971817  1.08827371
  1.08827439  1.08827439  1.08827604  1.11766248  1.11766355  1.11766355
  1.11766557  1.13501282  1.13501321  1.17885524  1.27846962  1.27846962
  1.27847055  1.27847632  1.27942547  1.27942547  1.59331047  1.59331277
  1.59331277  1.59331769  1.63350449  1.63350502  1.71414429  1.71414571
  1.71500684  1.71500968  1.71500968  1.7150159   1.75632013  1.75787651
  1.87343178  1.87343493  1.90134524  1.90134678  2.04014692  2.04014692
  2.04022545  2.04022785  2.04023249  2.04023249  2.06110754  2.06110941
  2.06110941  2.06111328  2.25912319  2.25912319  2.25912631  2.25912631
  2.34562489  2.34562511  2.34562511  2.34562528  2.34702907  2.34702957
  2.40769708  2.40769708  2.40810116  2.47238567  2.47271935  2.47271935
  2.49631029  2.49631051  2.49631051  2.49631245  2.53734922  2.53734922
  2.53735404  2.53735404  2.76872182  2.76872329  2.76872329  2.76872774
  2.78765499  2.78765499  2.78773352  2.78774017  2.78786455  2.78786455
  2.79524423  2.79524505  2.88448577  2.88448733  2.88448733  2.88449071
  2.9804283   2.9804283   2.98042849  2.98042997  2.98067587  2.98067601
  3.02126639  3.02126639  3.02155735  3.02156125  3.02156644  3.02156644
  3.07418764  3.07418944  3.10640296  3.10640296  3.10640341  3.10640392
  3.26827073  3.2682708   3.2682708   3.26827195  3.28583419  3.28583526
  3.35175402  3.35175761  3.41730467  3.41730467  3.4173112   3.4173112
  3.42810992  3.42811006  3.42891277  3.42891347  3.42891347  3.42891463
  3.56090003  3.56342943  3.73149757  3.73170969  3.73170969  3.83433632
  3.8343378   4.33925451  4.33925451  4.33925483  4.3392552   4.6215454
  4.6215454   4.62260436  4.72336988  4.72336988  4.72337317  4.72337317
  4.7237328   4.7237328   4.72381002  4.72381262  4.72390276  4.72390276
  8.67202562  8.85854926  8.85858597  8.99983297  9.00938896  9.013908
  9.01401906  9.01401906  9.01415235  9.02136179  9.02692613  9.03111346
  9.03592463  9.03592463  9.03618829  9.04054286]
nelec by numeric integration = 63.999999995674436
    CPU time for vxc      3.27 sec, wall time      3.28 sec
~/packages/PeriodicIntegrals/PeriodicIntegrals-junjie-benchmark/isdfx/isdfx.py +4733
[[ 5.92609359e-01 -2.07730529e-02 -2.74828472e-11 ...  3.29327879e-03
  -3.30281590e-03  1.91987321e-13]
 [-2.07730529e-02  8.44669485e-04  3.69849334e-12 ... -2.09909750e-04
   1.65271701e-04  6.36085237e-15]
 [-2.74828472e-11  3.69849334e-12  6.49907130e-01 ...  1.14965853e-04
   2.11001557e-03  3.14498016e-03]
 ...
 [ 3.29327879e-03 -2.09909750e-04  1.14965853e-04 ...  4.46233223e-04
   2.30439374e-08 -2.02661025e-14]
 [-3.30281590e-03  1.65271701e-04  2.11001557e-03 ...  2.30439374e-08
   2.26890649e-03  4.37502107e-08]
 [ 1.91987321e-13  6.36085237e-15  3.14498016e-03 ... -2.02661025e-14
   4.37502107e-08  6.71978531e-04]]
[[ 1.71227010e-01  5.00415378e-06 -2.07241598e-01 ...  6.11996287e-10
  -1.02487304e-10 -1.15433950e+00]
 [-6.74278742e-03  6.97984125e-06  4.11308470e-03 ...  5.45737646e-10
  -9.44184795e-11 -1.06103911e+00]
 [ 1.02867060e-11  1.58955472e-12 -1.19792414e-11 ... -1.69325447e-02
  -3.48329957e-10  4.84226638e-11]
 ...
 [-6.95425425e-05  1.20787114e-03 -1.20740627e-03 ...  7.95064443e-03
  -6.58379555e-11 -4.51164541e-03]
 [ 9.87656577e-08  7.03664156e-08 -1.89915752e-07 ... -4.95610346e-05
  -5.79806646e-02 -4.17519916e-02]
 [ 6.13544568e-13 -2.11299483e-13 -7.33846582e-14 ...  2.29303778e-03
   8.39980206e-06  6.93615048e-13]]
[2. 2. 2. 2. 2. 2. 2. 2. 2. 2. 2. 2. 2. 2. 2. 2. 2. 2. 2. 2. 2. 2. 2. 2.
 2. 2. 2. 2. 2. 2. 2. 2. 0. 0. 0. 0. 0. 0. 0. 0. 0. 0. 0. 0. 0. 0. 0. 0.
 0. 0. 0. 0. 0. 0. 0. 0. 0. 0. 0. 0. 0. 0. 0. 0. 0. 0. 0. 0. 0. 0. 0. 0.
 0. 0. 0. 0. 0. 0. 0. 0. 0. 0. 0. 0. 0. 0. 0. 0. 0. 0. 0. 0. 0. 0. 0. 0.
 0. 0. 0. 0. 0. 0. 0. 0. 0. 0. 0. 0. 0. 0. 0. 0. 0. 0. 0. 0. 0. 0. 0. 0.
 0. 0. 0. 0. 0. 0. 0. 0. 0. 0. 0. 0. 0. 0. 0. 0. 0. 0. 0. 0. 0. 0. 0. 0.
 0. 0. 0. 0. 0. 0. 0. 0. 0. 0. 0. 0. 0. 0. 0. 0. 0. 0. 0. 0. 0. 0. 0. 0.
 0. 0. 0. 0. 0. 0. 0. 0. 0. 0. 0. 0. 0. 0. 0. 0. 0. 0. 0. 0. 0. 0. 0. 0.
 0. 0. 0. 0. 0. 0. 0. 0. 0. 0. 0. 0. 0. 0. 0. 0.]
start SG
end SG -->  4.632073402404785
    CPU time for vj and vk      7.56 sec, wall time      7.58 sec
E1 = 32.24977390751624  Ecoul = 8.782987992923369  Exc = -26.901237097030076
Extra cycle  E= -88.3394599804789  delta_E= 9.38e-13  |g|= 3.56e-06  |ddm|= 4.75e-06
    CPU time for scf_cycle     36.13 sec, wall time     36.24 sec
    CPU time for SCF     36.53 sec, wall time     36.82 sec
converged SCF energy = -88.3394599804789
Successfully saved all results to /central/scratch/yangjunjie//run-scf-spc-diamond-conv-1-1-2-fftdf-occri-1-100-/48048543/scf.h5
