SLURMD_NODENAME = hpc-34-27
Start time = Tue Mar 18 01:05:44 PM PDT 2025
OMP_NUM_THREADS = 1
MKL_NUM_THREADS = 1
PYSCF_MAX_MEMORY = 409600
TMPDIR = /central/scratch/yangjunjie//run-scf-spc-diamond-prim-2-2-2-fftisdf-ks-1-100-rcut_epsilon-1e-05-ke_epsilon-0.01-isdf_thresh-5e-05/48068307/
PYSCF_TMPDIR = /central/scratch/yangjunjie//run-scf-spc-diamond-prim-2-2-2-fftisdf-ks-1-100-rcut_epsilon-1e-05-ke_epsilon-0.01-isdf_thresh-5e-05/48068307/

/home/junjiey/anaconda3/envs/fftisdf/bin/python
2.8.0
1.13.1
2.0.2
fft_engine = NUMPY+BLAS
name = diamond-prim
ke_cutoff =  1.00e+02
exxdiv = None
df = fftisdf-ks
chk_path = ../../../gdf-32/tmp/scf.h5
mesh = 2,2,2
rcut_epsilon =  1.00e-05
ke_epsilon =  1.00e-02
isdf_thresh =  5.00e-05

Discarded 6 diffused primitive functions, 0 contracted functions
ke_cutoff = 100.0
None

******** <class 'ISDFX'> ********
lin_dep_thresh: 1e-10
alpha_cutoff: 2.8
rcut_epsilon: 1e-05
ke_epsilon: 0.01
isdf_thresh: 5e-05
grid_vol_cutoff: 0.05
ke_step: 2.0
ao_tol: 1e-12
multigrid_on: True
direct_j: True
iterative_build: True
occRI: True
voronoi: True
fit_sparse_grid: False
fit_dense_grid: True
direct_k_sparse: True
direct_k: False
use_kpt_symm: False
kmesh: [1, 1, 1]
isdf_pts_from_q0: True
isdf_pts_from_gamma_point: False
alpha: None
do_real_isdf: False
N_xi: None
use_cell_periodic: False
isdf_thresh_sparse: None
ncopy: [1, 1, 1]
j_grid_mesh: None
k_grid_mesh: None
num_j_grids: 100
get_ao_from_pyscf: False
nuc_pp_version: 0
vppnl_ver: 0
universal_dense_grid: None
same_jk_grids: None
coulomb_only: False
max_memory   409600 MB (current use       90 MB)

Exchange function: getK_occRI  

cell mesh: [47 47 47]
nbas:  192
Grid     keMax    keMin    keGrid   expMax   expMin   nexp     lmax     PWs      mesh        
0        51.6     51.6     115.3    5.6      5.6      1        2        103823   [47 47 47]
1        19.5     3.2      19.5     2.1      0.3      3        2        9261     [21 21 21]
0        77.4     57.7     115.3    5.6      5.6      1        2        103823   [47 47 47]
1        29.2     14.6     29.2     2.1      2.1      1        2        15625    [25 25 25]
2        10.6     4.8      10.6     0.8      0.3      2        2        3375     [15 15 15]

ISDF

atm      grid     Ng       NI       Nxi      sharp    on_grid  diffuse  maxexp   minexp   lmax     lmin    
0        0        103823   2073     108      9        297      288      5.61     5.61     2        0       
1        0        103823   2105     109      9        297      288      5.61     5.61     2        0       
2        0        103823   2110     109      9        297      288      5.61     5.61     2        0       
3        0        103823   2095     107      9        297      288      5.61     5.61     2        0       
4        0        103823   2110     109      9        297      288      5.61     5.61     2        0       
5        0        103823   2095     107      9        297      288      5.61     5.61     2        0       
6        0        103823   2095     107      9        297      288      5.61     5.61     2        0       
7        0        103823   2110     109      9        297      288      5.61     5.61     2        0       
8        0        103823   2110     109      9        297      288      5.61     5.61     2        0       
9        0        103823   2095     107      9        297      288      5.61     5.61     2        0       
10       0        103823   2095     107      9        297      288      5.61     5.61     2        0       
11       0        103823   2110     109      9        297      288      5.61     5.61     2        0       
12       0        103823   2095     107      9        297      288      5.61     5.61     2        0       
13       0        103823   2110     109      9        297      288      5.61     5.61     2        0       
14       0        103823   2105     109      9        297      288      5.61     5.61     2        0       
15       0        103823   2073     108      9        297      288      5.61     5.61     2        0       
-        1        9261     9261     9261     432      432      432      2.11     0.35     2        0       
ISDF-pts:       1.80
ISDF-vec:       0.16
Fit dense grids ISDF:       1.96
Fit sparse grids ISDF:       0.00

Grid     PWs      Ng_i     N_xi     N_mu    
0        103823   33586    1730     4752    
1        9261     9261     9261     432     

nTHC: 10991
Mem Required (MB):     140.89
Curent RAM Use (MB) :        261 

Build W
ISDF-fft dense grids (sec):      16.58
Curent RAM Use (MB) :        356 
ISDF-fft:      16.58

Initial guess from minao.
Successfully loaded dm0 from ../../../gdf-32/tmp/scf.h5
~/packages/PeriodicIntegrals/PeriodicIntegrals-junjie-benchmark/isdfx/isdfx.py +4733
[[ 5.26855036e-01 -1.41882092e-02  7.56084978e-06 ... -7.27508003e-03
  -9.70010837e-03 -1.40009224e-03]
 [-1.41882092e-02  4.23422566e-04  9.74736857e-06 ...  2.16418229e-04
   2.88557836e-04  4.16500018e-05]
 [ 7.56084978e-06  9.74736857e-06  6.48895895e-01 ... -1.55812716e-02
   1.46099405e-03  8.00859935e-03]
 ...
 [-7.27508003e-03  2.16418229e-04 -1.55812716e-02 ...  1.80201864e-03
   5.58137812e-09  2.29128023e-04]
 [-9.70010837e-03  2.88557836e-04  1.46099405e-03 ...  5.58137812e-09
   1.66975589e-03 -2.23008497e-08]
 [-1.40009224e-03  4.16500018e-05  8.00859935e-03 ...  2.29128023e-04
  -2.23008497e-08  2.06661500e-03]]
[[ 1.71319019e-01  2.80739589e-01 -1.62116336e-01 ... -6.89782044e-05
   4.94184557e-01 -8.55712448e-01]
 [-6.66392695e-03 -8.75108711e-03  5.05561330e-03 ... -5.57270448e-05
   3.99134311e-01 -6.90974654e-01]
 [ 1.10507086e-06  2.05462122e-02  3.41153061e-02 ... -2.45709669e-02
   7.23699959e-02  4.13636790e-02]
 ...
 [-1.12724054e-07 -4.35204640e-03  7.48321802e-03 ...  3.42248269e-02
   2.70120176e-02 -1.51646802e-02]
 [-1.49262855e-07 -5.73838990e-03  9.97762844e-03 ... -2.27793710e-02
   3.60160468e-02 -2.02220260e-02]
 [-1.94183796e-08 -6.00506389e-04  1.44014593e-03 ...  4.49773607e-02
   5.19848209e-03 -2.92784360e-03]]
[2. 2. 2. 2. 2. 2. 2. 2. 2. 2. 2. 2. 2. 2. 2. 2. 2. 2. 2. 2. 2. 2. 2. 2.
 2. 2. 2. 2. 2. 2. 2. 2. 0. 0. 0. 0. 0. 0. 0. 0. 0. 0. 0. 0. 0. 0. 0. 0.
 0. 0. 0. 0. 0. 0. 0. 0. 0. 0. 0. 0. 0. 0. 0. 0. 0. 0. 0. 0. 0. 0. 0. 0.
 0. 0. 0. 0. 0. 0. 0. 0. 0. 0. 0. 0. 0. 0. 0. 0. 0. 0. 0. 0. 0. 0. 0. 0.
 0. 0. 0. 0. 0. 0. 0. 0. 0. 0. 0. 0. 0. 0. 0. 0. 0. 0. 0. 0. 0. 0. 0. 0.
 0. 0. 0. 0. 0. 0. 0. 0. 0. 0. 0. 0. 0. 0. 0. 0. 0. 0. 0. 0. 0. 0. 0. 0.
 0. 0. 0. 0. 0. 0. 0. 0. 0. 0. 0. 0. 0. 0. 0. 0. 0. 0. 0. 0. 0. 0. 0. 0.
 0. 0. 0. 0. 0. 0. 0. 0. 0. 0. 0. 0. 0. 0. 0. 0. 0. 0. 0. 0. 0. 0. 0. 0.
 0. 0. 0. 0. 0. 0. 0. 0. 0. 0. 0. 0. 0. 0. 0. 0.]
~/packages/PeriodicIntegrals/PeriodicIntegrals-junjie-benchmark/isdfx/isdfx.py +4733
[[ 5.26855036e-01 -1.41882092e-02  7.56084978e-06 ... -7.27508003e-03
  -9.70010837e-03 -1.40009224e-03]
 [-1.41882092e-02  4.23422566e-04  9.74736857e-06 ...  2.16418229e-04
   2.88557836e-04  4.16500018e-05]
 [ 7.56084978e-06  9.74736857e-06  6.48895895e-01 ... -1.55812716e-02
   1.46099405e-03  8.00859935e-03]
 ...
 [-7.27508003e-03  2.16418229e-04 -1.55812716e-02 ...  1.80201864e-03
   5.58137812e-09  2.29128023e-04]
 [-9.70010837e-03  2.88557836e-04  1.46099405e-03 ...  5.58137812e-09
   1.66975589e-03 -2.23008497e-08]
 [-1.40009224e-03  4.16500018e-05  8.00859935e-03 ...  2.29128023e-04
  -2.23008497e-08  2.06661500e-03]]
[[ 1.71319019e-01  2.80739589e-01 -1.62116336e-01 ... -6.89782044e-05
   4.94184557e-01 -8.55712448e-01]
 [-6.66392695e-03 -8.75108711e-03  5.05561330e-03 ... -5.57270448e-05
   3.99134311e-01 -6.90974654e-01]
 [ 1.10507086e-06  2.05462122e-02  3.41153061e-02 ... -2.45709669e-02
   7.23699959e-02  4.13636790e-02]
 ...
 [-1.12724054e-07 -4.35204640e-03  7.48321802e-03 ...  3.42248269e-02
   2.70120176e-02 -1.51646802e-02]
 [-1.49262855e-07 -5.73838990e-03  9.97762844e-03 ... -2.27793710e-02
   3.60160468e-02 -2.02220260e-02]
 [-1.94183796e-08 -6.00506389e-04  1.44014593e-03 ...  4.49773607e-02
   5.19848209e-03 -2.92784360e-03]]
[2. 2. 2. 2. 2. 2. 2. 2. 2. 2. 2. 2. 2. 2. 2. 2. 2. 2. 2. 2. 2. 2. 2. 2.
 2. 2. 2. 2. 2. 2. 2. 2. 0. 0. 0. 0. 0. 0. 0. 0. 0. 0. 0. 0. 0. 0. 0. 0.
 0. 0. 0. 0. 0. 0. 0. 0. 0. 0. 0. 0. 0. 0. 0. 0. 0. 0. 0. 0. 0. 0. 0. 0.
 0. 0. 0. 0. 0. 0. 0. 0. 0. 0. 0. 0. 0. 0. 0. 0. 0. 0. 0. 0. 0. 0. 0. 0.
 0. 0. 0. 0. 0. 0. 0. 0. 0. 0. 0. 0. 0. 0. 0. 0. 0. 0. 0. 0. 0. 0. 0. 0.
 0. 0. 0. 0. 0. 0. 0. 0. 0. 0. 0. 0. 0. 0. 0. 0. 0. 0. 0. 0. 0. 0. 0. 0.
 0. 0. 0. 0. 0. 0. 0. 0. 0. 0. 0. 0. 0. 0. 0. 0. 0. 0. 0. 0. 0. 0. 0. 0.
 0. 0. 0. 0. 0. 0. 0. 0. 0. 0. 0. 0. 0. 0. 0. 0. 0. 0. 0. 0. 0. 0. 0. 0.
 0. 0. 0. 0. 0. 0. 0. 0. 0. 0. 0. 0. 0. 0. 0. 0.]
start SG
end SG -->  0.35309338569641113


******** <class 'pyscf.pbc.dft.rks.RKS'> ********
method = RKS
initial guess = minao
damping factor = 0
level_shift factor = 0
DIIS = <class 'pyscf.scf.diis.CDIIS'>
diis_start_cycle = 1
diis_space = 8
diis_damp = 0
SCF conv_tol = 1e-08
SCF conv_tol_grad = None
SCF max_cycles = 50
direct_scf = True
direct_scf_tol = 1e-13
chkfile to save SCF result = /central/scratch/yangjunjie/run-scf-spc-diamond-prim-2-2-2-fftisdf-ks-1-100-rcut_epsilon-1e-05-ke_epsilon-0.01-isdf_thresh-5e-05/48068307/tmpc7nj8tpu
max_memory 409600 MB (current use 327 MB)
******** PBC SCF flags ********
kpt = [0. 0. 0.]
Exchange divergence treatment (exxdiv) = None
DF object = <isdfx.isdfx.ISDFX object at 0x7f0d91b48850>
XC functionals = PBE0
small_rho_cutoff = 1e-07
Set gradient conv threshold to 0.0001
nelec by numeric integration = 63.99999999931137
    CPU time for vxc      5.28 sec, wall time      5.29 sec
~/packages/PeriodicIntegrals/PeriodicIntegrals-junjie-benchmark/isdfx/isdfx.py +4733
[[ 5.26855036e-01 -1.41882092e-02  7.56084978e-06 ... -7.27508003e-03
  -9.70010837e-03 -1.40009224e-03]
 [-1.41882092e-02  4.23422566e-04  9.74736857e-06 ...  2.16418229e-04
   2.88557836e-04  4.16500018e-05]
 [ 7.56084978e-06  9.74736857e-06  6.48895895e-01 ... -1.55812716e-02
   1.46099405e-03  8.00859935e-03]
 ...
 [-7.27508003e-03  2.16418229e-04 -1.55812716e-02 ...  1.80201864e-03
   5.58137812e-09  2.29128023e-04]
 [-9.70010837e-03  2.88557836e-04  1.46099405e-03 ...  5.58137812e-09
   1.66975589e-03 -2.23008497e-08]
 [-1.40009224e-03  4.16500018e-05  8.00859935e-03 ...  2.29128023e-04
  -2.23008497e-08  2.06661500e-03]]
[[ 1.71319019e-01  2.80739589e-01 -1.62116336e-01 ... -6.89782044e-05
   4.94184557e-01 -8.55712448e-01]
 [-6.66392695e-03 -8.75108711e-03  5.05561330e-03 ... -5.57270448e-05
   3.99134311e-01 -6.90974654e-01]
 [ 1.10507086e-06  2.05462122e-02  3.41153061e-02 ... -2.45709669e-02
   7.23699959e-02  4.13636790e-02]
 ...
 [-1.12724054e-07 -4.35204640e-03  7.48321802e-03 ...  3.42248269e-02
   2.70120176e-02 -1.51646802e-02]
 [-1.49262855e-07 -5.73838990e-03  9.97762844e-03 ... -2.27793710e-02
   3.60160468e-02 -2.02220260e-02]
 [-1.94183796e-08 -6.00506389e-04  1.44014593e-03 ...  4.49773607e-02
   5.19848209e-03 -2.92784360e-03]]
[2. 2. 2. 2. 2. 2. 2. 2. 2. 2. 2. 2. 2. 2. 2. 2. 2. 2. 2. 2. 2. 2. 2. 2.
 2. 2. 2. 2. 2. 2. 2. 2. 0. 0. 0. 0. 0. 0. 0. 0. 0. 0. 0. 0. 0. 0. 0. 0.
 0. 0. 0. 0. 0. 0. 0. 0. 0. 0. 0. 0. 0. 0. 0. 0. 0. 0. 0. 0. 0. 0. 0. 0.
 0. 0. 0. 0. 0. 0. 0. 0. 0. 0. 0. 0. 0. 0. 0. 0. 0. 0. 0. 0. 0. 0. 0. 0.
 0. 0. 0. 0. 0. 0. 0. 0. 0. 0. 0. 0. 0. 0. 0. 0. 0. 0. 0. 0. 0. 0. 0. 0.
 0. 0. 0. 0. 0. 0. 0. 0. 0. 0. 0. 0. 0. 0. 0. 0. 0. 0. 0. 0. 0. 0. 0. 0.
 0. 0. 0. 0. 0. 0. 0. 0. 0. 0. 0. 0. 0. 0. 0. 0. 0. 0. 0. 0. 0. 0. 0. 0.
 0. 0. 0. 0. 0. 0. 0. 0. 0. 0. 0. 0. 0. 0. 0. 0. 0. 0. 0. 0. 0. 0. 0. 0.
 0. 0. 0. 0. 0. 0. 0. 0. 0. 0. 0. 0. 0. 0. 0. 0.]
start SG
end SG -->  0.3480498790740967
    CPU time for vj and vk     15.63 sec, wall time     15.69 sec
E1 = 32.46229603821776  Ecoul = 9.192823952014546  Exc = -26.474963399720494
init E= -87.2908281933769
    CPU time for initialize scf     26.39 sec, wall time     26.48 sec
  HOMO = 0.552206826020036  LUMO = 0.848224258303608
  mo_energy =
[-0.28299122 -0.06900655 -0.06900639 -0.06900448 -0.06899918  0.02793117
  0.02796603  0.02796679  0.02796744  0.04449701  0.04449745  0.04449892
  0.04449949  0.04450342  0.04450405  0.30401006  0.30401085  0.30401247
  0.30407697  0.30407905  0.30407979  0.44054963  0.44055037  0.44055695
  0.44066201  0.44066439  0.44066533  0.44066658  0.44066783  0.55205689
  0.55220546  0.55220683  0.84822426  0.84835594  0.84835609  0.87374727
  0.87374737  0.87374831  0.87380678  0.87380689  0.87380771  0.97015338
  0.97015339  0.97015741  0.97026311  0.97026322  0.97028881  0.97029103
  0.97029107  0.99990778  0.99996895  0.99996905  0.9999736   1.1871868
  1.28702586  1.28702586  1.28702822  1.28721037  1.28721322  1.28721323
  1.34846168  1.34867642  1.34867927  1.34867934  1.71503991  1.71538614
  1.7153867   1.71538675  1.72297461  1.72297467  1.7229748   1.7229749
  1.72297648  1.72297803  1.76075177  1.76075188  1.90950677  1.90950679
  1.90950849  1.90967339  1.90967686  1.90967689  1.90971342  1.90971354
  2.04533599  2.04533599  2.04533892  2.04545537  2.04545823  2.04545824
  2.06689583  2.06689647  2.0668965   2.0669333   2.06693338  2.06693387
  2.06709612  2.06709632  2.35053799  2.350538    2.35054043  2.35055585
  2.35055585  2.35055931  2.4138182   2.41404638  2.41404646  2.4797257
  2.48024889  2.48024912  2.65782674  2.65802814  2.65802922  2.65802932
  2.79514574  2.7951459   2.79514923  2.79539228  2.79539551  2.79539569
  2.90223273  2.9022345   2.90223481  2.90239934  2.93339377  2.9333938
  2.93339855  2.93361739  2.93361751  2.93386139  2.93386145  2.93386206
  2.98265331  2.98265561  2.98265568  2.98279581  2.98279589  2.98279779
  2.98304457  2.98304473  2.98631614  2.98631627  2.98631678  2.98633684
  2.98633736  2.98633751  3.02732314  3.02732332  3.0273241   3.0277125
  3.02771646  3.0277166   3.27517747  3.27604608  3.27604609  3.27605007
  3.43498428  3.43498543  3.43498551  3.43575051  3.43575856  3.43575866
  3.56836902  3.56836918  3.6182669   3.6182672   3.61826837  3.61826863
  3.61826904  3.61858322  3.61858372  3.61858387  3.7380504   3.73835546
  3.73835563  4.51090442  4.51090509  4.51090531  4.51156841  4.51156849
  4.51179648  4.5117967   4.51179783  4.628272    4.62925877  4.62925915
  4.72997654  4.72997691  4.72997721  4.73036705  4.73036855  4.73036887
  8.68769664  9.01656708  9.02881003  9.02906297  9.02933109  9.02933114
  9.02942577  9.02942586  9.02956672  9.02956673  9.03056563  9.03121524
  9.07447833  9.07447846  9.07463336  9.07506373]
nelec by numeric integration = 63.999999999311385
    CPU time for vxc      4.47 sec, wall time      4.49 sec
~/packages/PeriodicIntegrals/PeriodicIntegrals-junjie-benchmark/isdfx/isdfx.py +4733
[[ 5.26885002e-01 -1.41870257e-02  5.75330376e-07 ... -7.27735418e-03
  -9.70293215e-03 -1.40046885e-03]
 [-1.41870257e-02  4.23338427e-04  1.13840626e-05 ...  2.16466946e-04
   2.88636932e-04  4.16613382e-05]
 [ 5.75330376e-07  1.13840626e-05  6.48916054e-01 ... -1.55855598e-02
   1.45334778e-03  8.00655484e-03]
 ...
 [-7.27735418e-03  2.16466946e-04 -1.55855598e-02 ...  1.80253537e-03
   2.78468544e-07  2.29187641e-04]
 [-9.70293215e-03  2.88636932e-04  1.45334778e-03 ...  2.78468544e-07
   1.67037285e-03  4.93158444e-08]
 [-1.40046885e-03  4.16613382e-05  8.00655484e-03 ...  2.29187641e-04
   4.93158444e-08  2.06691372e-03]]
[[ 1.71333190e-01 -1.31234684e-03 -4.78698961e-04 ... -1.43018684e-04
  -4.96678121e-01 -8.58320899e-01]
 [-6.66372172e-03  4.08619081e-05  1.48647851e-05 ... -1.15707388e-04
  -4.01697790e-01 -6.93912774e-01]
 [-6.56986510e-08  7.02040421e-03 -7.33004196e-02 ... -2.47448203e-02
  -7.22203613e-02  4.13871178e-02]
 ...
 [-3.40982268e-06  7.08193900e-03  9.98670672e-03 ...  3.42826949e-02
  -2.70914113e-02 -1.52487429e-02]
 [-4.52134943e-06 -4.68874991e-03 -6.62565183e-03 ... -2.28430880e-02
  -3.60894828e-02 -2.03341471e-02]
 [-5.99900318e-07  1.46561975e-02 -7.49937733e-03 ...  4.49783677e-02
  -5.20185298e-03 -2.94406279e-03]]
[2. 2. 2. 2. 2. 2. 2. 2. 2. 2. 2. 2. 2. 2. 2. 2. 2. 2. 2. 2. 2. 2. 2. 2.
 2. 2. 2. 2. 2. 2. 2. 2. 0. 0. 0. 0. 0. 0. 0. 0. 0. 0. 0. 0. 0. 0. 0. 0.
 0. 0. 0. 0. 0. 0. 0. 0. 0. 0. 0. 0. 0. 0. 0. 0. 0. 0. 0. 0. 0. 0. 0. 0.
 0. 0. 0. 0. 0. 0. 0. 0. 0. 0. 0. 0. 0. 0. 0. 0. 0. 0. 0. 0. 0. 0. 0. 0.
 0. 0. 0. 0. 0. 0. 0. 0. 0. 0. 0. 0. 0. 0. 0. 0. 0. 0. 0. 0. 0. 0. 0. 0.
 0. 0. 0. 0. 0. 0. 0. 0. 0. 0. 0. 0. 0. 0. 0. 0. 0. 0. 0. 0. 0. 0. 0. 0.
 0. 0. 0. 0. 0. 0. 0. 0. 0. 0. 0. 0. 0. 0. 0. 0. 0. 0. 0. 0. 0. 0. 0. 0.
 0. 0. 0. 0. 0. 0. 0. 0. 0. 0. 0. 0. 0. 0. 0. 0. 0. 0. 0. 0. 0. 0. 0. 0.
 0. 0. 0. 0. 0. 0. 0. 0. 0. 0. 0. 0. 0. 0. 0. 0.]
start SG
end SG -->  0.35619211196899414
    CPU time for vj and vk     15.68 sec, wall time     15.74 sec
E1 = 32.46171215369271  Ecoul = 9.193689322612187  Exc = -26.475245321797832
cycle= 1 E= -87.2908286293817  delta_E= -4.36e-07  |g|= 0.000213  |ddm|= 0.00105
    CPU time for cycle= 1     20.17 sec, wall time     20.24 sec
  HOMO = 0.55222344799279  LUMO = 0.848240086949207
  mo_energy =
[-0.28298053 -0.06899555 -0.06899246 -0.06899159 -0.06899134  0.02793808
  0.02797526  0.02797574  0.02797779  0.04450856  0.04450942  0.04450996
  0.04451124  0.04451245  0.04451323  0.30401856  0.3040221   0.30402283
  0.30408995  0.30409072  0.30409357  0.44055888  0.44056304  0.44056405
  0.44067754  0.44067849  0.44068115  0.44068135  0.44068263  0.55206598
  0.55222204  0.55222345  0.84824009  0.84836542  0.84836558  0.87375823
  0.87375875  0.87375878  0.87381273  0.87381365  0.87381374  0.97016766
  0.97017094  0.97017109  0.97027339  0.97027352  0.97029796  0.97029812
  0.97030195  0.99992793  0.99997906  0.99998315  0.99998332  1.18720532
  1.28704536  1.28704892  1.28704907  1.28722816  1.28722828  1.28723163
  1.34848139  1.34869753  1.34869765  1.34870017  1.71505226  1.71540185
  1.715402    1.71540533  1.72299246  1.7229925   1.72299366  1.72299375
  1.72299514  1.72299576  1.76075909  1.76075924  1.90951968  1.90951974
  1.90952075  1.90969143  1.90969157  1.90969282  1.90972515  1.90972528
  2.04534388  2.04534655  2.04534665  2.04546572  2.04546584  2.04546843
  2.06690155  2.06690167  2.06690557  2.06694095  2.06694433  2.06694451
  2.0671046   2.06710481  2.35054603  2.35054613  2.35055283  2.35056303
  2.35056314  2.35057103  2.41383649  2.41405693  2.41405703  2.47974272
  2.48026676  2.48026699  2.65784044  2.65803697  2.65803713  2.65803956
  2.79516234  2.79516522  2.7951655   2.79540982  2.79541011  2.79541312
  2.90224894  2.90224962  2.90224987  2.90241395  2.93341064  2.93341542
  2.9334156   2.9336344   2.93363453  2.93387619  2.93387635  2.933883
  2.98266514  2.98267096  2.98267102  2.98280578  2.98280591  2.98281199
  2.9830602   2.98306037  2.98633032  2.98633041  2.98633089  2.98634741
  2.98634819  2.98634833  3.02733506  3.02733896  3.02733923  3.02772805
  3.02772824  3.02772919  3.27519504  3.27606104  3.27606111  3.27606122
  3.43499816  3.43499828  3.43499934  3.4357666   3.43577256  3.43577263
  3.5683821   3.56838221  3.61827962  3.61827991  3.61828057  3.61828083
  3.61828202  3.61859558  3.61859584  3.61860106  3.73806489  3.73837125
  3.73837142  4.51091375  4.51092423  4.51092436  4.51158085  4.51158094
  4.51180861  4.51180896  4.51181633  4.62828926  4.62927313  4.62927353
  4.7299889   4.72999465  4.72999497  4.7303801   4.73038051  4.73038425
  8.68773589  9.01661085  9.02889425  9.02914884  9.02940593  9.02940654
  9.02946995  9.02947031  9.02958129  9.02958157  9.03054441  9.03117619
  9.07452205  9.07452257  9.07466938  9.07508425]
nelec by numeric integration = 63.999999999311385
    CPU time for vxc      4.45 sec, wall time      4.47 sec
~/packages/PeriodicIntegrals/PeriodicIntegrals-junjie-benchmark/isdfx/isdfx.py +4733
[[ 5.26857122e-01 -1.41827710e-02  4.19615192e-06 ... -7.27730245e-03
  -9.70282710e-03 -1.40045280e-03]
 [-1.41827710e-02  4.23136594e-04  1.09921373e-05 ...  2.16426068e-04
   2.88581247e-04  4.16533342e-05]
 [ 4.19615192e-06  1.09921373e-05  6.48897214e-01 ... -1.55850698e-02
   1.45323628e-03  8.00633330e-03]
 ...
 [-7.27730245e-03  2.16426068e-04 -1.55850698e-02 ...  1.80238701e-03
   3.13731471e-07  2.29174463e-04]
 [-9.70282710e-03  2.88581247e-04  1.45323628e-03 ...  3.13731471e-07
   1.67023878e-03  6.73615923e-08]
 [-1.40045280e-03  4.16533342e-05  8.00633330e-03 ...  2.29174463e-04
   6.73615923e-08  2.06670673e-03]]
[[ 1.71292349e-01 -2.78029596e-01 -1.66653056e-01 ...  1.01594406e-04
  -4.97200886e-01 -8.59474894e-01]
 [-6.66187700e-03  8.66362185e-03  5.19654444e-03 ...  8.22620883e-05
  -4.02188555e-01 -6.94965355e-01]
 [-1.54638334e-06 -1.86091728e-02  3.12573159e-02 ...  5.83306346e-02
  -7.23211624e-02  4.14354537e-02]
 ...
 [-2.84553225e-06  4.08914193e-03  7.86768136e-03 ... -3.98190142e-02
  -2.71018486e-02 -1.52938761e-02]
 [-3.77552048e-06  5.68106856e-03  9.84886608e-03 ...  2.65362358e-02
  -3.61354597e-02 -2.03794893e-02]
 [-5.01255572e-07  1.15800048e-03  1.16428810e-03 ... -3.50276767e-02
  -5.21651020e-03 -2.94194898e-03]]
[2. 2. 2. 2. 2. 2. 2. 2. 2. 2. 2. 2. 2. 2. 2. 2. 2. 2. 2. 2. 2. 2. 2. 2.
 2. 2. 2. 2. 2. 2. 2. 2. 0. 0. 0. 0. 0. 0. 0. 0. 0. 0. 0. 0. 0. 0. 0. 0.
 0. 0. 0. 0. 0. 0. 0. 0. 0. 0. 0. 0. 0. 0. 0. 0. 0. 0. 0. 0. 0. 0. 0. 0.
 0. 0. 0. 0. 0. 0. 0. 0. 0. 0. 0. 0. 0. 0. 0. 0. 0. 0. 0. 0. 0. 0. 0. 0.
 0. 0. 0. 0. 0. 0. 0. 0. 0. 0. 0. 0. 0. 0. 0. 0. 0. 0. 0. 0. 0. 0. 0. 0.
 0. 0. 0. 0. 0. 0. 0. 0. 0. 0. 0. 0. 0. 0. 0. 0. 0. 0. 0. 0. 0. 0. 0. 0.
 0. 0. 0. 0. 0. 0. 0. 0. 0. 0. 0. 0. 0. 0. 0. 0. 0. 0. 0. 0. 0. 0. 0. 0.
 0. 0. 0. 0. 0. 0. 0. 0. 0. 0. 0. 0. 0. 0. 0. 0. 0. 0. 0. 0. 0. 0. 0. 0.
 0. 0. 0. 0. 0. 0. 0. 0. 0. 0. 0. 0. 0. 0. 0. 0.]
start SG
end SG -->  0.3485374450683594
    CPU time for vj and vk     15.49 sec, wall time     15.54 sec
E1 = 32.46179791104943  Ecoul = 9.193562092282708  Exc = -26.475203852874564
cycle= 2 E= -87.2908286334312  delta_E= -4.05e-09  |g|= 0.000165  |ddm|= 0.000301
    CPU time for cycle= 2     19.96 sec, wall time     20.03 sec
  HOMO = 0.552222257891621  LUMO = 0.848239135593471
  mo_energy =
[-0.28298139 -0.06899512 -0.06899496 -0.06899345 -0.06899101  0.02793743
  0.02797509  0.02797527  0.02797604  0.04450698  0.04450746  0.04450997
  0.04451061  0.0445111   0.04451349  0.30401954  0.30402016  0.30402082
  0.30408977  0.30409042  0.30409118  0.44055922  0.44056006  0.44056318
  0.4406771   0.44067795  0.4406789   0.44068027  0.44068156  0.55206472
  0.55222085  0.55222226  0.84823914  0.84836443  0.84836459  0.87375763
  0.87375768  0.87375826  0.87381259  0.87381267  0.87381289  0.97016827
  0.97016831  0.97017017  0.97027233  0.97027246  0.97029816  0.97029847
  0.97029856  0.99992685  0.99997998  0.99998004  0.99998213  1.18720375
  1.28704595  1.28704602  1.28704663  1.28722708  1.28722798  1.28722803
  1.34847976  1.3486958   1.34869712  1.3486972   1.71505083  1.71540151
  1.71540161  1.71540222  1.72299079  1.72299083  1.72299204  1.72299213
  1.72299367  1.72299423  1.76075848  1.76075863  1.90951838  1.90951843
  1.90951989  1.90968941  1.9096914   1.90969148  1.90972396  1.90972408
  2.04534447  2.04534448  2.04534574  2.04546501  2.0454663   2.04546634
  2.06690189  2.06690195  2.06690259  2.06694212  2.06694273  2.06694285
  2.06710397  2.06710419  2.35054629  2.35054634  2.35054998  2.35056337
  2.35056343  2.35056821  2.41383547  2.4140558   2.4140559   2.47974123
  2.48026524  2.48026547  2.65783965  2.65803692  2.65803698  2.65803708
  2.7951623   2.79516251  2.79516392  2.79540864  2.79540993  2.79541014
  2.90224708  2.90224857  2.90224885  2.90241274  2.93341173  2.93341177
  2.93341369  2.93363289  2.93363302  2.93387617  2.93387627  2.93387869
  2.98266578  2.98266905  2.9826691   2.98280558  2.98280567  2.98280877
  2.98305898  2.98305915  2.98632927  2.98632936  2.98632995  2.98634645
  2.98634708  2.98634722  3.02733625  3.02733674  3.02733693  3.02772561
  3.02772805  3.0277282   3.27519379  3.2760589   3.27605896  3.27606175
  3.43499703  3.43499749  3.43499758  3.43576443  3.43577194  3.43577202
  3.56838101  3.56838112  3.61827855  3.61827886  3.61827946  3.6182797
  3.6182808   3.6185959   3.6185961   3.6185972   3.7380636   3.73836993
  3.73837009  4.51091714  4.51092072  4.51092088  4.51157957  4.51157966
  4.51180888  4.51180914  4.51181212  4.62828802  4.62927177  4.62927217
  4.72999023  4.72999214  4.72999243  4.73038013  4.73038026  4.73038064
  8.68773251  9.0166048   9.02887154  9.02912322  9.02938359  9.02938385
  9.02946215  9.02946222  9.02958815  9.02958821  9.03057143  9.0312134
  9.07451447  9.07451472  9.07466725  9.07509207]
nelec by numeric integration = 63.999999999311385
    CPU time for vxc      4.46 sec, wall time      4.48 sec
~/packages/PeriodicIntegrals/PeriodicIntegrals-junjie-benchmark/isdfx/isdfx.py +4733
[[ 5.26864710e-01 -1.41838266e-02  2.50570041e-06 ... -7.27734556e-03
  -9.70289285e-03 -1.40046639e-03]
 [-1.41838266e-02  4.23187970e-04  1.11612969e-05 ...  2.16434867e-04
   2.88593304e-04  4.16553226e-05]
 [ 2.50570041e-06  1.11612969e-05  6.48903505e-01 ... -1.55852373e-02
   1.45324746e-03  8.00639723e-03]
 ...
 [-7.27734556e-03  2.16434867e-04 -1.55852373e-02 ...  1.80243797e-03
   3.04729282e-07  2.29181228e-04]
 [-9.70289285e-03  2.88593304e-04  1.45324746e-03 ...  3.04729282e-07
   1.67029044e-03  5.69384007e-08]
 [-1.40046639e-03  4.16553226e-05  8.00639723e-03 ...  2.29181228e-04
   5.69384007e-08  2.06678292e-03]]
[[ 1.71311113e-01  2.89378498e-03 -3.02730220e-04 ... -1.21292618e-04
  -4.97028366e-01 -8.58914145e-01]
 [-6.66264139e-03 -9.01480653e-05  9.39213736e-06 ... -9.81460274e-05
  -4.02023097e-01 -6.94458431e-01]
 [-1.00931160e-06 -2.69062411e-02 -6.81509185e-02 ... -4.33496510e-02
  -7.22582545e-02  4.14072443e-02]
 ...
 [-3.12194295e-06 -4.05043944e-03  1.15811317e-02 ...  3.75327124e-02
  -2.71010522e-02 -1.52696102e-02]
 [-4.13913026e-06  2.63742852e-03 -7.63789953e-03 ... -2.50131195e-02
  -3.61127131e-02 -2.03584015e-02]
 [-5.50315977e-07 -1.61644586e-02 -3.12947827e-03 ...  3.97903494e-02
  -5.20786843e-03 -2.94441246e-03]]
[2. 2. 2. 2. 2. 2. 2. 2. 2. 2. 2. 2. 2. 2. 2. 2. 2. 2. 2. 2. 2. 2. 2. 2.
 2. 2. 2. 2. 2. 2. 2. 2. 0. 0. 0. 0. 0. 0. 0. 0. 0. 0. 0. 0. 0. 0. 0. 0.
 0. 0. 0. 0. 0. 0. 0. 0. 0. 0. 0. 0. 0. 0. 0. 0. 0. 0. 0. 0. 0. 0. 0. 0.
 0. 0. 0. 0. 0. 0. 0. 0. 0. 0. 0. 0. 0. 0. 0. 0. 0. 0. 0. 0. 0. 0. 0. 0.
 0. 0. 0. 0. 0. 0. 0. 0. 0. 0. 0. 0. 0. 0. 0. 0. 0. 0. 0. 0. 0. 0. 0. 0.
 0. 0. 0. 0. 0. 0. 0. 0. 0. 0. 0. 0. 0. 0. 0. 0. 0. 0. 0. 0. 0. 0. 0. 0.
 0. 0. 0. 0. 0. 0. 0. 0. 0. 0. 0. 0. 0. 0. 0. 0. 0. 0. 0. 0. 0. 0. 0. 0.
 0. 0. 0. 0. 0. 0. 0. 0. 0. 0. 0. 0. 0. 0. 0. 0. 0. 0. 0. 0. 0. 0. 0. 0.
 0. 0. 0. 0. 0. 0. 0. 0. 0. 0. 0. 0. 0. 0. 0. 0.]
start SG
end SG -->  0.3600428104400635
    CPU time for vj and vk     15.55 sec, wall time     15.61 sec
E1 = 32.46179085616048  Ecoul = 9.193572494583268  Exc = -26.47520720698044
cycle= 3 E= -87.2908286401254  delta_E= -6.69e-09  |g|= 2.15e-05  |ddm|= 0.000154
    CPU time for cycle= 3     20.03 sec, wall time     20.11 sec
  HOMO = 0.552221547710402  LUMO = 0.848238574609494
  mo_energy =
[-0.28298192 -0.06899438 -0.06899419 -0.06899413 -0.06899405  0.02793701
  0.02797434  0.02797472  0.02797587  0.04450723  0.04450776  0.04450907
  0.04451016  0.04451077  0.0445114   0.30401824  0.30401981  0.30402058
  0.30408907  0.30408978  0.30409079  0.44055975  0.44055977  0.44056076
  0.44067648  0.44067732  0.44067815  0.44067962  0.44068091  0.5520639
  0.55222014  0.55222155  0.84823857  0.8483638   0.84836396  0.87375737
  0.87375743  0.87375751  0.87381209  0.87381236  0.87381243  0.97016788
  0.97016852  0.97016861  0.97027168  0.97027181  0.97029717  0.97029729
  0.9702989   0.99992624  0.99997939  0.99998027  0.99998037  1.18720278
  1.28704428  1.28704565  1.28704577  1.28722624  1.28722633  1.28722741
  1.34847875  1.3486954   1.34869549  1.34869603  1.7150499   1.71540025
  1.71540037  1.71540233  1.72298982  1.72298986  1.72299111  1.72299119
  1.72299267  1.72299317  1.76075811  1.76075826  1.90951772  1.90951778
  1.90951904  1.90968977  1.90969014  1.90969025  1.90972321  1.90972333
  2.04534396  2.04534458  2.04534464  2.04546516  2.04546524  2.04546582
  2.06690085  2.06690094  2.06690316  2.0669408   2.06694275  2.0669429
  2.06710359  2.06710381  2.35054529  2.35054537  2.3505505   2.35056242
  2.3505625   2.35056876  2.41383487  2.41405509  2.41405519  2.4797403
  2.4802643   2.48026453  2.65783917  2.65803597  2.65803611  2.65803723
  2.79516156  2.79516213  2.79516237  2.79540828  2.79540852  2.79540921
  2.90224656  2.90224763  2.9022479   2.90241199  2.93341058  2.93341188
  2.93341199  2.93363196  2.93363208  2.93387457  2.93387469  2.93387914
  2.9826643   2.98266881  2.98266886  2.98280435  2.98280447  2.98280899
  2.98305829  2.98305846  2.98632866  2.98632875  2.98632926  2.98634572
  2.9863464   2.98634655  3.02733445  3.02733659  3.02733683  3.02772598
  3.02772675  3.0277269   3.27519304  3.27605859  3.27605867  3.27606003
  3.43499646  3.43499656  3.4349968   3.43576426  3.435771    3.43577107
  3.56838034  3.56838044  3.61827785  3.61827815  3.61827875  3.618279
  3.61828018  3.61859455  3.61859478  3.61859786  3.73806279  3.73836912
  3.73836928  4.51091419  4.51092111  4.51092124  4.51157879  4.51157887
  4.51180739  4.5118077   4.51181279  4.62828726  4.62927095  4.62927135
  4.72998824  4.729992    4.7299923   4.73037873  4.73037909  4.73038086
  8.68773042  9.01660323  9.02886849  9.02912273  9.02938607  9.02938647
  9.0294623   9.02946251  9.029586    9.0295862   9.03056351  9.03120297
  9.07451457  9.07451495  9.07466507  9.07508534]
nelec by numeric integration = 63.999999999311385
    CPU time for vxc      4.45 sec, wall time      4.46 sec
~/packages/PeriodicIntegrals/PeriodicIntegrals-junjie-benchmark/isdfx/isdfx.py +4733
[[ 5.26866473e-01 -1.41840410e-02  2.36691105e-06 ... -7.27740304e-03
  -9.70296263e-03 -1.40047520e-03]
 [-1.41840410e-02  4.23197252e-04  1.11783302e-05 ...  2.16439087e-04
   2.88598556e-04  4.16560286e-05]
 [ 2.36691105e-06  1.11783302e-05  6.48906875e-01 ... -1.55853912e-02
   1.45318602e-03  8.00643413e-03]
 ...
 [-7.27740304e-03  2.16439087e-04 -1.55853912e-02 ...  1.80244211e-03
   3.21655464e-07  2.29182868e-04]
 [-9.70296263e-03  2.88598556e-04  1.45318602e-03 ...  3.21655464e-07
   1.67030858e-03  5.37207196e-08]
 [-1.40047520e-03  4.16560286e-05  8.00643413e-03 ...  2.29182868e-04
   5.37207196e-08  2.06678190e-03]]
[[ 1.71310085e-01 -7.59088138e-02 -1.07939492e-01 ...  1.18903223e-04
  -4.96957680e-01 -8.58982272e-01]
 [-6.66262410e-03  2.36524019e-03  3.36286318e-03 ...  9.62433873e-05
  -4.01960936e-01 -6.94515359e-01]
 [-7.70457600e-07  3.34723377e-02  2.24082670e-02 ...  5.45618664e-02
  -7.22818601e-02  4.14163092e-02]
 ...
 [-3.09396749e-06  1.73998623e-03 -9.47683871e-03 ... -3.92667649e-02
  -2.70963708e-02 -1.52749937e-02]
 [-4.10398656e-06  5.53365138e-04  7.43578193e-03 ...  2.61686738e-02
  -3.61160819e-02 -2.03598626e-02]
 [-5.46197089e-07  1.57640107e-02 -3.74454979e-03 ... -3.62705399e-02
  -5.21075251e-03 -2.94209737e-03]]
[2. 2. 2. 2. 2. 2. 2. 2. 2. 2. 2. 2. 2. 2. 2. 2. 2. 2. 2. 2. 2. 2. 2. 2.
 2. 2. 2. 2. 2. 2. 2. 2. 0. 0. 0. 0. 0. 0. 0. 0. 0. 0. 0. 0. 0. 0. 0. 0.
 0. 0. 0. 0. 0. 0. 0. 0. 0. 0. 0. 0. 0. 0. 0. 0. 0. 0. 0. 0. 0. 0. 0. 0.
 0. 0. 0. 0. 0. 0. 0. 0. 0. 0. 0. 0. 0. 0. 0. 0. 0. 0. 0. 0. 0. 0. 0. 0.
 0. 0. 0. 0. 0. 0. 0. 0. 0. 0. 0. 0. 0. 0. 0. 0. 0. 0. 0. 0. 0. 0. 0. 0.
 0. 0. 0. 0. 0. 0. 0. 0. 0. 0. 0. 0. 0. 0. 0. 0. 0. 0. 0. 0. 0. 0. 0. 0.
 0. 0. 0. 0. 0. 0. 0. 0. 0. 0. 0. 0. 0. 0. 0. 0. 0. 0. 0. 0. 0. 0. 0. 0.
 0. 0. 0. 0. 0. 0. 0. 0. 0. 0. 0. 0. 0. 0. 0. 0. 0. 0. 0. 0. 0. 0. 0. 0.
 0. 0. 0. 0. 0. 0. 0. 0. 0. 0. 0. 0. 0. 0. 0. 0.]
start SG
end SG -->  0.34674811363220215
    CPU time for vj and vk     15.57 sec, wall time     15.63 sec
E1 = 32.461786534589216  Ecoul = 9.193578874148942  Exc = -26.475209264944176
Extra cycle  E= -87.2908286400948  delta_E= 3.07e-11  |g|= 2.44e-05  |ddm|= 3.6e-05
    CPU time for scf_cycle    106.57 sec, wall time    106.96 sec
    CPU time for SCF    107.04 sec, wall time    109.43 sec
converged SCF energy = -87.2908286400948
Successfully saved all results to /central/scratch/yangjunjie//run-scf-spc-diamond-prim-2-2-2-fftisdf-ks-1-100-rcut_epsilon-1e-05-ke_epsilon-0.01-isdf_thresh-5e-05/48068307/scf.h5
