SLURMD_NODENAME = hpc-54-39
Start time = Mon Mar 17 04:17:47 PM PDT 2025
OMP_NUM_THREADS = 1
MKL_NUM_THREADS = 1
PYSCF_MAX_MEMORY = 409600
TMPDIR = /central/scratch/yangjunjie//run-scf-spc-diamond-prim-1-1-2-fftisdf-ks-1-100-rcut_epsilon-1e-05-ke_epsilon-0.01-isdf_thresh-4e-05/48050864/
PYSCF_TMPDIR = /central/scratch/yangjunjie//run-scf-spc-diamond-prim-1-1-2-fftisdf-ks-1-100-rcut_epsilon-1e-05-ke_epsilon-0.01-isdf_thresh-4e-05/48050864/

/home/junjiey/anaconda3/envs/fftisdf/bin/python
2.8.0
1.13.1
2.0.2
fft_engine = NUMPY+BLAS
name = diamond-prim
ke_cutoff =  1.00e+02
exxdiv = None
df = fftisdf-ks
chk_path = ../../../gdf-32/tmp/scf.h5
mesh = 1,1,2
rcut_epsilon =  1.00e-05
ke_epsilon =  1.00e-02
isdf_thresh =  4.00e-05

Discarded 6 diffused primitive functions, 0 contracted functions
ke_cutoff = 100.0
None

******** <class 'ISDFX'> ********
lin_dep_thresh: 1e-10
alpha_cutoff: 2.8
rcut_epsilon: 1e-05
ke_epsilon: 0.01
isdf_thresh: 4e-05
grid_vol_cutoff: 0.05
ke_step: 2.0
ao_tol: 1e-12
multigrid_on: True
direct_j: True
iterative_build: True
occRI: True
voronoi: True
fit_sparse_grid: False
fit_dense_grid: True
direct_k_sparse: True
direct_k: False
use_kpt_symm: False
kmesh: [1, 1, 1]
isdf_pts_from_q0: True
isdf_pts_from_gamma_point: False
alpha: None
do_real_isdf: False
N_xi: None
use_cell_periodic: False
isdf_thresh_sparse: None
ncopy: [1, 1, 1]
j_grid_mesh: None
k_grid_mesh: None
num_j_grids: 100
get_ao_from_pyscf: False
nuc_pp_version: 0
vppnl_ver: 0
universal_dense_grid: None
same_jk_grids: None
coulomb_only: False
max_memory   409600 MB (current use       94 MB)

Exchange function: getK_occRI  

cell mesh: [23 23 47]
nbas:  48
Grid     keMax    keMin    keGrid   expMax   expMin   nexp     lmax     PWs      mesh        
0        51.6     51.6     105.5    5.6      5.6      1        2        24863    [23 23 47]
1        19.5     3.2      19.5     2.1      0.3      3        2        2541     [11 11 21]
0        77.4     52.8     105.5    5.6      5.6      1        2        24863    [23 23 47]
1        29.2     4.8      29.2     2.1      0.3      3        2        4225     [13 13 25]

ISDF

atm      grid     Ng       NI       Nxi      sharp    on_grid  diffuse  maxexp   minexp   lmax     lmin    
0        0        24863    2021     116      9        108      99       5.61     5.61     2        0       
1        0        24863    2012     116      9        108      99       5.61     5.61     2        0       
2        0        24863    2012     116      9        108      99       5.61     5.61     2        0       
3        0        24863    2021     116      9        108      99       5.61     5.61     2        0       
-        1        2541     2541     2541     108      108      108      2.11     0.35     2        0       
ISDF-pts:       0.30
ISDF-vec:       0.04
Fit dense grids ISDF:       0.34
Fit sparse grids ISDF:       0.00

Grid     PWs      Ng_i     N_xi     N_mu    
0        24863    8066     464      432     
1        2541     2541     2541     108     

nTHC: 3005
Mem Required (MB):      10.51
Curent RAM Use (MB) :        143 

Build W
ISDF-fft dense grids (sec):       0.89
Curent RAM Use (MB) :        211 
ISDF-fft:       0.89

Initial guess from minao.
Big error detected in the electron number of initial guess density matrix (Ne/cell = 16.1866)!
  This can cause huge error in Fock matrix and lead to instability in SCF for low-dimensional systems.
  DM is normalized wrt the number of electrons 16
Successfully loaded dm0 from ../../../gdf-32/tmp/scf.h5
~/packages/PeriodicIntegrals/PeriodicIntegrals-junjie-benchmark/isdfx/isdfx.py +4733
[[ 4.86172193e-01 -1.39157814e-02 -5.48149956e-03 ...  9.13456109e-03
  -1.21802416e-02  1.75790149e-03]
 [-1.39157814e-02  4.75208863e-04  1.59535658e-03 ... -2.68386526e-04
   3.57437715e-04 -5.16897598e-05]
 [-5.48149956e-03  1.59535658e-03  7.83114655e-01 ... -3.52104339e-02
   2.41358660e-03  2.11413002e-02]
 ...
 [ 9.13456109e-03 -2.68386526e-04 -3.52104339e-02 ...  3.43456457e-03
  -5.43261351e-04  7.05178178e-04]
 [-1.21802416e-02  3.57437715e-04  2.41358660e-03 ... -5.43261351e-04
   3.66659588e-03  2.15409911e-04]
 [ 1.75790149e-03 -5.16897598e-05  2.11413002e-02 ...  7.05178178e-04
   2.15409911e-04  4.13531469e-03]]
[[ 3.43138044e-01 -3.21239995e-01  1.48819146e-01 ... -8.35271853e-01
   9.05003501e-01  1.01235205e+00]
 [-1.26902860e-02  8.66516395e-03  1.21082496e-03 ... -8.65349065e-01
   8.82649247e-01  8.22969836e-01]
 [-2.65227932e-04  7.02796132e-02  1.33403637e-01 ... -4.67579473e-05
  -1.52561423e-02  1.44412452e-01]
 ...
 [-1.80384789e-04 -1.52432558e-02 -1.74880003e-03 ... -3.73965876e-04
  -3.82990561e-02 -5.44957798e-02]
 [ 2.40652775e-04  2.03248609e-02  2.33165397e-03 ...  5.15109870e-04
   5.10645343e-02  7.26857653e-02]
 [-3.47635032e-05 -2.93364175e-03 -3.36699731e-04 ... -7.68381247e-05
  -7.37483546e-03 -1.04905210e-02]]
[2. 2. 2. 2. 2. 2. 2. 2. 0. 0. 0. 0. 0. 0. 0. 0. 0. 0. 0. 0. 0. 0. 0. 0.
 0. 0. 0. 0. 0. 0. 0. 0. 0. 0. 0. 0. 0. 0. 0. 0. 0. 0. 0. 0. 0. 0. 0. 0.
 0. 0. 0. 0.]
~/packages/PeriodicIntegrals/PeriodicIntegrals-junjie-benchmark/isdfx/isdfx.py +4733
[[ 4.86172193e-01 -1.39157814e-02 -5.48149956e-03 ...  9.13456109e-03
  -1.21802416e-02  1.75790149e-03]
 [-1.39157814e-02  4.75208863e-04  1.59535658e-03 ... -2.68386526e-04
   3.57437715e-04 -5.16897598e-05]
 [-5.48149956e-03  1.59535658e-03  7.83114655e-01 ... -3.52104339e-02
   2.41358660e-03  2.11413002e-02]
 ...
 [ 9.13456109e-03 -2.68386526e-04 -3.52104339e-02 ...  3.43456457e-03
  -5.43261351e-04  7.05178178e-04]
 [-1.21802416e-02  3.57437715e-04  2.41358660e-03 ... -5.43261351e-04
   3.66659588e-03  2.15409911e-04]
 [ 1.75790149e-03 -5.16897598e-05  2.11413002e-02 ...  7.05178178e-04
   2.15409911e-04  4.13531469e-03]]
[[ 3.43138044e-01 -3.21239995e-01  1.48819146e-01 ... -8.35271853e-01
   9.05003501e-01  1.01235205e+00]
 [-1.26902860e-02  8.66516395e-03  1.21082496e-03 ... -8.65349065e-01
   8.82649247e-01  8.22969836e-01]
 [-2.65227932e-04  7.02796132e-02  1.33403637e-01 ... -4.67579473e-05
  -1.52561423e-02  1.44412452e-01]
 ...
 [-1.80384789e-04 -1.52432558e-02 -1.74880003e-03 ... -3.73965876e-04
  -3.82990561e-02 -5.44957798e-02]
 [ 2.40652775e-04  2.03248609e-02  2.33165397e-03 ...  5.15109870e-04
   5.10645343e-02  7.26857653e-02]
 [-3.47635032e-05 -2.93364175e-03 -3.36699731e-04 ... -7.68381247e-05
  -7.37483546e-03 -1.04905210e-02]]
[2. 2. 2. 2. 2. 2. 2. 2. 0. 0. 0. 0. 0. 0. 0. 0. 0. 0. 0. 0. 0. 0. 0. 0.
 0. 0. 0. 0. 0. 0. 0. 0. 0. 0. 0. 0. 0. 0. 0. 0. 0. 0. 0. 0. 0. 0. 0. 0.
 0. 0. 0. 0.]
start SG
end SG -->  0.008770942687988281


******** <class 'pyscf.pbc.dft.rks.RKS'> ********
method = RKS
initial guess = minao
damping factor = 0
level_shift factor = 0
DIIS = <class 'pyscf.scf.diis.CDIIS'>
diis_start_cycle = 1
diis_space = 8
diis_damp = 0
SCF conv_tol = 1e-08
SCF conv_tol_grad = None
SCF max_cycles = 50
direct_scf = True
direct_scf_tol = 1e-13
chkfile to save SCF result = /central/scratch/yangjunjie/run-scf-spc-diamond-prim-1-1-2-fftisdf-ks-1-100-rcut_epsilon-1e-05-ke_epsilon-0.01-isdf_thresh-4e-05/48050864/tmppzqb3m9u
max_memory 409600 MB (current use 212 MB)
******** PBC SCF flags ********
kpt = [0. 0. 0.]
Exchange divergence treatment (exxdiv) = None
DF object = <isdfx.isdfx.ISDFX object at 0x7f3c3a46c850>
XC functionals = PBE0
small_rho_cutoff = 1e-07
Set gradient conv threshold to 0.0001
nelec by numeric integration = 15.999999999385878
    CPU time for vxc      0.70 sec, wall time      0.70 sec
~/packages/PeriodicIntegrals/PeriodicIntegrals-junjie-benchmark/isdfx/isdfx.py +4733
[[ 4.86172193e-01 -1.39157814e-02 -5.48149956e-03 ...  9.13456109e-03
  -1.21802416e-02  1.75790149e-03]
 [-1.39157814e-02  4.75208863e-04  1.59535658e-03 ... -2.68386526e-04
   3.57437715e-04 -5.16897598e-05]
 [-5.48149956e-03  1.59535658e-03  7.83114655e-01 ... -3.52104339e-02
   2.41358660e-03  2.11413002e-02]
 ...
 [ 9.13456109e-03 -2.68386526e-04 -3.52104339e-02 ...  3.43456457e-03
  -5.43261351e-04  7.05178178e-04]
 [-1.21802416e-02  3.57437715e-04  2.41358660e-03 ... -5.43261351e-04
   3.66659588e-03  2.15409911e-04]
 [ 1.75790149e-03 -5.16897598e-05  2.11413002e-02 ...  7.05178178e-04
   2.15409911e-04  4.13531469e-03]]
[[ 3.43138044e-01 -3.21239995e-01  1.48819146e-01 ... -8.35271853e-01
   9.05003501e-01  1.01235205e+00]
 [-1.26902860e-02  8.66516395e-03  1.21082496e-03 ... -8.65349065e-01
   8.82649247e-01  8.22969836e-01]
 [-2.65227932e-04  7.02796132e-02  1.33403637e-01 ... -4.67579473e-05
  -1.52561423e-02  1.44412452e-01]
 ...
 [-1.80384789e-04 -1.52432558e-02 -1.74880003e-03 ... -3.73965876e-04
  -3.82990561e-02 -5.44957798e-02]
 [ 2.40652775e-04  2.03248609e-02  2.33165397e-03 ...  5.15109870e-04
   5.10645343e-02  7.26857653e-02]
 [-3.47635032e-05 -2.93364175e-03 -3.36699731e-04 ... -7.68381247e-05
  -7.37483546e-03 -1.04905210e-02]]
[2. 2. 2. 2. 2. 2. 2. 2. 0. 0. 0. 0. 0. 0. 0. 0. 0. 0. 0. 0. 0. 0. 0. 0.
 0. 0. 0. 0. 0. 0. 0. 0. 0. 0. 0. 0. 0. 0. 0. 0. 0. 0. 0. 0. 0. 0. 0. 0.
 0. 0. 0. 0.]
start SG
end SG -->  0.008666515350341797
    CPU time for vj and vk      0.41 sec, wall time      0.42 sec
E1 = 8.784676794060283  Ecoul = 2.827202858991143  Exc = -6.605324927361455
init E= -20.6111914702822
    CPU time for initialize scf      1.70 sec, wall time      1.71 sec
  HOMO = 0.617484377977204  LUMO = 0.871931172848854
  mo_energy =
[-2.23593196e-01 -7.28094913e-03  7.94962687e-02  4.86944746e-01
  4.86966250e-01  5.99496972e-01  5.99521998e-01  6.17484378e-01
  8.71931173e-01  8.75239378e-01  8.75253469e-01  9.96349262e-01
  9.96363270e-01  1.02620041e+00  1.22627030e+00  1.38954740e+00
  1.74927056e+00  1.78006739e+00  1.78006755e+00  1.94436693e+00
  1.94439373e+00  2.08926443e+00  2.08926978e+00  2.43893361e+00
  2.44480355e+00  2.44480892e+00  2.51765633e+00  2.51778217e+00
  2.51785602e+00  2.67921353e+00  2.93556134e+00  2.97055901e+00
  2.97061041e+00  3.01082206e+00  3.01086440e+00  3.30313081e+00
  3.59739940e+00  3.59739977e+00  3.64871337e+00  3.64873228e+00
  3.77126342e+00  3.77134280e+00  3.77144278e+00  4.54702680e+00
  4.54704319e+00  4.66024481e+00  4.66443746e+00  4.66445685e+00
  8.76296392e+00  9.08996963e+00  9.10318304e+00  9.14699048e+00]
nelec by numeric integration = 15.999999999385876
    CPU time for vxc      0.66 sec, wall time      0.66 sec
~/packages/PeriodicIntegrals/PeriodicIntegrals-junjie-benchmark/isdfx/isdfx.py +4733
[[ 4.86178792e-01 -1.39178690e-02 -5.47798042e-03 ...  9.13412354e-03
  -1.21792782e-02  1.75799843e-03]
 [-1.39178690e-02  4.75320022e-04  1.59589927e-03 ... -2.68448314e-04
   3.57507828e-04 -5.16832145e-05]
 [-5.47798042e-03  1.59589927e-03  7.83116109e-01 ... -3.52103548e-02
   2.41480211e-03  2.11406480e-02]
 ...
 [ 9.13412354e-03 -2.68448314e-04 -3.52103548e-02 ...  3.43458611e-03
  -5.43481155e-04  7.05209550e-04]
 [-1.21792782e-02  3.57507828e-04  2.41480211e-03 ... -5.43481155e-04
   3.66683797e-03  2.15428744e-04]
 [ 1.75799843e-03 -5.16832145e-05  2.11406480e-02 ...  7.05209550e-04
   2.15428744e-04  4.13523058e-03]]
[[ 3.43142479e-01 -3.21239311e-01 -1.48821478e-01 ...  8.35584646e-01
  -9.04104651e-01  1.01179919e+00]
 [-1.26911790e-02  8.66711760e-03 -1.21040463e-03 ...  8.66002127e-01
  -8.82123632e-01  8.23128871e-01]
 [-2.65423353e-04  7.02765904e-02 -1.33404799e-01 ...  9.29716077e-05
   1.52306068e-02  1.44098175e-01]
 ...
 [-1.80575249e-04 -1.52429977e-02  1.74893420e-03 ...  4.00388797e-04
   3.82708412e-02 -5.44409459e-02]
 [ 2.41264851e-04  2.03240876e-02 -2.33126481e-03 ... -5.47227867e-04
  -5.10297388e-02  7.26122162e-02]
 [-3.46692557e-05 -2.93373480e-03  3.36747433e-04 ...  8.19218531e-05
   7.36930875e-03 -1.04800412e-02]]
[2. 2. 2. 2. 2. 2. 2. 2. 0. 0. 0. 0. 0. 0. 0. 0. 0. 0. 0. 0. 0. 0. 0. 0.
 0. 0. 0. 0. 0. 0. 0. 0. 0. 0. 0. 0. 0. 0. 0. 0. 0. 0. 0. 0. 0. 0. 0. 0.
 0. 0. 0. 0.]
start SG
end SG -->  0.008868932723999023
    CPU time for vj and vk      0.42 sec, wall time      0.42 sec
E1 = 8.784682224521891  Ecoul = 2.82719689781693  Exc = -6.605324397427972
cycle= 1 E= -20.6111914710613  delta_E= -7.79e-10  |g|= 1.47e-05  |ddm|= 6.98e-05
    CPU time for cycle= 1      1.08 sec, wall time      1.08 sec
  HOMO = 0.617484887270723  LUMO = 0.87193039234777
  mo_energy =
[-2.23593544e-01 -7.28198797e-03  7.94971067e-02  4.86944101e-01
  4.86965734e-01  5.99495969e-01  5.99521159e-01  6.17484887e-01
  8.71930392e-01  8.75239321e-01  8.75253260e-01  9.96348679e-01
  9.96362486e-01  1.02619929e+00  1.22626969e+00  1.38954733e+00
  1.74927022e+00  1.78006725e+00  1.78006747e+00  1.94436660e+00
  1.94439360e+00  2.08926475e+00  2.08927007e+00  2.43893279e+00
  2.44480339e+00  2.44480856e+00  2.51765596e+00  2.51778130e+00
  2.51785523e+00  2.67921335e+00  2.93556150e+00  2.97055828e+00
  2.97060961e+00  3.01082105e+00  3.01086339e+00  3.30312968e+00
  3.59739899e+00  3.59739943e+00  3.64871285e+00  3.64873183e+00
  3.77126323e+00  3.77134205e+00  3.77144213e+00  4.54702645e+00
  4.54704288e+00  4.66024436e+00  4.66443694e+00  4.66445639e+00
  8.76296212e+00  9.08996758e+00  9.10318155e+00  9.14698892e+00]
nelec by numeric integration = 15.999999999385874
    CPU time for vxc      0.66 sec, wall time      0.66 sec
~/packages/PeriodicIntegrals/PeriodicIntegrals-junjie-benchmark/isdfx/isdfx.py +4733
[[ 4.86177533e-01 -1.39177469e-02 -5.47951067e-03 ...  9.13416604e-03
  -1.21793148e-02  1.75800629e-03]
 [-1.39177469e-02  4.75316762e-04  1.59608734e-03 ... -2.68461031e-04
   3.57524207e-04 -5.16851235e-05]
 [-5.47951067e-03  1.59608734e-03  7.83113922e-01 ... -3.52102250e-02
   2.41469408e-03  2.11406858e-02]
 ...
 [ 9.13416604e-03 -2.68461031e-04 -3.52102250e-02 ...  3.43454852e-03
  -5.43482352e-04  7.05206461e-04]
 [-1.21793148e-02  3.57524207e-04  2.41469408e-03 ... -5.43482352e-04
   3.66680396e-03  2.15440343e-04]
 [ 1.75800629e-03 -5.16851235e-05  2.11406858e-02 ...  7.05206461e-04
   2.15440343e-04  4.13520813e-03]]
[[ 3.43133988e-01 -3.21248044e-01  1.48820095e-01 ... -8.34990626e-01
   9.04653201e-01  1.01181556e+00]
 [-1.26908638e-02  8.66745333e-03  1.21060948e-03 ... -8.65422627e-01
   8.82692216e-01  8.23148357e-01]
 [-2.64324491e-04  7.02758451e-02  1.33403717e-01 ... -1.03007316e-04
  -1.52306174e-02  1.44098234e-01]
 ...
 [-1.80889868e-04 -1.52428418e-02 -1.74895279e-03 ... -4.25575458e-04
  -3.82706473e-02 -5.44409641e-02]
 [ 2.41692802e-04  2.03238525e-02  2.33131732e-03 ...  5.80827610e-04
   5.10294576e-02  7.26122474e-02]
 [-3.47275955e-05 -2.93370605e-03 -3.36759334e-04 ... -8.67673486e-05
  -7.36927298e-03 -1.04800472e-02]]
[2. 2. 2. 2. 2. 2. 2. 2. 0. 0. 0. 0. 0. 0. 0. 0. 0. 0. 0. 0. 0. 0. 0. 0.
 0. 0. 0. 0. 0. 0. 0. 0. 0. 0. 0. 0. 0. 0. 0. 0. 0. 0. 0. 0. 0. 0. 0. 0.
 0. 0. 0. 0.]
start SG
end SG -->  0.009245157241821289
    CPU time for vj and vk      0.42 sec, wall time      0.42 sec
E1 = 8.784681568199833  Ecoul = 2.8271978168833143  Exc = -6.605324660191046
Extra cycle  E= -20.6111914710801  delta_E= -1.87e-11  |g|= 1.18e-05  |ddm|= 2.34e-05
    CPU time for scf_cycle      3.86 sec, wall time      3.88 sec
    CPU time for SCF      3.95 sec, wall time      3.97 sec
converged SCF energy = -20.6111914710801
Successfully saved all results to /central/scratch/yangjunjie//run-scf-spc-diamond-prim-1-1-2-fftisdf-ks-1-100-rcut_epsilon-1e-05-ke_epsilon-0.01-isdf_thresh-4e-05/48050864/scf.h5
