SLURMD_NODENAME = hpc-53-02
Start time = Mon Mar 17 04:17:47 PM PDT 2025
OMP_NUM_THREADS = 1
MKL_NUM_THREADS = 1
PYSCF_MAX_MEMORY = 409600
TMPDIR = /central/scratch/yangjunjie//run-scf-spc-diamond-prim-1-2-2-fftisdf-ks-1-100-rcut_epsilon-1e-05-ke_epsilon-0.01-isdf_thresh-0.0005/48050868/
PYSCF_TMPDIR = /central/scratch/yangjunjie//run-scf-spc-diamond-prim-1-2-2-fftisdf-ks-1-100-rcut_epsilon-1e-05-ke_epsilon-0.01-isdf_thresh-0.0005/48050868/

/home/junjiey/anaconda3/envs/fftisdf/bin/python
2.8.0
1.13.1
2.0.2
fft_engine = NUMPY+BLAS
name = diamond-prim
ke_cutoff =  1.00e+02
exxdiv = None
df = fftisdf-ks
chk_path = ../../../gdf-32/tmp/scf.h5
mesh = 1,2,2
rcut_epsilon =  1.00e-05
ke_epsilon =  1.00e-02
isdf_thresh =  5.00e-04

Discarded 6 diffused primitive functions, 0 contracted functions
ke_cutoff = 100.0
None

******** <class 'ISDFX'> ********
lin_dep_thresh: 1e-10
alpha_cutoff: 2.8
rcut_epsilon: 1e-05
ke_epsilon: 0.01
isdf_thresh: 0.0005
grid_vol_cutoff: 0.05
ke_step: 2.0
ao_tol: 1e-12
multigrid_on: True
direct_j: True
iterative_build: True
occRI: True
voronoi: True
fit_sparse_grid: False
fit_dense_grid: True
direct_k_sparse: True
direct_k: False
use_kpt_symm: False
kmesh: [1, 1, 1]
isdf_pts_from_q0: True
isdf_pts_from_gamma_point: False
alpha: None
do_real_isdf: False
N_xi: None
use_cell_periodic: False
isdf_thresh_sparse: None
ncopy: [1, 1, 1]
j_grid_mesh: None
k_grid_mesh: None
num_j_grids: 100
get_ao_from_pyscf: False
nuc_pp_version: 0
vppnl_ver: 0
universal_dense_grid: None
same_jk_grids: None
coulomb_only: False
max_memory   409600 MB (current use       92 MB)

Exchange function: getK_occRI  

cell mesh: [23 47 47]
nbas:  96
Grid     keMax    keMin    keGrid   expMax   expMin   nexp     lmax     PWs      mesh        
0        51.6     51.6     105.5    5.6      5.6      1        2        50807    [23 47 47]
1        19.5     3.2      19.5     2.1      0.3      3        2        4851     [11 21 21]
0        77.4     52.8     105.5    5.6      5.6      1        2        50807    [23 47 47]
1        29.2     14.6     29.2     2.1      2.1      1        2        8125     [13 25 25]
2        10.6     4.8      10.6     0.8      0.3      2        2        2025     [ 9 15 15]

ISDF

atm      grid     Ng       NI       Nxi      sharp    on_grid  diffuse  maxexp   minexp   lmax     lmin    
0        0        50807    2050     76       9        180      171      5.61     5.61     2        0       
1        0        50807    2060     74       9        180      171      5.61     5.61     2        0       
2        0        50807    2065     76       9        180      171      5.61     5.61     2        0       
3        0        50807    2065     76       9        180      171      5.61     5.61     2        0       
4        0        50807    2065     76       9        180      171      5.61     5.61     2        0       
5        0        50807    2065     76       9        180      171      5.61     5.61     2        0       
6        0        50807    2060     74       9        180      171      5.61     5.61     2        0       
7        0        50807    2050     76       9        180      171      5.61     5.61     2        0       
-        1        4851     4851     4851     216      216      216      2.11     0.35     2        0       
ISDF-pts:       0.67
ISDF-vec:       0.04
Fit dense grids ISDF:       0.71
Fit sparse grids ISDF:       0.00

Grid     PWs      Ng_i     N_xi     N_mu    
0        50807    16480    604      1440    
1        4851     4851     4851     216     

nTHC: 5455
Mem Required (MB):      25.08
Curent RAM Use (MB) :        147 

Build W
ISDF-fft dense grids (sec):       2.38
Curent RAM Use (MB) :        206 
ISDF-fft:       2.39

Initial guess from minao.
Big error detected in the electron number of initial guess density matrix (Ne/cell = 32.1244)!
  This can cause huge error in Fock matrix and lead to instability in SCF for low-dimensional systems.
  DM is normalized wrt the number of electrons 32
Successfully loaded dm0 from ../../../gdf-32/tmp/scf.h5
~/packages/PeriodicIntegrals/PeriodicIntegrals-junjie-benchmark/isdfx/isdfx.py +4733
[[ 5.10829564e-01 -1.37789682e-02 -2.25945214e-03 ...  4.53891936e-05
  -9.46650009e-03 -1.08570539e-02]
 [-1.37789682e-02  4.27285789e-04  7.14882829e-04 ... -7.09765086e-07
   2.72690080e-04  3.10240234e-04]
 [-2.25945214e-03  7.14882829e-04  7.33591631e-01 ... -2.81085758e-02
   8.04812038e-04  1.66000927e-02]
 ...
 [ 4.53891936e-05 -7.09765086e-07 -2.81085758e-02 ...  2.44820851e-03
  -2.69404595e-04  5.35606099e-04]
 [-9.46650009e-03  2.72690080e-04  8.04812038e-04 ... -2.69404595e-04
   2.48677716e-03  1.42503184e-04]
 [-1.08570539e-02  3.10240234e-04  1.66000927e-02 ...  5.35606099e-04
   1.42503184e-04  3.05186751e-03]]
[[ 2.42393032e-01  3.23160163e-01 -1.92359013e-03 ... -1.87138756e-01
   1.47258212e-04 -1.00429284e+00]
 [-9.27570260e-03 -9.62159400e-03  5.72723120e-05 ... -2.04594493e-01
   1.19300319e-04 -8.13426778e-01]
 [-1.50376240e-04 -3.51363209e-02 -3.40374893e-02 ... -1.25189788e-02
   7.25982881e-02 -7.22623066e-02]
 ...
 [ 5.37275965e-06  1.00201284e-04  1.51983125e-02 ... -3.02588471e-03
  -5.48403339e-02  1.13113659e-05]
 [ 7.25693740e-05 -9.92610970e-03 -1.00735653e-02 ...  1.71500679e-02
   3.65639729e-02 -3.59649949e-02]
 [ 9.31453267e-05 -1.12886613e-02  1.46924050e-02 ...  1.45508980e-02
  -5.27623043e-02 -4.15038509e-02]]
[2. 2. 2. 2. 2. 2. 2. 2. 2. 2. 2. 2. 2. 2. 2. 2. 0. 0. 0. 0. 0. 0. 0. 0.
 0. 0. 0. 0. 0. 0. 0. 0. 0. 0. 0. 0. 0. 0. 0. 0. 0. 0. 0. 0. 0. 0. 0. 0.
 0. 0. 0. 0. 0. 0. 0. 0. 0. 0. 0. 0. 0. 0. 0. 0. 0. 0. 0. 0. 0. 0. 0. 0.
 0. 0. 0. 0. 0. 0. 0. 0. 0. 0. 0. 0. 0. 0. 0. 0. 0. 0. 0. 0. 0. 0. 0. 0.
 0. 0. 0. 0. 0. 0. 0. 0.]
~/packages/PeriodicIntegrals/PeriodicIntegrals-junjie-benchmark/isdfx/isdfx.py +4733
[[ 5.10829564e-01 -1.37789682e-02 -2.25945214e-03 ...  4.53891936e-05
  -9.46650009e-03 -1.08570539e-02]
 [-1.37789682e-02  4.27285789e-04  7.14882829e-04 ... -7.09765086e-07
   2.72690080e-04  3.10240234e-04]
 [-2.25945214e-03  7.14882829e-04  7.33591631e-01 ... -2.81085758e-02
   8.04812038e-04  1.66000927e-02]
 ...
 [ 4.53891936e-05 -7.09765086e-07 -2.81085758e-02 ...  2.44820851e-03
  -2.69404595e-04  5.35606099e-04]
 [-9.46650009e-03  2.72690080e-04  8.04812038e-04 ... -2.69404595e-04
   2.48677716e-03  1.42503184e-04]
 [-1.08570539e-02  3.10240234e-04  1.66000927e-02 ...  5.35606099e-04
   1.42503184e-04  3.05186751e-03]]
[[ 2.42393032e-01  3.23160163e-01 -1.92359013e-03 ... -1.87138756e-01
   1.47258212e-04 -1.00429284e+00]
 [-9.27570260e-03 -9.62159400e-03  5.72723120e-05 ... -2.04594493e-01
   1.19300319e-04 -8.13426778e-01]
 [-1.50376240e-04 -3.51363209e-02 -3.40374893e-02 ... -1.25189788e-02
   7.25982881e-02 -7.22623066e-02]
 ...
 [ 5.37275965e-06  1.00201284e-04  1.51983125e-02 ... -3.02588471e-03
  -5.48403339e-02  1.13113659e-05]
 [ 7.25693740e-05 -9.92610970e-03 -1.00735653e-02 ...  1.71500679e-02
   3.65639729e-02 -3.59649949e-02]
 [ 9.31453267e-05 -1.12886613e-02  1.46924050e-02 ...  1.45508980e-02
  -5.27623043e-02 -4.15038509e-02]]
[2. 2. 2. 2. 2. 2. 2. 2. 2. 2. 2. 2. 2. 2. 2. 2. 0. 0. 0. 0. 0. 0. 0. 0.
 0. 0. 0. 0. 0. 0. 0. 0. 0. 0. 0. 0. 0. 0. 0. 0. 0. 0. 0. 0. 0. 0. 0. 0.
 0. 0. 0. 0. 0. 0. 0. 0. 0. 0. 0. 0. 0. 0. 0. 0. 0. 0. 0. 0. 0. 0. 0. 0.
 0. 0. 0. 0. 0. 0. 0. 0. 0. 0. 0. 0. 0. 0. 0. 0. 0. 0. 0. 0. 0. 0. 0. 0.
 0. 0. 0. 0. 0. 0. 0. 0.]
start SG
end SG -->  0.05019664764404297


******** <class 'pyscf.pbc.dft.rks.RKS'> ********
method = RKS
initial guess = minao
damping factor = 0
level_shift factor = 0
DIIS = <class 'pyscf.scf.diis.CDIIS'>
diis_start_cycle = 1
diis_space = 8
diis_damp = 0
SCF conv_tol = 1e-08
SCF conv_tol_grad = None
SCF max_cycles = 50
direct_scf = True
direct_scf_tol = 1e-13
chkfile to save SCF result = /central/scratch/yangjunjie/run-scf-spc-diamond-prim-1-2-2-fftisdf-ks-1-100-rcut_epsilon-1e-05-ke_epsilon-0.01-isdf_thresh-0.0005/48050868/tmp7oijun0x
max_memory 409600 MB (current use 207 MB)
******** PBC SCF flags ********
kpt = [0. 0. 0.]
Exchange divergence treatment (exxdiv) = None
DF object = <isdfx.isdfx.ISDFX object at 0x7fc51dce6850>
XC functionals = PBE0
small_rho_cutoff = 1e-07
Set gradient conv threshold to 0.0001
nelec by numeric integration = 31.999999999294186
    CPU time for vxc      1.62 sec, wall time      1.62 sec
~/packages/PeriodicIntegrals/PeriodicIntegrals-junjie-benchmark/isdfx/isdfx.py +4733
[[ 5.10829564e-01 -1.37789682e-02 -2.25945214e-03 ...  4.53891936e-05
  -9.46650009e-03 -1.08570539e-02]
 [-1.37789682e-02  4.27285789e-04  7.14882829e-04 ... -7.09765086e-07
   2.72690080e-04  3.10240234e-04]
 [-2.25945214e-03  7.14882829e-04  7.33591631e-01 ... -2.81085758e-02
   8.04812038e-04  1.66000927e-02]
 ...
 [ 4.53891936e-05 -7.09765086e-07 -2.81085758e-02 ...  2.44820851e-03
  -2.69404595e-04  5.35606099e-04]
 [-9.46650009e-03  2.72690080e-04  8.04812038e-04 ... -2.69404595e-04
   2.48677716e-03  1.42503184e-04]
 [-1.08570539e-02  3.10240234e-04  1.66000927e-02 ...  5.35606099e-04
   1.42503184e-04  3.05186751e-03]]
[[ 2.42393032e-01  3.23160163e-01 -1.92359013e-03 ... -1.87138756e-01
   1.47258212e-04 -1.00429284e+00]
 [-9.27570260e-03 -9.62159400e-03  5.72723120e-05 ... -2.04594493e-01
   1.19300319e-04 -8.13426778e-01]
 [-1.50376240e-04 -3.51363209e-02 -3.40374893e-02 ... -1.25189788e-02
   7.25982881e-02 -7.22623066e-02]
 ...
 [ 5.37275965e-06  1.00201284e-04  1.51983125e-02 ... -3.02588471e-03
  -5.48403339e-02  1.13113659e-05]
 [ 7.25693740e-05 -9.92610970e-03 -1.00735653e-02 ...  1.71500679e-02
   3.65639729e-02 -3.59649949e-02]
 [ 9.31453267e-05 -1.12886613e-02  1.46924050e-02 ...  1.45508980e-02
  -5.27623043e-02 -4.15038509e-02]]
[2. 2. 2. 2. 2. 2. 2. 2. 2. 2. 2. 2. 2. 2. 2. 2. 0. 0. 0. 0. 0. 0. 0. 0.
 0. 0. 0. 0. 0. 0. 0. 0. 0. 0. 0. 0. 0. 0. 0. 0. 0. 0. 0. 0. 0. 0. 0. 0.
 0. 0. 0. 0. 0. 0. 0. 0. 0. 0. 0. 0. 0. 0. 0. 0. 0. 0. 0. 0. 0. 0. 0. 0.
 0. 0. 0. 0. 0. 0. 0. 0. 0. 0. 0. 0. 0. 0. 0. 0. 0. 0. 0. 0. 0. 0. 0. 0.
 0. 0. 0. 0. 0. 0. 0. 0.]
start SG
end SG -->  0.047745704650878906
    CPU time for vj and vk      2.75 sec, wall time      2.76 sec
E1 = 16.682090968380386  Ecoul = 4.928446343155724  Exc = -13.21719219028259
init E= -42.8421472706908
    CPU time for initialize scf      5.88 sec, wall time      5.89 sec
  HOMO = 0.575183172119346  LUMO = 0.855319119612485
  mo_energy =
[-0.26352402 -0.04883835 -0.04882831  0.04506506  0.04506822  0.06127206
  0.06325923  0.31614885  0.32368289  0.45213083  0.45213867  0.45934833
  0.45935015  0.56286643  0.5707913   0.57518317  0.85531912  0.85608738
  0.85846112  0.87670571  0.88225038  0.97648085  0.97648435  0.98046703
  0.98047496  1.0084114   1.00841545  1.1997624   1.29918842  1.30291816
  1.36188658  1.36188843  1.7262193   1.7262224   1.73430732  1.73528511
  1.76589747  1.76801242  1.92058264  1.92058945  1.92085501  1.92085997
  2.05271737  2.05388731  2.07334268  2.07334305  2.07502868  2.07502887
  2.3589116   2.35953378  2.42063343  2.42364296  2.42530136  2.49176841
  2.49216357  2.49229274  2.66454822  2.66454929  2.80537792  2.80805487
  2.91298852  2.91299465  2.94450456  2.94450739  2.94674389  2.94675185
  2.99073042  2.99073525  2.99264413  2.99265727  2.99408208  2.9970255
  3.03684452  3.03687828  3.28425359  3.28426339  3.44385324  3.4446254
  3.57550157  3.58005054  3.62687952  3.62688369  3.62912618  3.62912941
  3.74855279  3.74876972  3.74894682  4.52251117  4.5225661   4.52317978
  4.5231848   4.6376431   4.64047636  4.64155938  4.73898372  4.74213874
  8.71208919  9.04036406  9.0531149   9.05313959  9.05338986  9.05404659
  9.09795186  9.09822171]
nelec by numeric integration = 31.9999999992942
    CPU time for vxc      1.45 sec, wall time      1.49 sec
~/packages/PeriodicIntegrals/PeriodicIntegrals-junjie-benchmark/isdfx/isdfx.py +4733
[[ 5.10866653e-01 -1.37750709e-02 -2.24766028e-03 ...  4.21709773e-05
  -9.46961091e-03 -1.08562475e-02]
 [-1.37750709e-02  4.27053253e-04  7.20205026e-04 ... -7.05458340e-07
   2.72577397e-04  3.10207050e-04]
 [-2.24766028e-03  7.20205026e-04  7.33572483e-01 ... -2.81117607e-02
   8.03047109e-04  1.66031441e-02]
 ...
 [ 4.21709773e-05 -7.05458340e-07 -2.81117607e-02 ...  2.44876386e-03
  -2.69014558e-04  5.35565735e-04]
 [-9.46961091e-03  2.72577397e-04  8.03047109e-04 ... -2.69014558e-04
   2.48856124e-03  1.43427782e-04]
 [-1.08562475e-02  3.10207050e-04  1.66031441e-02 ...  5.35565735e-04
   1.43427782e-04  3.05257590e-03]]
[[ 2.42408958e-01 -1.55656162e-02  3.22804194e-01 ... -1.59683104e-01
   1.46407925e-04 -1.00570634e+00]
 [-9.27313654e-03  4.63273837e-04 -9.60855132e-03 ... -1.78894019e-01
   1.18697207e-04 -8.15383652e-01]
 [-1.52903995e-04  3.58853660e-02 -3.32420820e-02 ... -1.32265811e-02
   7.24529465e-02 -7.21857301e-02]
 ...
 [-4.72937962e-07 -1.51814566e-02 -7.28544012e-04 ... -3.11567871e-03
  -5.47950766e-02  4.61229670e-07]
 [ 7.20732883e-05  1.05940550e-02 -9.36862961e-03 ...  1.87670748e-02
   3.65303712e-02 -3.60421064e-02]
 [ 9.67368793e-05 -1.40589444e-02 -1.20630766e-02 ...  1.62663775e-02
  -5.27148260e-02 -4.16029527e-02]]
[2. 2. 2. 2. 2. 2. 2. 2. 2. 2. 2. 2. 2. 2. 2. 2. 0. 0. 0. 0. 0. 0. 0. 0.
 0. 0. 0. 0. 0. 0. 0. 0. 0. 0. 0. 0. 0. 0. 0. 0. 0. 0. 0. 0. 0. 0. 0. 0.
 0. 0. 0. 0. 0. 0. 0. 0. 0. 0. 0. 0. 0. 0. 0. 0. 0. 0. 0. 0. 0. 0. 0. 0.
 0. 0. 0. 0. 0. 0. 0. 0. 0. 0. 0. 0. 0. 0. 0. 0. 0. 0. 0. 0. 0. 0. 0. 0.
 0. 0. 0. 0. 0. 0. 0. 0.]
start SG
end SG -->  0.048689842224121094
    CPU time for vj and vk      2.78 sec, wall time      2.79 sec
E1 = 16.681899655594595  Ecoul = 4.928731036816154  Exc = -13.217285765866352
cycle= 1 E= -42.8421474654  delta_E= -1.95e-07  |g|= 0.000134  |ddm|= 0.000754
    CPU time for cycle= 1      4.24 sec, wall time      4.28 sec
  HOMO = 0.575193623112008  LUMO = 0.855327506113871
  mo_energy =
[-0.26351724 -0.04882641 -0.04882583  0.04507195  0.04507291  0.06127847
  0.06326595  0.31615644  0.32369082  0.45214107  0.45214554  0.45935564
  0.45935907  0.56287552  0.57079885  0.57519362  0.85532751  0.8560938
  0.85846849  0.87671102  0.88225722  0.97648949  0.97649118  0.98047731
  0.98047937  1.00842015  1.00842238  1.19977424  1.29919969  1.30293045
  1.36189625  1.36190418  1.72622744  1.72623448  1.73431851  1.73529622
  1.76590311  1.7680163   1.9205933   1.9205961   1.92086374  1.92087034
  2.05272383  2.0538934   2.07334555  2.07335047  2.07503304  2.07503513
  2.35891677  2.35953855  2.42064161  2.42365126  2.42531013  2.49177861
  2.49217503  2.49230507  2.66455419  2.66455646  2.80538869  2.80806617
  2.91299785  2.91300511  2.94451688  2.94451724  2.94675864  2.94675992
  2.99074044  2.99074186  2.99265365  2.99266483  2.99408969  2.99703371
  3.03685394  3.03688779  3.28426072  3.28427412  3.4438625   3.44463462
  3.57551102  3.58005784  3.62688954  3.62689192  3.62913249  3.62913905
  3.74856099  3.74878099  3.74895716  4.52251743  4.52257981  4.52319091
  4.52319117  4.63765295  4.64048733  4.64156799  4.73899286  4.7421487
  8.71211433  9.04039158  9.05314002  9.05320853  9.05342214  9.05401482
  9.09798373  9.09823697]
nelec by numeric integration = 31.999999999294197
    CPU time for vxc      1.47 sec, wall time      1.47 sec
~/packages/PeriodicIntegrals/PeriodicIntegrals-junjie-benchmark/isdfx/isdfx.py +4733
[[ 5.10845444e-01 -1.37719704e-02 -2.25383070e-03 ...  4.20285479e-05
  -9.46986869e-03 -1.08557281e-02]
 [-1.37719704e-02  4.26915390e-04  7.20767558e-04 ... -7.01839453e-07
   2.72584817e-04  3.10181658e-04]
 [-2.25383070e-03  7.20767558e-04  7.33562857e-01 ... -2.81106725e-02
   8.01900866e-04  1.66016727e-02]
 ...
 [ 4.20285479e-05 -7.01839453e-07 -2.81106725e-02 ...  2.44854464e-03
  -2.68929268e-04  5.35582354e-04]
 [-9.46986869e-03  2.72584817e-04  8.01900866e-04 ... -2.68929268e-04
   2.48855241e-03  1.43424826e-04]
 [-1.08557281e-02  3.10181658e-04  1.66016727e-02 ...  5.35582354e-04
   1.43424826e-04  3.05231015e-03]]
[[ 2.42362124e-01  1.43374474e-01 -2.89617853e-01 ... -1.55408341e-01
   3.91265907e-04 -1.00650680e+00]
 [-9.27100865e-03 -4.26725711e-03  8.62002739e-03 ... -1.74982390e-01
   3.17217017e-04 -8.16139136e-01]
 [-1.48703401e-04 -4.61762458e-02  1.60971097e-02 ... -1.33642465e-02
   7.24706549e-02 -7.21979473e-02]
 ...
 [-4.84981077e-07  1.36220330e-02  6.74021394e-03 ... -3.13030779e-03
  -5.47951531e-02 -1.76736091e-05]
 [ 7.32032295e-05 -1.34557934e-02  4.34743638e-03 ...  1.90772811e-02
   3.65392329e-02 -3.60721132e-02]
 [ 9.82849505e-05  8.06102650e-03  1.66770576e-02 ...  1.66002255e-02
  -5.27047971e-02 -4.16692914e-02]]
[2. 2. 2. 2. 2. 2. 2. 2. 2. 2. 2. 2. 2. 2. 2. 2. 0. 0. 0. 0. 0. 0. 0. 0.
 0. 0. 0. 0. 0. 0. 0. 0. 0. 0. 0. 0. 0. 0. 0. 0. 0. 0. 0. 0. 0. 0. 0. 0.
 0. 0. 0. 0. 0. 0. 0. 0. 0. 0. 0. 0. 0. 0. 0. 0. 0. 0. 0. 0. 0. 0. 0. 0.
 0. 0. 0. 0. 0. 0. 0. 0. 0. 0. 0. 0. 0. 0. 0. 0. 0. 0. 0. 0. 0. 0. 0. 0.
 0. 0. 0. 0. 0. 0. 0. 0.]
start SG
end SG -->  0.04888200759887695
    CPU time for vj and vk      2.77 sec, wall time      2.78 sec
E1 = 16.681926438801415  Ecoul = 4.928691716124071  Exc = -13.217273230025965
cycle= 2 E= -42.8421474670448  delta_E= -1.64e-09  |g|= 0.000104  |ddm|= 0.000196
    CPU time for cycle= 2      4.25 sec, wall time      4.26 sec
  HOMO = 0.575192910325638  LUMO = 0.855326944521961
  mo_energy =
[-0.26351776 -0.04883007 -0.04882322  0.04507142  0.04507248  0.06127798
  0.06326535  0.31615586  0.32369025  0.45214088  0.45214444  0.4593555
  0.4593578   0.56287482  0.57079804  0.57519291  0.85532694  0.85609321
  0.85846787  0.87671069  0.88225679  0.97648882  0.97649076  0.98047456
  0.98048087  1.00841952  1.00842167  1.19977328  1.29919869  1.30292945
  1.36189685  1.36190145  1.72622776  1.72623254  1.73431751  1.73529522
  1.76590277  1.76801592  1.92059098  1.92059706  1.9208633   1.92086927
  2.05272335  2.05389299  2.07334649  2.07334862  2.07503338  2.07503394
  2.35891625  2.35953809  2.42064095  2.42365058  2.42530947  2.4917777
  2.49217408  2.49230412  2.66455464  2.66455493  2.8053878   2.8080653
  2.91299743  2.91300393  2.94451488  2.94451744  2.94675588  2.94676087
  2.99073856  2.99074234  2.99265209  2.99266504  2.99408903  2.99703307
  3.03685326  3.03688706  3.28426111  3.28427222  3.44386176  3.44463395
  3.5755104   3.58005715  3.62688887  3.62689127  3.62913275  3.62913742
  3.74856019  3.74878016  3.74895634  4.52251924  4.52257652  4.52318861
  4.52319197  4.63765213  4.64048659  4.64156715  4.73899209  4.74214794
  8.71211223  9.04038804  9.05313759  9.05318519  9.05341474  9.0540412
  9.0979765   9.09824078]
nelec by numeric integration = 31.9999999992942
    CPU time for vxc      1.46 sec, wall time      1.47 sec
~/packages/PeriodicIntegrals/PeriodicIntegrals-junjie-benchmark/isdfx/isdfx.py +4733
[[ 5.10853166e-01 -1.37729746e-02 -2.25085677e-03 ...  4.19760230e-05
  -9.46986236e-03 -1.08558636e-02]
 [-1.37729746e-02  4.26960082e-04  7.20467489e-04 ... -6.96731016e-07
   2.72576731e-04  3.10182712e-04]
 [-2.25085677e-03  7.20467489e-04  7.33566734e-01 ... -2.81110692e-02
   8.02014967e-04  1.66019093e-02]
 ...
 [ 4.19760230e-05 -6.96731016e-07 -2.81110692e-02 ...  2.44862296e-03
  -2.68933497e-04  5.35595234e-04]
 [-9.46986236e-03  2.72576731e-04  8.02014967e-04 ... -2.68933497e-04
   2.48860844e-03  1.43419294e-04]
 [-1.08558636e-02  3.10182712e-04  1.66019093e-02 ...  5.35595234e-04
   1.43419294e-04  3.05239953e-03]]
[[ 2.42384385e-01  1.24396536e-02  3.22931665e-01 ... -1.58555645e-01
   3.50029527e-04 -1.00611261e+00]
 [-9.27193121e-03 -3.70194455e-04 -9.61166507e-03 ... -1.77895333e-01
   2.83768273e-04 -8.15767456e-01]
 [-1.50155068e-04 -3.55608470e-02 -3.35770211e-02 ... -1.32710686e-02
   7.24675373e-02 -7.21861208e-02]
 ...
 [-5.03510096e-07  1.51874710e-02 -5.81897118e-04 ... -3.11809295e-03
  -5.47950763e-02 -1.30384245e-05]
 [ 7.26387959e-05 -1.05027050e-02 -9.46984224e-03 ...  1.88673110e-02
   3.65376784e-02 -3.60544406e-02]
 [ 9.75750205e-05  1.41748992e-02 -1.19251615e-02 ...  1.63784542e-02
  -5.27064624e-02 -4.16408610e-02]]
[2. 2. 2. 2. 2. 2. 2. 2. 2. 2. 2. 2. 2. 2. 2. 2. 0. 0. 0. 0. 0. 0. 0. 0.
 0. 0. 0. 0. 0. 0. 0. 0. 0. 0. 0. 0. 0. 0. 0. 0. 0. 0. 0. 0. 0. 0. 0. 0.
 0. 0. 0. 0. 0. 0. 0. 0. 0. 0. 0. 0. 0. 0. 0. 0. 0. 0. 0. 0. 0. 0. 0. 0.
 0. 0. 0. 0. 0. 0. 0. 0. 0. 0. 0. 0. 0. 0. 0. 0. 0. 0. 0. 0. 0. 0. 0. 0.
 0. 0. 0. 0. 0. 0. 0. 0.]
start SG
end SG -->  0.04699397087097168
    CPU time for vj and vk      2.76 sec, wall time      2.77 sec
E1 = 16.681924302317558  Ecoul = 4.928694856998821  Exc = -13.217274237144576
cycle= 3 E= -42.8421474697726  delta_E= -2.73e-09  |g|= 1.01e-05  |ddm|= 9.76e-05
    CPU time for cycle= 3      4.23 sec, wall time      4.24 sec
  HOMO = 0.57519248707394  LUMO = 0.855326601665269
  mo_energy =
[-0.26351808 -0.04882913 -0.04882482  0.04507142  0.04507189  0.06127767
  0.06326498  0.3161555   0.32368991  0.45214196  0.45214255  0.45935482
  0.4593576   0.56287439  0.57079753  0.57519249  0.8553266   0.85609283
  0.85846749  0.87671048  0.88225655  0.97648922  0.97648968  0.98047515
  0.98047952  1.00841982  1.00842052  1.19977269  1.29919806  1.30292884
  1.36189561  1.36190136  1.72622682  1.72623246  1.73431688  1.73529461
  1.76590256  1.76801567  1.92059131  1.92059586  1.9208628   1.92086886
  2.05272305  2.05389272  2.07334566  2.07334889  2.07503281  2.075034
  2.35891593  2.3595378   2.42064054  2.42365016  2.42530907  2.49177713
  2.4921735   2.49230353  2.66455391  2.66455499  2.80538725  2.80806476
  2.91299683  2.91300356  2.94451484  2.94451635  2.94675665  2.94675899
  2.99073865  2.99074139  2.99265209  2.9926642   2.99408862  2.99703267
  3.03685285  3.03688661  3.28426019  3.2842722   3.44386131  3.44463353
  3.57551002  3.58005672  3.6268895   3.62688983  3.62913196  3.62913734
  3.74855969  3.74877965  3.74895584  4.5225177   4.52257715  4.52318892
  4.52319073  4.63765165  4.64048613  4.64156663  4.73899162  4.74214747
  8.71211091  9.04038696  9.05313634  9.05318576  9.05341578  9.05403549
  9.09797748  9.09823714]
nelec by numeric integration = 31.999999999294204
    CPU time for vxc      1.45 sec, wall time      1.45 sec
~/packages/PeriodicIntegrals/PeriodicIntegrals-junjie-benchmark/isdfx/isdfx.py +4733
[[ 5.10852873e-01 -1.37729546e-02 -2.25100759e-03 ...  4.19864630e-05
  -9.46983709e-03 -1.08558420e-02]
 [-1.37729546e-02  4.26958999e-04  7.20481794e-04 ... -6.96718345e-07
   2.72576464e-04  3.10182919e-04]
 [-2.25100759e-03  7.20481794e-04  7.33566372e-01 ... -2.81111019e-02
   8.02022783e-04  1.66019497e-02]
 ...
 [ 4.19864630e-05 -6.96718345e-07 -2.81111019e-02 ...  2.44862485e-03
  -2.68933120e-04  5.35592368e-04]
 [-9.46983709e-03  2.72576464e-04  8.02022783e-04 ... -2.68933120e-04
   2.48860456e-03  1.43418786e-04]
 [-1.08558420e-02  3.10182919e-04  1.66019497e-02 ...  5.35592368e-04
   1.43418786e-04  3.05240015e-03]]
[[ 2.42382157e-01  2.11418778e-02  3.22477800e-01 ... -1.57211493e-01
   3.43484535e-04 -1.00616324e+00]
 [-9.27185669e-03 -6.29208107e-04 -9.59819701e-03 ... -1.76631659e-01
   2.78447478e-04 -8.15815138e-01]
 [-1.50175521e-04 -3.64531409e-02 -3.26051740e-02 ... -1.33066023e-02
   7.24670693e-02 -7.21884148e-02]
 ...
 [-4.89509219e-07  1.51662616e-02 -9.91171152e-04 ... -3.12312600e-03
  -5.47950159e-02 -1.29596082e-05]
 [ 7.26963462e-05 -1.07541979e-02 -9.18307169e-03 ...  1.89453861e-02
   3.65374351e-02 -3.60571228e-02]
 [ 9.76477732e-05  1.38482311e-02 -1.23028662e-02 ...  1.64601064e-02
  -5.27066411e-02 -4.16438283e-02]]
[2. 2. 2. 2. 2. 2. 2. 2. 2. 2. 2. 2. 2. 2. 2. 2. 0. 0. 0. 0. 0. 0. 0. 0.
 0. 0. 0. 0. 0. 0. 0. 0. 0. 0. 0. 0. 0. 0. 0. 0. 0. 0. 0. 0. 0. 0. 0. 0.
 0. 0. 0. 0. 0. 0. 0. 0. 0. 0. 0. 0. 0. 0. 0. 0. 0. 0. 0. 0. 0. 0. 0. 0.
 0. 0. 0. 0. 0. 0. 0. 0. 0. 0. 0. 0. 0. 0. 0. 0. 0. 0. 0. 0. 0. 0. 0. 0.
 0. 0. 0. 0. 0. 0. 0. 0.]
start SG
end SG -->  0.04801130294799805
    CPU time for vj and vk      2.76 sec, wall time      2.77 sec
E1 = 16.68192298459928  Ecoul = 4.928696798093231  Exc = -13.217274860520936
Extra cycle  E= -42.8421474697728  delta_E= -2.34e-13  |g|= 1e-05  |ddm|= 1.64e-05
    CPU time for scf_cycle     22.81 sec, wall time     22.92 sec
    CPU time for SCF     22.96 sec, wall time     23.06 sec
converged SCF energy = -42.8421474697728
Successfully saved all results to /central/scratch/yangjunjie//run-scf-spc-diamond-prim-1-2-2-fftisdf-ks-1-100-rcut_epsilon-1e-05-ke_epsilon-0.01-isdf_thresh-0.0005/48050868/scf.h5
