SLURMD_NODENAME = hpc-35-10
Start time = Wed Mar 19 07:05:42 PM PDT 2025
OMP_NUM_THREADS = 1
MKL_NUM_THREADS = 1
PYSCF_MAX_MEMORY = 409600
TMPDIR = /central/scratch/yangjunjie//run-scf-spc-diamond-conv-1-1-2-fftisdf-ks-1-100-rcut_epsilon-1e-05-ke_epsilon-0.05-isdf_thresh-0.0005/48100106/
PYSCF_TMPDIR = /central/scratch/yangjunjie//run-scf-spc-diamond-conv-1-1-2-fftisdf-ks-1-100-rcut_epsilon-1e-05-ke_epsilon-0.05-isdf_thresh-0.0005/48100106/

/home/junjiey/anaconda3/envs/fftisdf/bin/python
2.8.0
1.13.1
2.0.2
fft_engine = NUMPY+BLAS
name = diamond-conv
ke_cutoff =  1.00e+02
exxdiv = None
df = fftisdf-ks
chk_path = ../../../gdf-64/tmp/scf.h5
mesh = 1,1,2
rcut_epsilon =  1.00e-05
ke_epsilon =  5.00e-02
isdf_thresh =  5.00e-04

Discarded 24 diffused primitive functions, 0 contracted functions
ke_cutoff = 100.0
None

******** <class 'ISDFX'> ********
lin_dep_thresh: 1e-10
alpha_cutoff: 2.8
rcut_epsilon: 1e-05
ke_epsilon: 0.05
isdf_thresh: 0.0005
grid_vol_cutoff: 0.05
ke_step: 2.0
ao_tol: 1e-12
multigrid_on: True
direct_j: True
iterative_build: True
occRI: True
voronoi: True
fit_sparse_grid: False
fit_dense_grid: True
direct_k_sparse: True
direct_k: False
use_kpt_symm: False
kmesh: [1, 1, 1]
isdf_pts_from_q0: True
isdf_pts_from_gamma_point: False
alpha: None
do_real_isdf: False
N_xi: None
use_cell_periodic: False
isdf_thresh_sparse: None
ncopy: [1, 1, 1]
j_grid_mesh: None
k_grid_mesh: None
num_j_grids: 100
get_ao_from_pyscf: False
nuc_pp_version: 0
vppnl_ver: 0
universal_dense_grid: None
same_jk_grids: None
coulomb_only: False
max_memory   409600 MB (current use       90 MB)

Exchange function: getK_occRI  

cell mesh: [33 33 67]
nbas:  192
Grid     keMax    keMin    keGrid   expMax   expMin   nexp     lmax     PWs      mesh        
0        33.6     33.6     111.6    5.6      5.6      1        2        72963    [33 33 67]
1        12.7     2.1      12.7     2.1      0.3      3        2        3887     [13 13 23]
0        59.4     55.8     111.6    5.6      5.6      1        2        72963    [33 33 67]
1        22.4     11.2     22.4     2.1      2.1      1        2        8959     [17 17 31]
2        8.2      3.7      8.2      0.8      0.3      2        2        2299     [11 11 19]

ISDF

atm      grid     Ng       NI       Nxi      sharp    on_grid  diffuse  maxexp   minexp   lmax     lmin    
0        0        72963    1458     80       9        279      270      5.61     5.61     2        0       
1        0        72963    1474     81       9        279      270      5.61     5.61     2        0       
2        0        72963    1470     82       9        279      270      5.61     5.61     2        0       
3        0        72963    1487     81       9        279      270      5.61     5.61     2        0       
4        0        72963    1470     82       9        279      270      5.61     5.61     2        0       
5        0        72963    1487     81       9        279      270      5.61     5.61     2        0       
6        0        72963    1464     80       9        279      270      5.61     5.61     2        0       
7        0        72963    1474     81       9        279      270      5.61     5.61     2        0       
8        0        72963    1458     80       9        279      270      5.61     5.61     2        0       
9        0        72963    1487     81       9        279      270      5.61     5.61     2        0       
10       0        72963    1484     78       9        279      270      5.61     5.61     2        0       
11       0        72963    1474     81       9        279      270      5.61     5.61     2        0       
12       0        72963    1484     78       9        279      270      5.61     5.61     2        0       
13       0        72963    1474     81       9        279      270      5.61     5.61     2        0       
14       0        72963    1464     80       9        279      270      5.61     5.61     2        0       
15       0        72963    1487     81       9        279      270      5.61     5.61     2        0       
-        1        3887     3887     3887     432      432      432      2.11     0.35     2        0       
ISDF-pts:       1.16
ISDF-vec:       0.08
Fit dense grids ISDF:       1.25
Fit sparse grids ISDF:       0.00

Grid     PWs      Ng_i     N_xi     N_mu    
0        72963    23596    1288     4464    
1        3887     3887     3887     432     

nTHC: 5175
Mem Required (MB):      47.10
Curent RAM Use (MB) :        213 

Build W
ISDF-fft dense grids (sec):       7.55
Curent RAM Use (MB) :        213 
ISDF-fft:       7.55

Initial guess from minao.
Big error detected in the electron number of initial guess density matrix (Ne/cell = 63.9864)!
  This can cause huge error in Fock matrix and lead to instability in SCF for low-dimensional systems.
  DM is normalized wrt the number of electrons 64
Successfully loaded dm0 from ../../../gdf-64/tmp/scf.h5
Successfully loaded h1e and s1e from ../../../gdf-64/tmp/scf.h5
~/packages/PeriodicIntegrals/PeriodicIntegrals-junjie-benchmark/isdfx/isdfx.py +4733
[[ 5.92609815e-01 -2.07733389e-02 -1.49372130e-10 ...  3.29312158e-03
  -3.30285561e-03  3.70092513e-13]
 [-2.07733389e-02  8.44685909e-04 -2.19985986e-13 ... -2.09902515e-04
   1.65272475e-04 -3.14162051e-14]
 [-1.49372130e-10 -2.19985986e-13  6.49906929e-01 ...  1.14960616e-04
   2.10995193e-03  3.14505479e-03]
 ...
 [ 3.29312158e-03 -2.09902515e-04  1.14960616e-04 ...  4.46214761e-04
   2.63029861e-08  5.06136808e-15]
 [-3.30285561e-03  1.65272475e-04  2.10995193e-03 ...  2.63029861e-08
   2.26887108e-03  4.99288212e-08]
 [ 3.70092513e-13 -3.14162051e-14  3.14505479e-03 ...  5.06136808e-15
   4.99288212e-08  6.71985021e-04]]
[[ 1.71226849e-01 -1.71868240e-05  2.07241950e-01 ...  2.53713975e-09
  -1.68779379e-11 -1.15456586e+00]
 [-6.74284167e-03  7.43617084e-06 -4.11327152e-03 ...  2.30828178e-09
  -1.52033296e-11 -1.06092267e+00]
 [-9.60292207e-11 -1.84901929e-10 -1.78625099e-11 ... -5.27919961e-02
   1.46195141e-11 -1.18363862e-10]
 ...
 [-6.95558329e-05  1.20762008e-03  1.20741071e-03 ... -1.84653824e-02
  -3.87304918e-12 -4.53892981e-03]
 [ 1.02250060e-07  6.87865353e-08  1.96724149e-07 ...  3.72782486e-05
  -5.79794753e-02 -4.16962067e-02]
 [ 1.72659611e-13 -1.25212434e-14 -4.37909030e-13 ... -2.06923938e-04
   8.52717545e-06 -2.00889116e-13]]
[2. 2. 2. 2. 2. 2. 2. 2. 2. 2. 2. 2. 2. 2. 2. 2. 2. 2. 2. 2. 2. 2. 2. 2.
 2. 2. 2. 2. 2. 2. 2. 2. 0. 0. 0. 0. 0. 0. 0. 0. 0. 0. 0. 0. 0. 0. 0. 0.
 0. 0. 0. 0. 0. 0. 0. 0. 0. 0. 0. 0. 0. 0. 0. 0. 0. 0. 0. 0. 0. 0. 0. 0.
 0. 0. 0. 0. 0. 0. 0. 0. 0. 0. 0. 0. 0. 0. 0. 0. 0. 0. 0. 0. 0. 0. 0. 0.
 0. 0. 0. 0. 0. 0. 0. 0. 0. 0. 0. 0. 0. 0. 0. 0. 0. 0. 0. 0. 0. 0. 0. 0.
 0. 0. 0. 0. 0. 0. 0. 0. 0. 0. 0. 0. 0. 0. 0. 0. 0. 0. 0. 0. 0. 0. 0. 0.
 0. 0. 0. 0. 0. 0. 0. 0. 0. 0. 0. 0. 0. 0. 0. 0. 0. 0. 0. 0. 0. 0. 0. 0.
 0. 0. 0. 0. 0. 0. 0. 0. 0. 0. 0. 0. 0. 0. 0. 0. 0. 0. 0. 0. 0. 0. 0. 0.
 0. 0. 0. 0. 0. 0. 0. 0. 0. 0. 0. 0. 0. 0. 0. 0.]
~/packages/PeriodicIntegrals/PeriodicIntegrals-junjie-benchmark/isdfx/isdfx.py +4733
[[ 5.92609815e-01 -2.07733389e-02 -1.49372130e-10 ...  3.29312158e-03
  -3.30285561e-03  3.70092513e-13]
 [-2.07733389e-02  8.44685909e-04 -2.19985986e-13 ... -2.09902515e-04
   1.65272475e-04 -3.14162051e-14]
 [-1.49372130e-10 -2.19985986e-13  6.49906929e-01 ...  1.14960616e-04
   2.10995193e-03  3.14505479e-03]
 ...
 [ 3.29312158e-03 -2.09902515e-04  1.14960616e-04 ...  4.46214761e-04
   2.63029861e-08  5.06136808e-15]
 [-3.30285561e-03  1.65272475e-04  2.10995193e-03 ...  2.63029861e-08
   2.26887108e-03  4.99288212e-08]
 [ 3.70092513e-13 -3.14162051e-14  3.14505479e-03 ...  5.06136808e-15
   4.99288212e-08  6.71985021e-04]]
[[ 1.71226849e-01 -1.71868240e-05  2.07241950e-01 ...  2.53713975e-09
  -1.68779379e-11 -1.15456586e+00]
 [-6.74284167e-03  7.43617084e-06 -4.11327152e-03 ...  2.30828178e-09
  -1.52033296e-11 -1.06092267e+00]
 [-9.60292207e-11 -1.84901929e-10 -1.78625099e-11 ... -5.27919961e-02
   1.46195141e-11 -1.18363862e-10]
 ...
 [-6.95558329e-05  1.20762008e-03  1.20741071e-03 ... -1.84653824e-02
  -3.87304918e-12 -4.53892981e-03]
 [ 1.02250060e-07  6.87865353e-08  1.96724149e-07 ...  3.72782486e-05
  -5.79794753e-02 -4.16962067e-02]
 [ 1.72659611e-13 -1.25212434e-14 -4.37909030e-13 ... -2.06923938e-04
   8.52717545e-06 -2.00889116e-13]]
[2. 2. 2. 2. 2. 2. 2. 2. 2. 2. 2. 2. 2. 2. 2. 2. 2. 2. 2. 2. 2. 2. 2. 2.
 2. 2. 2. 2. 2. 2. 2. 2. 0. 0. 0. 0. 0. 0. 0. 0. 0. 0. 0. 0. 0. 0. 0. 0.
 0. 0. 0. 0. 0. 0. 0. 0. 0. 0. 0. 0. 0. 0. 0. 0. 0. 0. 0. 0. 0. 0. 0. 0.
 0. 0. 0. 0. 0. 0. 0. 0. 0. 0. 0. 0. 0. 0. 0. 0. 0. 0. 0. 0. 0. 0. 0. 0.
 0. 0. 0. 0. 0. 0. 0. 0. 0. 0. 0. 0. 0. 0. 0. 0. 0. 0. 0. 0. 0. 0. 0. 0.
 0. 0. 0. 0. 0. 0. 0. 0. 0. 0. 0. 0. 0. 0. 0. 0. 0. 0. 0. 0. 0. 0. 0. 0.
 0. 0. 0. 0. 0. 0. 0. 0. 0. 0. 0. 0. 0. 0. 0. 0. 0. 0. 0. 0. 0. 0. 0. 0.
 0. 0. 0. 0. 0. 0. 0. 0. 0. 0. 0. 0. 0. 0. 0. 0. 0. 0. 0. 0. 0. 0. 0. 0.
 0. 0. 0. 0. 0. 0. 0. 0. 0. 0. 0. 0. 0. 0. 0. 0.]
start SG
end SG -->  0.24146056175231934


******** <class 'pyscf.pbc.dft.rks.RKS'> ********
method = RKS
initial guess = minao
damping factor = 0
level_shift factor = 0
DIIS = <class 'pyscf.scf.diis.CDIIS'>
diis_start_cycle = 1
diis_space = 8
diis_damp = 0
SCF conv_tol = 1e-08
SCF conv_tol_grad = None
SCF max_cycles = 50
direct_scf = True
direct_scf_tol = 1e-13
chkfile to save SCF result = /central/scratch/yangjunjie/run-scf-spc-diamond-conv-1-1-2-fftisdf-ks-1-100-rcut_epsilon-1e-05-ke_epsilon-0.05-isdf_thresh-0.0005/48100106/tmpu8cmw_fd
max_memory 409600 MB (current use 254 MB)
******** PBC SCF flags ********
kpt = [0. 0. 0.]
Exchange divergence treatment (exxdiv) = None
DF object = <isdfx.isdfx.ISDFX object at 0x7efdc34b3490>
XC functionals = PBE0
small_rho_cutoff = 1e-07
Overwritten attributes  get_hcore get_ovlp  of <class 'pyscf.pbc.dft.rks.RKS'>
Set gradient conv threshold to 0.0001
nelec by numeric integration = 63.999999995674436
    CPU time for vxc      3.61 sec, wall time      3.62 sec
~/packages/PeriodicIntegrals/PeriodicIntegrals-junjie-benchmark/isdfx/isdfx.py +4733
[[ 5.92609815e-01 -2.07733389e-02 -1.49372130e-10 ...  3.29312158e-03
  -3.30285561e-03  3.70092513e-13]
 [-2.07733389e-02  8.44685909e-04 -2.19985986e-13 ... -2.09902515e-04
   1.65272475e-04 -3.14162051e-14]
 [-1.49372130e-10 -2.19985986e-13  6.49906929e-01 ...  1.14960616e-04
   2.10995193e-03  3.14505479e-03]
 ...
 [ 3.29312158e-03 -2.09902515e-04  1.14960616e-04 ...  4.46214761e-04
   2.63029861e-08  5.06136808e-15]
 [-3.30285561e-03  1.65272475e-04  2.10995193e-03 ...  2.63029861e-08
   2.26887108e-03  4.99288212e-08]
 [ 3.70092513e-13 -3.14162051e-14  3.14505479e-03 ...  5.06136808e-15
   4.99288212e-08  6.71985021e-04]]
[[ 1.71226849e-01 -1.71868240e-05  2.07241950e-01 ...  2.53713975e-09
  -1.68779379e-11 -1.15456586e+00]
 [-6.74284167e-03  7.43617084e-06 -4.11327152e-03 ...  2.30828178e-09
  -1.52033296e-11 -1.06092267e+00]
 [-9.60292207e-11 -1.84901929e-10 -1.78625099e-11 ... -5.27919961e-02
   1.46195141e-11 -1.18363862e-10]
 ...
 [-6.95558329e-05  1.20762008e-03  1.20741071e-03 ... -1.84653824e-02
  -3.87304918e-12 -4.53892981e-03]
 [ 1.02250060e-07  6.87865353e-08  1.96724149e-07 ...  3.72782486e-05
  -5.79794753e-02 -4.16962067e-02]
 [ 1.72659611e-13 -1.25212434e-14 -4.37909030e-13 ... -2.06923938e-04
   8.52717545e-06 -2.00889116e-13]]
[2. 2. 2. 2. 2. 2. 2. 2. 2. 2. 2. 2. 2. 2. 2. 2. 2. 2. 2. 2. 2. 2. 2. 2.
 2. 2. 2. 2. 2. 2. 2. 2. 0. 0. 0. 0. 0. 0. 0. 0. 0. 0. 0. 0. 0. 0. 0. 0.
 0. 0. 0. 0. 0. 0. 0. 0. 0. 0. 0. 0. 0. 0. 0. 0. 0. 0. 0. 0. 0. 0. 0. 0.
 0. 0. 0. 0. 0. 0. 0. 0. 0. 0. 0. 0. 0. 0. 0. 0. 0. 0. 0. 0. 0. 0. 0. 0.
 0. 0. 0. 0. 0. 0. 0. 0. 0. 0. 0. 0. 0. 0. 0. 0. 0. 0. 0. 0. 0. 0. 0. 0.
 0. 0. 0. 0. 0. 0. 0. 0. 0. 0. 0. 0. 0. 0. 0. 0. 0. 0. 0. 0. 0. 0. 0. 0.
 0. 0. 0. 0. 0. 0. 0. 0. 0. 0. 0. 0. 0. 0. 0. 0. 0. 0. 0. 0. 0. 0. 0. 0.
 0. 0. 0. 0. 0. 0. 0. 0. 0. 0. 0. 0. 0. 0. 0. 0. 0. 0. 0. 0. 0. 0. 0. 0.
 0. 0. 0. 0. 0. 0. 0. 0. 0. 0. 0. 0. 0. 0. 0. 0.]
start SG
end SG -->  0.23444318771362305
    CPU time for vj and vk      1.45 sec, wall time      1.45 sec
E1 = 32.24977431280603  Ecoul = 8.78182087178351  Exc = -26.90069025259716
init E= -88.3400798518961
    CPU time for initialize scf      5.07 sec, wall time      5.09 sec
  HOMO = 0.536136492208502  LUMO = 0.809343111603736
  mo_energy =
[-0.30706795 -0.23040719 -0.23040567  0.01819296  0.01819377  0.01819454
  0.01819516  0.02069908  0.02070012  0.04981972  0.04982043  0.04982136
  0.04982201  0.20939524  0.20939617  0.20939688  0.20939829  0.27479232
  0.27479395  0.28467833  0.28467861  0.28467933  0.2846813   0.34993414
  0.34993473  0.36709576  0.36709632  0.36709769  0.36709844  0.53158031
  0.53613617  0.53613649  0.80934311  0.80934386  0.84197753  0.84357686
  0.84357688  0.86866928  0.86867067  0.86987535  0.86987601  0.86987653
  0.86987653  1.07974463  1.07974465  1.07974733  1.07974734  1.08808188
  1.08808189  1.08808551  1.08808825  1.11769149  1.11769366  1.11769384
  1.11769386  1.13487895  1.13487926  1.17879564  1.27828825  1.27828831
  1.27829501  1.27829985  1.27947057  1.27947062  1.59333643  1.59333786
  1.59333788  1.59334131  1.63359623  1.63359687  1.71371679  1.7137383
  1.71506513  1.71506943  1.71506945  1.71507523  1.75659766  1.75800331
  1.87294724  1.87294989  1.90148897  1.90149034  2.04008009  2.04008018
  2.04013014  2.04013029  2.04014865  2.04014872  2.06125472  2.06126016
  2.06126255  2.06126258  2.25910774  2.25910781  2.25911051  2.25911055
  2.34580938  2.34594434  2.34595674  2.34595674  2.34723441  2.3473674
  2.40762335  2.40762337  2.40794352  2.47192159  2.47278671  2.47278702
  2.49625321  2.4962533   2.49625915  2.49625967  2.53733679  2.53733688
  2.53734076  2.53734083  2.768607    2.76860711  2.76861488  2.7686175
  2.78758455  2.78758466  2.78759496  2.78759627  2.78783159  2.78783168
  2.79512207  2.79512217  2.88461033  2.88462304  2.88462307  2.88462397
  2.98044403  2.98045556  2.9804556   2.98045752  2.98111287  2.98113156
  3.02121582  3.02121616  3.02147217  3.02147505  3.02148418  3.02148447
  3.07450486  3.07450561  3.10635322  3.10635395  3.10636246  3.10636249
  3.2683804   3.26838467  3.26838481  3.26838773  3.2864062   3.28641171
  3.35184657  3.35185966  3.41733027  3.41733043  3.41733623  3.41733637
  3.42809405  3.42816589  3.42903958  3.42905232  3.42905236  3.42910115
  3.56148551  3.56383339  3.73134334  3.73180318  3.73180381  3.83432666
  3.83434185  4.33910181  4.33910182  4.33910192  4.3391093   4.62109898
  4.62109903  4.62252167  4.72255782  4.72255831  4.72305653  4.72305665
  4.72374629  4.72374634  4.72376633  4.72377262  4.72408771  4.72408849
  8.67338769  8.85995011  8.85998252  9.00147711  9.01115717  9.01555021
  9.01555021  9.01564469  9.01568638  9.02216359  9.0287194   9.03231302
  9.0371364   9.03713642  9.03714893  9.04132251]
nelec by numeric integration = 63.999999995675424
    CPU time for vxc      3.55 sec, wall time      3.56 sec
~/packages/PeriodicIntegrals/PeriodicIntegrals-junjie-benchmark/isdfx/isdfx.py +4733
[[ 5.92731848e-01 -2.07711899e-02 -8.58839213e-07 ...  3.28336348e-03
  -3.30203041e-03  2.47245955e-07]
 [-2.07711899e-02  8.44507416e-04 -1.02964853e-06 ... -2.08717200e-04
   1.64722836e-04 -3.89574856e-08]
 [-8.58839213e-07 -1.02964853e-06  6.49875370e-01 ...  1.13182752e-04
   2.11609183e-03  3.16108736e-03]
 ...
 [ 3.28336348e-03 -2.08717200e-04  1.13182752e-04 ...  4.45210748e-04
   1.62370608e-06 -1.05235921e-08]
 [-3.30203041e-03  1.64722836e-04  2.11609183e-03 ...  1.62370608e-06
   2.27018732e-03  2.73155116e-06]
 [ 2.47245955e-07 -3.89574856e-08  3.16108736e-03 ... -1.05235921e-08
   2.73155116e-06  6.71117232e-04]]
[[ 1.71216225e-01 -2.06307540e-01  1.95800698e-02 ... -7.97561973e-07
  -1.43020019e-06 -1.15353012e+00]
 [-6.73676446e-03  4.08732873e-03 -3.97164122e-04 ... -7.04334641e-07
  -1.32811522e-06 -1.05956956e+00]
 [ 5.61070584e-07 -9.88531645e-07 -2.91228313e-07 ... -4.77370165e-02
   3.41077996e-05 -1.14507254e-07]
 ...
 [-1.11214457e-04 -1.13152933e-03  1.35357057e-03 ... -2.24243070e-05
  -5.82091279e-07 -4.61514913e-03]
 [ 1.10588285e-06 -1.91388480e-06 -4.28677116e-06 ... -8.19538069e-05
  -5.35920571e-02 -4.22903102e-02]
 [ 1.33690383e-06  8.17896252e-07 -1.68793503e-06 ...  1.72410228e-03
   1.14840831e-05 -6.02654110e-09]]
[2. 2. 2. 2. 2. 2. 2. 2. 2. 2. 2. 2. 2. 2. 2. 2. 2. 2. 2. 2. 2. 2. 2. 2.
 2. 2. 2. 2. 2. 2. 2. 2. 0. 0. 0. 0. 0. 0. 0. 0. 0. 0. 0. 0. 0. 0. 0. 0.
 0. 0. 0. 0. 0. 0. 0. 0. 0. 0. 0. 0. 0. 0. 0. 0. 0. 0. 0. 0. 0. 0. 0. 0.
 0. 0. 0. 0. 0. 0. 0. 0. 0. 0. 0. 0. 0. 0. 0. 0. 0. 0. 0. 0. 0. 0. 0. 0.
 0. 0. 0. 0. 0. 0. 0. 0. 0. 0. 0. 0. 0. 0. 0. 0. 0. 0. 0. 0. 0. 0. 0. 0.
 0. 0. 0. 0. 0. 0. 0. 0. 0. 0. 0. 0. 0. 0. 0. 0. 0. 0. 0. 0. 0. 0. 0. 0.
 0. 0. 0. 0. 0. 0. 0. 0. 0. 0. 0. 0. 0. 0. 0. 0. 0. 0. 0. 0. 0. 0. 0. 0.
 0. 0. 0. 0. 0. 0. 0. 0. 0. 0. 0. 0. 0. 0. 0. 0. 0. 0. 0. 0. 0. 0. 0. 0.
 0. 0. 0. 0. 0. 0. 0. 0. 0. 0. 0. 0. 0. 0. 0. 0.]
start SG
end SG -->  0.23708248138427734
    CPU time for vj and vk      1.36 sec, wall time      1.37 sec
E1 = 32.249370425087875  Ecoul = 8.782418862608504  Exc = -26.90089090827128
cycle= 1 E= -88.3400864044634  delta_E= -6.55e-06  |g|= 0.000803  |ddm|= 0.00544
    CPU time for cycle= 1      4.92 sec, wall time      4.94 sec
  HOMO = 0.53615149374278  LUMO = 0.809352549714958
  mo_energy =
[-0.30706054 -0.23039959 -0.23039915  0.01820119  0.01820212  0.01820282
  0.0182039   0.02070529  0.02070635  0.0498289   0.04982976  0.04983053
  0.04983133  0.20940186  0.209402    0.20940265  0.20940428  0.27480345
  0.27480486  0.28468408  0.28468418  0.28468506  0.28468737  0.34993606
  0.34993791  0.3671077   0.36710836  0.36710973  0.36711055  0.53157721
  0.53615126  0.53615149  0.80935255  0.80935556  0.84198979  0.84358305
  0.84358309  0.86867947  0.86868081  0.86987843  0.86987972  0.8698799
  0.86988001  1.07975451  1.07975469  1.07975708  1.07975727  1.08808627
  1.08808634  1.08809084  1.08809219  1.11770156  1.11770245  1.11770322
  1.11770331  1.13489263  1.1348952   1.17880959  1.27830188  1.27830198
  1.27830859  1.27831406  1.27948343  1.27948369  1.59335043  1.5933515
  1.59335158  1.59335613  1.63360398  1.63360409  1.71372587  1.71374647
  1.71508106  1.71508534  1.71508558  1.71509053  1.75661234  1.75800432
  1.87295587  1.87295868  1.90148967  1.90149236  2.04007905  2.04007921
  2.04013469  2.04013622  2.04016222  2.04016227  2.06127161  2.06127574
  2.06127993  2.06127999  2.25911823  2.25911838  2.25912088  2.25912106
  2.34582459  2.34595594  2.34597222  2.34597247  2.34723685  2.34736843
  2.40763138  2.40763139  2.40795065  2.47193099  2.4728008   2.47280105
  2.49625903  2.49625922  2.49626475  2.49626577  2.53734762  2.53734776
  2.53735176  2.5373518   2.76861657  2.76861673  2.7686239   2.76862706
  2.78759472  2.7875948   2.78760594  2.78760808  2.78784554  2.78784569
  2.79513111  2.79513314  2.88462479  2.88463573  2.88463773  2.88463777
  2.98045309  2.98046455  2.98046523  2.98046528  2.98112818  2.98114975
  3.02122329  3.02122359  3.0214797   3.02148283  3.02149549  3.02149577
  3.07450873  3.07450953  3.10636373  3.1063646   3.10637463  3.10637466
  3.26838532  3.26839119  3.26839123  3.26839389  3.28642698  3.28643423
  3.35186112  3.35187251  3.41734313  3.41734326  3.41734817  3.41734853
  3.42810445  3.42818053  3.42904966  3.42906262  3.42906295  3.42911188
  3.56151166  3.5638383   3.73135243  3.73181595  3.73181665  3.83434049
  3.83435512  4.33910931  4.33911068  4.33911079  4.33911613  4.62110427
  4.62110434  4.62253113  4.72252403  4.72252563  4.72306525  4.72306545
  4.72376033  4.7237605   4.7237755   4.7237821   4.7241293   4.7241312
  8.67341196  8.85997344  8.86000814  9.00148489  9.01116309  9.01557438
  9.01557494  9.01567046  9.01573109  9.02221637  9.02872561  9.03232674
  9.03713325  9.03717235  9.03717237  9.04136746]
nelec by numeric integration = 63.99999999567562
    CPU time for vxc      3.31 sec, wall time      3.33 sec
~/packages/PeriodicIntegrals/PeriodicIntegrals-junjie-benchmark/isdfx/isdfx.py +4733
[[ 5.92702563e-01 -2.07671294e-02 -7.43289935e-07 ...  3.28347382e-03
  -3.30183278e-03  2.60306705e-07]
 [-2.07671294e-02  8.44227857e-04 -1.05000109e-06 ... -2.08731972e-04
   1.64668194e-04 -4.06962853e-08]
 [-7.43289935e-07 -1.05000109e-06  6.49832031e-01 ...  1.13001105e-04
   2.11446086e-03  3.16136192e-03]
 ...
 [ 3.28347382e-03 -2.08731972e-04  1.13001105e-04 ...  4.45068674e-04
   1.64134136e-06 -1.08138048e-08]
 [-3.30183278e-03  1.64668194e-04  2.11446086e-03 ...  1.64134136e-06
   2.27065936e-03  2.78169320e-06]
 [ 2.60306705e-07 -4.06962853e-08  3.16136192e-03 ... -1.08138048e-08
   2.78169320e-06  6.71257866e-04]]
[[ 1.71204084e-01 -1.11343738e-01  1.74754749e-01 ... -4.20961130e-05
   1.52126603e-04 -1.15350277e+00]
 [-6.73610832e-03  2.19329721e-03 -3.47012332e-03 ... -3.79150924e-05
   1.34462747e-04 -1.05958227e+00]
 [-1.86057660e-08 -6.10352053e-07 -2.97110949e-07 ...  4.79328935e-02
  -5.48500361e-02 -1.10833184e-05]
 ...
 [-1.10429679e-04  3.67761343e-04  1.72183959e-03 ...  1.19431026e-04
  -1.89991929e-02 -4.61401001e-03]
 [ 1.00451963e-06 -5.18385740e-06 -7.91307382e-07 ...  4.11375981e-05
   4.18720660e-05 -4.22641625e-02]
 [ 1.36321895e-06 -8.46784827e-07 -1.70837732e-06 ... -1.76109368e-03
  -1.10996248e-05  5.54545394e-08]]
[2. 2. 2. 2. 2. 2. 2. 2. 2. 2. 2. 2. 2. 2. 2. 2. 2. 2. 2. 2. 2. 2. 2. 2.
 2. 2. 2. 2. 2. 2. 2. 2. 0. 0. 0. 0. 0. 0. 0. 0. 0. 0. 0. 0. 0. 0. 0. 0.
 0. 0. 0. 0. 0. 0. 0. 0. 0. 0. 0. 0. 0. 0. 0. 0. 0. 0. 0. 0. 0. 0. 0. 0.
 0. 0. 0. 0. 0. 0. 0. 0. 0. 0. 0. 0. 0. 0. 0. 0. 0. 0. 0. 0. 0. 0. 0. 0.
 0. 0. 0. 0. 0. 0. 0. 0. 0. 0. 0. 0. 0. 0. 0. 0. 0. 0. 0. 0. 0. 0. 0. 0.
 0. 0. 0. 0. 0. 0. 0. 0. 0. 0. 0. 0. 0. 0. 0. 0. 0. 0. 0. 0. 0. 0. 0. 0.
 0. 0. 0. 0. 0. 0. 0. 0. 0. 0. 0. 0. 0. 0. 0. 0. 0. 0. 0. 0. 0. 0. 0. 0.
 0. 0. 0. 0. 0. 0. 0. 0. 0. 0. 0. 0. 0. 0. 0. 0. 0. 0. 0. 0. 0. 0. 0. 0.
 0. 0. 0. 0. 0. 0. 0. 0. 0. 0. 0. 0. 0. 0. 0. 0.]
start SG
end SG -->  0.23209142684936523
    CPU time for vj and vk      1.30 sec, wall time      1.31 sec
E1 = 32.2494210703285  Ecoul = 8.782345441528635  Exc = -26.900868130674525
cycle= 2 E= -88.3400864027059  delta_E= 1.76e-09  |g|= 0.000898  |ddm|= 0.00122
    CPU time for cycle= 2      4.63 sec, wall time      4.65 sec
  HOMO = 0.536151159185354  LUMO = 0.809352890180114
  mo_energy =
[-0.30706076 -0.2304001  -0.23039958  0.01820133  0.01820215  0.018203
  0.01820346  0.02070475  0.02070572  0.04982821  0.04982898  0.04982994
  0.04983062  0.20940125  0.20940172  0.20940235  0.2094038   0.27480323
  0.27480464  0.28468335  0.28468387  0.28468421  0.28468662  0.34993543
  0.34993689  0.36710758  0.36710803  0.36710934  0.36711     0.53157595
  0.53615092  0.53615116  0.80935289  0.80935517  0.84198947  0.84358251
  0.84358255  0.86867936  0.86868067  0.86987796  0.86987917  0.86987946
  0.86987957  1.07975377  1.07975396  1.07975652  1.0797567   1.08808566
  1.08808574  1.08808981  1.08809173  1.11770081  1.11770153  1.11770256
  1.11770264  1.1348927   1.13489442  1.17880875  1.27830142  1.27830151
  1.27830815  1.27831336  1.27948207  1.27948231  1.59335009  1.59335137
  1.59335146  1.59335525  1.63360303  1.63360393  1.71372475  1.71374586
  1.71508029  1.71508434  1.71508458  1.71509018  1.75661232  1.75800389
  1.87295515  1.87295795  1.90148949  1.90149147  2.04008246  2.04008258
  2.04013452  2.04013542  2.04015841  2.0401585   2.0612715   2.06127535
  2.06127938  2.06127948  2.25911772  2.25911782  2.25912046  2.2591206
  2.34582264  2.34595564  2.34597185  2.3459721   2.34723622  2.34737038
  2.4076309   2.40763091  2.40795005  2.47193024  2.4728001   2.47280037
  2.4962585   2.49625862  2.49626443  2.49626474  2.53734687  2.53734699
  2.53735125  2.53735129  2.76861583  2.768616    2.76862346  2.76862615
  2.78759498  2.78759512  2.78760516  2.78760692  2.78784428  2.78784443
  2.79513086  2.79513217  2.88462432  2.88463558  2.88463744  2.88463745
  2.98045314  2.980464    2.98046405  2.98046532  2.98112773  2.98114936
  3.02122442  3.02122471  3.02147932  3.0214819   3.02149334  3.02149359
  3.07450829  3.07450855  3.1063633   3.10636436  3.10637371  3.10637377
  3.26838538  3.26839052  3.26839055  3.26839275  3.2864257   3.28643483
  3.35186067  3.35187179  3.41734233  3.41734248  3.41734782  3.41734815
  3.42810512  3.42818045  3.42904891  3.42906211  3.42906242  3.42911001
  3.5615119   3.56383754  3.73135166  3.73181531  3.731816    3.83434029
  3.83435436  4.33910863  4.33910984  4.33910998  4.33911603  4.62110373
  4.62110382  4.6225304   4.72253781  4.72253805  4.72306262  4.72306283
  4.72375853  4.7237586   4.72377472  4.72378136  4.72411855  4.72411913
  8.6734107   8.85997329  8.86000472  9.00149557  9.01117122  9.01558369
  9.01558376  9.01567605  9.01570988  9.02218817  9.02873385  9.0323297
  9.03715157  9.03715982  9.03715998  9.04134554]
nelec by numeric integration = 63.99999999567566
    CPU time for vxc      3.29 sec, wall time      3.30 sec
~/packages/PeriodicIntegrals/PeriodicIntegrals-junjie-benchmark/isdfx/isdfx.py +4733
[[ 5.92716970e-01 -2.07688976e-02 -1.09270814e-06 ...  3.28372013e-03
  -3.30211596e-03  2.57240295e-07]
 [-2.07688976e-02  8.44338075e-04 -1.01043389e-06 ... -2.08780275e-04
   1.64731253e-04 -4.03594756e-08]
 [-1.09270814e-06 -1.01043389e-06  6.49845654e-01 ...  1.13089055e-04
   2.11449951e-03  3.16138844e-03]
 ...
 [ 3.28372013e-03 -2.08780275e-04  1.13089055e-04 ...  4.45007169e-04
   1.67448579e-06 -1.10577095e-08]
 [-3.30211596e-03  1.64731253e-04  2.11449951e-03 ...  1.67448579e-06
   2.27035594e-03  2.82790053e-06]
 [ 2.57240295e-07 -4.03594756e-08  3.16138844e-03 ... -1.10577095e-08
   2.82790053e-06  6.71123806e-04]]
[[ 1.71210130e-01 -1.94695644e-01  7.09637179e-02 ... -1.31901706e-05
   7.24157604e-05  1.15356322e+00]
 [-6.73649853e-03  3.85406272e-03 -1.41588220e-03 ... -1.18929404e-05
   6.40673262e-05  1.05961006e+00]
 [ 2.10032637e-07 -5.87698617e-07 -3.76240703e-07 ...  4.77782049e-02
  -5.49925013e-02  5.15606582e-06]
 ...
 [-1.09156084e-04 -7.55720050e-04  1.59192105e-03 ...  1.11719448e-05
  -1.90429192e-02  4.62564130e-03]
 [ 1.13422996e-06 -3.23395188e-06 -3.83821760e-06 ...  6.48848811e-05
   2.86069187e-05  4.22831686e-02]
 [ 1.35452087e-06  3.59086798e-07 -1.86641313e-06 ... -1.69121471e-03
  -9.86690013e-07 -9.39517646e-09]]
[2. 2. 2. 2. 2. 2. 2. 2. 2. 2. 2. 2. 2. 2. 2. 2. 2. 2. 2. 2. 2. 2. 2. 2.
 2. 2. 2. 2. 2. 2. 2. 2. 0. 0. 0. 0. 0. 0. 0. 0. 0. 0. 0. 0. 0. 0. 0. 0.
 0. 0. 0. 0. 0. 0. 0. 0. 0. 0. 0. 0. 0. 0. 0. 0. 0. 0. 0. 0. 0. 0. 0. 0.
 0. 0. 0. 0. 0. 0. 0. 0. 0. 0. 0. 0. 0. 0. 0. 0. 0. 0. 0. 0. 0. 0. 0. 0.
 0. 0. 0. 0. 0. 0. 0. 0. 0. 0. 0. 0. 0. 0. 0. 0. 0. 0. 0. 0. 0. 0. 0. 0.
 0. 0. 0. 0. 0. 0. 0. 0. 0. 0. 0. 0. 0. 0. 0. 0. 0. 0. 0. 0. 0. 0. 0. 0.
 0. 0. 0. 0. 0. 0. 0. 0. 0. 0. 0. 0. 0. 0. 0. 0. 0. 0. 0. 0. 0. 0. 0. 0.
 0. 0. 0. 0. 0. 0. 0. 0. 0. 0. 0. 0. 0. 0. 0. 0. 0. 0. 0. 0. 0. 0. 0. 0.
 0. 0. 0. 0. 0. 0. 0. 0. 0. 0. 0. 0. 0. 0. 0. 0.]
start SG
end SG -->  0.23530030250549316
    CPU time for vj and vk      1.30 sec, wall time      1.31 sec
E1 = 32.24941720909441  Ecoul = 8.782351333209599  Exc = -26.900870302733804
cycle= 3 E= -88.3400865443183  delta_E= -1.42e-07  |g|= 0.000406  |ddm|= 0.000898
    CPU time for cycle= 3      4.61 sec, wall time      4.63 sec
  HOMO = 0.536150970177848  LUMO = 0.80935294810919
  mo_energy =
[-0.30706113 -0.23040053 -0.23039978  0.01820094  0.01820173  0.01820269
  0.01820317  0.02070429  0.0207053   0.049828    0.04982874  0.04982965
  0.0498303   0.20940096  0.20940133  0.20940196  0.20940347  0.27480297
  0.27480438  0.28468293  0.28468326  0.28468379  0.28468613  0.34993474
  0.34993612  0.36710737  0.36710782  0.3671091   0.36710975  0.53157489
  0.53615072  0.53615097  0.80935295  0.80935501  0.84198927  0.84358202
  0.84358207  0.86867933  0.86868068  0.86987768  0.86987864  0.86987899
  0.86987909  1.07975322  1.0797534   1.07975599  1.07975616  1.08808508
  1.08808515  1.08808917  1.08809125  1.11770016  1.11770105  1.11770189
  1.11770197  1.13489256  1.13489401  1.17880816  1.278301    1.27830109
  1.27830742  1.27831272  1.27948128  1.27948153  1.59334971  1.59335093
  1.59335102  1.59335507  1.63360274  1.63360342  1.71372417  1.713745
  1.71507976  1.71508392  1.71508415  1.71508951  1.7566124   1.75800345
  1.87295439  1.87295737  1.90148918  1.90149091  2.04008292  2.04008304
  2.04013423  2.04013515  2.04015727  2.04015737  2.06127143  2.06127503
  2.06127927  2.06127936  2.25911726  2.25911736  2.25912013  2.25912026
  2.3458221   2.3459554   2.3459718   2.34597205  2.3472357   2.34737051
  2.40763044  2.40763046  2.40794954  2.47192959  2.47279957  2.47279983
  2.49625795  2.49625805  2.49626398  2.49626421  2.53734641  2.53734654
  2.53735078  2.53735082  2.76861539  2.76861556  2.76862289  2.76862582
  2.7875943   2.78759445  2.78760448  2.78760651  2.78784367  2.78784381
  2.79513042  2.79513165  2.88462448  2.88463511  2.88463718  2.8846372
  2.98045269  2.98046392  2.98046396  2.98046449  2.98112756  2.98114901
  3.02122435  3.02122464  3.02147878  3.02148154  3.02149251  3.02149276
  3.07450777  3.07450788  3.10636272  3.1063639   3.1063733   3.10637336
  3.26838492  3.26838997  3.26839002  3.26839218  3.2864254   3.28643473
  3.35186032  3.35187136  3.41734182  3.41734197  3.41734745  3.41734776
  3.42810524  3.42818001  3.42904854  3.42906152  3.42906183  3.42910932
  3.56151199  3.5638369   3.73135102  3.73181488  3.73181557  3.83433969
  3.8343541   4.33910812  4.33910941  4.33910956  4.33911548  4.6211032
  4.62110327  4.62252981  4.7225379   4.7225387   4.72306272  4.72306293
  4.72375757  4.72375765  4.72377416  4.72378099  4.7241166   4.72411772
  8.67340897  8.85997165  8.86000312  9.00149544  9.01117293  9.01557512
  9.01557529  9.01566988  9.01571131  9.02218209  9.0287408   9.03232791
  9.03714625  9.03716571  9.03716572  9.04134069]
nelec by numeric integration = 63.99999999567566
    CPU time for vxc      3.27 sec, wall time      3.29 sec
~/packages/PeriodicIntegrals/PeriodicIntegrals-junjie-benchmark/isdfx/isdfx.py +4733
[[ 5.92720535e-01 -2.07693448e-02 -1.17074037e-06 ...  3.28342542e-03
  -3.30196620e-03  2.56124264e-07]
 [-2.07693448e-02  8.44365569e-04 -1.00091759e-06 ... -2.08746593e-04
   1.64708124e-04 -4.02196947e-08]
 [-1.17074037e-06 -1.00091759e-06  6.49848037e-01 ...  1.13018380e-04
   2.11459066e-03  3.16152945e-03]
 ...
 [ 3.28342542e-03 -2.08746593e-04  1.13018380e-04 ...  4.45024672e-04
   1.68547251e-06 -1.11553707e-08]
 [-3.30196620e-03  1.64708124e-04  2.11459066e-03 ...  1.68547251e-06
   2.27052262e-03  2.84595420e-06]
 [ 2.56124264e-07 -4.02196947e-08  3.16152945e-03 ... -1.11553707e-08
   2.84595420e-06  6.71190868e-04]]
[[ 1.71212983e-01 -2.02224574e-01  4.52599707e-02 ... -8.20510767e-06
   5.32322843e-05 -1.15349427e+00]
 [-6.73660918e-03  4.00427654e-03 -9.08614222e-04 ... -7.39436925e-06
   4.71190643e-05 -1.05954396e+00]
 [ 2.75228814e-07 -6.23473229e-07 -3.93645922e-07 ...  4.80327184e-02
  -5.47659299e-02 -3.77995608e-06]
 ...
 [-1.09559468e-04 -9.54414068e-04  1.48051238e-03 ...  1.36255505e-04
  -1.90126845e-02 -4.61314006e-03]
 [ 1.17031139e-06 -2.60772210e-06 -4.22514842e-06 ...  5.35534243e-05
   3.51590049e-05 -4.22839474e-02]
 [ 1.35250166e-06  5.95023754e-07 -1.80145702e-06 ... -1.73776164e-03
  -1.24445839e-05  1.37108450e-09]]
[2. 2. 2. 2. 2. 2. 2. 2. 2. 2. 2. 2. 2. 2. 2. 2. 2. 2. 2. 2. 2. 2. 2. 2.
 2. 2. 2. 2. 2. 2. 2. 2. 0. 0. 0. 0. 0. 0. 0. 0. 0. 0. 0. 0. 0. 0. 0. 0.
 0. 0. 0. 0. 0. 0. 0. 0. 0. 0. 0. 0. 0. 0. 0. 0. 0. 0. 0. 0. 0. 0. 0. 0.
 0. 0. 0. 0. 0. 0. 0. 0. 0. 0. 0. 0. 0. 0. 0. 0. 0. 0. 0. 0. 0. 0. 0. 0.
 0. 0. 0. 0. 0. 0. 0. 0. 0. 0. 0. 0. 0. 0. 0. 0. 0. 0. 0. 0. 0. 0. 0. 0.
 0. 0. 0. 0. 0. 0. 0. 0. 0. 0. 0. 0. 0. 0. 0. 0. 0. 0. 0. 0. 0. 0. 0. 0.
 0. 0. 0. 0. 0. 0. 0. 0. 0. 0. 0. 0. 0. 0. 0. 0. 0. 0. 0. 0. 0. 0. 0. 0.
 0. 0. 0. 0. 0. 0. 0. 0. 0. 0. 0. 0. 0. 0. 0. 0. 0. 0. 0. 0. 0. 0. 0. 0.
 0. 0. 0. 0. 0. 0. 0. 0. 0. 0. 0. 0. 0. 0. 0. 0.]
start SG
end SG -->  0.23068809509277344
    CPU time for vj and vk      1.31 sec, wall time      1.32 sec
E1 = 32.249413981114124  Ecoul = 8.782356228638427  Exc = -26.900872003372662
cycle= 4 E= -88.3400865775086  delta_E= -3.32e-08  |g|= 0.000112  |ddm|= 0.000346
    CPU time for cycle= 4      4.60 sec, wall time      4.62 sec
  HOMO = 0.536151004686997  LUMO = 0.809352916715344
  mo_energy =
[-0.30706117 -0.23040052 -0.23039991  0.01820092  0.01820174  0.01820265
  0.01820315  0.0207042   0.02070522  0.04982791  0.04982868  0.04982959
  0.04983026  0.20940084  0.20940127  0.20940191  0.20940345  0.27480296
  0.27480438  0.28468281  0.28468309  0.28468368  0.28468609  0.3499345
  0.349936    0.36710735  0.3671078   0.36710912  0.36710978  0.53157458
  0.53615076  0.536151    0.80935292  0.80935512  0.84198927  0.84358192
  0.84358197  0.86867941  0.86868074  0.86987756  0.86987853  0.86987889
  0.86987898  1.07975315  1.07975332  1.07975588  1.07975605  1.08808496
  1.08808502  1.08808896  1.08809115  1.1177      1.11770093  1.11770178
  1.11770185  1.1348925   1.13489408  1.17880807  1.2783008   1.27830089
  1.27830723  1.27831273  1.27948127  1.27948151  1.59334967  1.59335091
  1.593351    1.59335503  1.63360266  1.63360337  1.71372401  1.71374484
  1.71507969  1.71508387  1.71508409  1.7150895   1.7566125   1.75800335
  1.87295419  1.87295732  1.90148898  1.90149088  2.04008186  2.04008198
  2.04013409  2.04013515  2.04015825  2.04015833  2.06127143  2.06127512
  2.06127933  2.06127941  2.25911725  2.25911736  2.25912002  2.25912016
  2.34582275  2.34595548  2.34597184  2.34597209  2.34723557  2.34736978
  2.40763037  2.40763038  2.40794943  2.47192947  2.47279949  2.47279975
  2.49625783  2.49625795  2.49626377  2.49626421  2.53734634  2.53734647
  2.53735072  2.53735076  2.76861528  2.76861545  2.76862273  2.76862572
  2.78759411  2.78759423  2.7876043   2.78760645  2.78784372  2.78784387
  2.79513028  2.79513164  2.88462441  2.88463523  2.88463723  2.88463723
  2.98045265  2.98046379  2.98046384  2.98046445  2.98112761  2.98114906
  3.02122385  3.02122414  3.02147863  3.02148149  3.02149288  3.02149314
  3.07450758  3.07450783  3.10636271  3.10636384  3.10637323  3.10637328
  3.26838477  3.26838986  3.2683899   3.26839213  3.28642546  3.28643484
  3.3518604   3.35187128  3.41734184  3.41734198  3.41734733  3.41734765
  3.42810485  3.42817997  3.42904852  3.42906143  3.42906174  3.42910948
  3.56151204  3.56383674  3.73135096  3.73181482  3.73181551  3.83433965
  3.83435396  4.33910811  4.33910932  4.33910946  4.33911534  4.62110306
  4.62110314  4.62252969  4.72253649  4.72253721  4.72306248  4.72306269
  4.7237579   4.72375799  4.72377415  4.72378083  4.72411766  4.72411872
  8.67340864  8.85997137  8.86000274  9.00149276  9.01116931  9.01557722
  9.01557743  9.0156712   9.01571115  9.02218805  9.02873464  9.03232684
  9.0371448   9.03716296  9.03716304  9.04134531]
nelec by numeric integration = 63.999999995675665
    CPU time for vxc      3.29 sec, wall time      3.30 sec
~/packages/PeriodicIntegrals/PeriodicIntegrals-junjie-benchmark/isdfx/isdfx.py +4733
[[ 5.92716456e-01 -2.07688516e-02 -1.07456835e-06 ...  3.28342473e-03
  -3.30198525e-03  2.56826630e-07]
 [-2.07688516e-02  8.44333768e-04 -1.01122383e-06 ... -2.08745629e-04
   1.64709026e-04 -4.02879160e-08]
 [-1.07456835e-06 -1.01122383e-06  6.49843198e-01 ...  1.13021991e-04
   2.11468344e-03  3.16146772e-03]
 ...
 [ 3.28342473e-03 -2.08745629e-04  1.13021991e-04 ...  4.45009400e-04
   1.67969756e-06 -1.10812100e-08]
 [-3.30198525e-03  1.64709026e-04  2.11468344e-03 ...  1.67969756e-06
   2.27048554e-03  2.83873561e-06]
 [ 2.56826630e-07 -4.02879160e-08  3.16146772e-03 ... -1.10812100e-08
   2.83873561e-06  6.71168978e-04]]
[[ 1.71210720e-01 -1.98384529e-01  5.98790235e-02 ... -1.62277031e-05
   7.38618655e-05 -1.15352092e+00]
 [-6.73649625e-03  3.92727535e-03 -1.19780210e-03 ... -1.46195796e-05
   6.53216717e-05 -1.05957367e+00]
 [ 2.19617441e-07 -5.79399337e-07 -3.98730023e-07 ...  4.77482996e-02
  -5.50151892e-02 -5.36707241e-06]
 ...
 [-1.09461370e-04 -8.44002929e-04  1.54621989e-03 ...  2.53166982e-05
  -1.90233105e-02 -4.61827432e-03]
 [ 1.13660303e-06 -3.01467662e-06 -4.01469548e-06 ...  5.43332130e-05
   3.58370223e-05 -4.22810970e-02]
 [ 1.35362209e-06  4.62508199e-07 -1.84128301e-06 ... -1.72231895e-03
  -2.29239645e-06  1.44986363e-08]]
[2. 2. 2. 2. 2. 2. 2. 2. 2. 2. 2. 2. 2. 2. 2. 2. 2. 2. 2. 2. 2. 2. 2. 2.
 2. 2. 2. 2. 2. 2. 2. 2. 0. 0. 0. 0. 0. 0. 0. 0. 0. 0. 0. 0. 0. 0. 0. 0.
 0. 0. 0. 0. 0. 0. 0. 0. 0. 0. 0. 0. 0. 0. 0. 0. 0. 0. 0. 0. 0. 0. 0. 0.
 0. 0. 0. 0. 0. 0. 0. 0. 0. 0. 0. 0. 0. 0. 0. 0. 0. 0. 0. 0. 0. 0. 0. 0.
 0. 0. 0. 0. 0. 0. 0. 0. 0. 0. 0. 0. 0. 0. 0. 0. 0. 0. 0. 0. 0. 0. 0. 0.
 0. 0. 0. 0. 0. 0. 0. 0. 0. 0. 0. 0. 0. 0. 0. 0. 0. 0. 0. 0. 0. 0. 0. 0.
 0. 0. 0. 0. 0. 0. 0. 0. 0. 0. 0. 0. 0. 0. 0. 0. 0. 0. 0. 0. 0. 0. 0. 0.
 0. 0. 0. 0. 0. 0. 0. 0. 0. 0. 0. 0. 0. 0. 0. 0. 0. 0. 0. 0. 0. 0. 0. 0.
 0. 0. 0. 0. 0. 0. 0. 0. 0. 0. 0. 0. 0. 0. 0. 0.]
start SG
end SG -->  0.23096013069152832
    CPU time for vj and vk      1.30 sec, wall time      1.31 sec
E1 = 32.24941332449508  Ecoul = 8.782357262319502  Exc = -26.900872383212537
cycle= 5 E= -88.3400865802864  delta_E= -2.78e-09  |g|= 1.19e-05  |ddm|= 8.73e-05
    CPU time for cycle= 5      4.60 sec, wall time      4.62 sec
  HOMO = 0.536151097511029  LUMO = 0.80935298771497
  mo_energy =
[-0.30706112 -0.23040048 -0.23039986  0.01820098  0.01820179  0.01820272
  0.0182032   0.02070424  0.02070526  0.04982798  0.04982874  0.04982965
  0.04983031  0.20940092  0.20940132  0.20940196  0.20940347  0.27480303
  0.27480445  0.28468285  0.28468316  0.28468372  0.2846861   0.34993454
  0.34993603  0.36710743  0.36710788  0.36710918  0.36710985  0.5315746
  0.53615085  0.5361511   0.80935299  0.80935518  0.84198934  0.84358197
  0.84358202  0.86867947  0.86868081  0.86987756  0.8698786   0.86987892
  0.86987901  1.07975321  1.07975339  1.07975596  1.07975613  1.08808498
  1.08808505  1.08808904  1.08809113  1.11770011  1.11770096  1.11770185
  1.11770193  1.1348926   1.13489417  1.17880817  1.27830094  1.27830103
  1.27830737  1.27831277  1.27948132  1.27948156  1.59334977  1.593351
  1.59335109  1.59335511  1.63360271  1.63360346  1.71372409  1.7137449
  1.7150798   1.71508396  1.71508419  1.71508958  1.75661259  1.75800337
  1.8729543   1.87295734  1.90148902  1.90149089  2.04008219  2.04008231
  2.04013416  2.04013517  2.04015801  2.0401581   2.06127156  2.06127517
  2.06127943  2.06127952  2.2591173   2.25911741  2.2591201   2.25912024
  2.34582266  2.34595551  2.34597195  2.3459722   2.34723559  2.34737004
  2.40763043  2.40763044  2.40794949  2.47192954  2.47279958  2.47279984
  2.49625788  2.496258    2.49626386  2.49626423  2.5373464   2.53734653
  2.53735079  2.53735083  2.76861535  2.76861552  2.76862283  2.76862577
  2.78759422  2.78759436  2.78760442  2.78760649  2.78784377  2.78784391
  2.79513036  2.7951317   2.88462456  2.88463526  2.88463733  2.88463734
  2.98045272  2.98046386  2.98046391  2.98046451  2.98112771  2.98114919
  3.02122405  3.02122434  3.02147872  3.02148152  3.0214928   3.02149305
  3.07450764  3.07450784  3.10636274  3.10636395  3.10637331  3.10637336
  3.26838482  3.26838991  3.26838995  3.26839217  3.28642558  3.28643504
  3.35186049  3.35187139  3.41734189  3.41734203  3.41734743  3.41734774
  3.42810501  3.42818008  3.42904861  3.42906151  3.42906181  3.42910948
  3.56151224  3.56383679  3.73135102  3.7318149   3.73181559  3.83433976
  3.83435407  4.33910812  4.33910938  4.33910952  4.33911542  4.62110309
  4.62110316  4.62252977  4.72253635  4.72253707  4.72306255  4.72306275
  4.72375789  4.72375797  4.72377416  4.72378094  4.72411793  4.72411898
  8.67340879  8.85997153  8.86000292  9.00149362  9.01117047  9.01557704
  9.01557723  9.01567112  9.01571146  9.02218628  9.02873637  9.03232704
  9.03714492  9.03716348  9.03716354  9.04134384]
