SLURMD_NODENAME = hpc-54-06
Start time = Tue Mar 18 02:00:24 PM PDT 2025
OMP_NUM_THREADS = 1
MKL_NUM_THREADS = 1
PYSCF_MAX_MEMORY = 409600
TMPDIR = /central/scratch/yangjunjie//run-scf-spc-diamond-conv-1-1-2-fftisdf-ks-1-100-rcut_epsilon-1e-05-ke_epsilon-0.05-isdf_thresh-0.0005/48068328/
PYSCF_TMPDIR = /central/scratch/yangjunjie//run-scf-spc-diamond-conv-1-1-2-fftisdf-ks-1-100-rcut_epsilon-1e-05-ke_epsilon-0.05-isdf_thresh-0.0005/48068328/

/home/junjiey/anaconda3/envs/fftisdf/bin/python
2.8.0
1.13.1
2.0.2
fft_engine = NUMPY+BLAS
name = diamond-conv
ke_cutoff =  1.00e+02
exxdiv = None
df = fftisdf-ks
chk_path = ../../../gdf-32/tmp/scf.h5
mesh = 1,1,2
rcut_epsilon =  1.00e-05
ke_epsilon =  5.00e-02
isdf_thresh =  5.00e-04

Discarded 24 diffused primitive functions, 0 contracted functions
ke_cutoff = 100.0
None

******** <class 'ISDFX'> ********
lin_dep_thresh: 1e-10
alpha_cutoff: 2.8
rcut_epsilon: 1e-05
ke_epsilon: 0.05
isdf_thresh: 0.0005
grid_vol_cutoff: 0.05
ke_step: 2.0
ao_tol: 1e-12
multigrid_on: True
direct_j: True
iterative_build: True
occRI: True
voronoi: True
fit_sparse_grid: False
fit_dense_grid: True
direct_k_sparse: True
direct_k: False
use_kpt_symm: False
kmesh: [1, 1, 1]
isdf_pts_from_q0: True
isdf_pts_from_gamma_point: False
alpha: None
do_real_isdf: False
N_xi: None
use_cell_periodic: False
isdf_thresh_sparse: None
ncopy: [1, 1, 1]
j_grid_mesh: None
k_grid_mesh: None
num_j_grids: 100
get_ao_from_pyscf: False
nuc_pp_version: 0
vppnl_ver: 0
universal_dense_grid: None
same_jk_grids: None
coulomb_only: False
max_memory   409600 MB (current use       89 MB)

Exchange function: getK_occRI  

cell mesh: [33 33 67]
nbas:  192
Grid     keMax    keMin    keGrid   expMax   expMin   nexp     lmax     PWs      mesh        
0        33.6     33.6     111.6    5.6      5.6      1        2        72963    [33 33 67]
1        12.7     2.1      12.7     2.1      0.3      3        2        3887     [13 13 23]
0        59.4     55.8     111.6    5.6      5.6      1        2        72963    [33 33 67]
1        22.4     11.2     22.4     2.1      2.1      1        2        8959     [17 17 31]
2        8.2      3.7      8.2      0.8      0.3      2        2        2299     [11 11 19]

ISDF

atm      grid     Ng       NI       Nxi      sharp    on_grid  diffuse  maxexp   minexp   lmax     lmin    
0        0        72963    1458     80       9        279      270      5.61     5.61     2        0       
1        0        72963    1474     81       9        279      270      5.61     5.61     2        0       
2        0        72963    1470     82       9        279      270      5.61     5.61     2        0       
3        0        72963    1487     81       9        279      270      5.61     5.61     2        0       
4        0        72963    1470     82       9        279      270      5.61     5.61     2        0       
5        0        72963    1487     81       9        279      270      5.61     5.61     2        0       
6        0        72963    1464     80       9        279      270      5.61     5.61     2        0       
7        0        72963    1474     81       9        279      270      5.61     5.61     2        0       
8        0        72963    1458     80       9        279      270      5.61     5.61     2        0       
9        0        72963    1487     81       9        279      270      5.61     5.61     2        0       
10       0        72963    1484     78       9        279      270      5.61     5.61     2        0       
11       0        72963    1474     81       9        279      270      5.61     5.61     2        0       
12       0        72963    1484     78       9        279      270      5.61     5.61     2        0       
13       0        72963    1474     81       9        279      270      5.61     5.61     2        0       
14       0        72963    1464     80       9        279      270      5.61     5.61     2        0       
15       0        72963    1487     81       9        279      270      5.61     5.61     2        0       
-        1        3887     3887     3887     432      432      432      2.11     0.35     2        0       
ISDF-pts:       0.78
ISDF-vec:       0.08
Fit dense grids ISDF:       0.86
Fit sparse grids ISDF:       0.00

Grid     PWs      Ng_i     N_xi     N_mu    
0        72963    23596    1288     4464    
1        3887     3887     3887     432     

nTHC: 5175
Mem Required (MB):      47.10
Curent RAM Use (MB) :        211 

Build W
ISDF-fft dense grids (sec):       7.67
Curent RAM Use (MB) :        211 
ISDF-fft:       7.67

Initial guess from minao.
Big error detected in the electron number of initial guess density matrix (Ne/cell = 63.9864)!
  This can cause huge error in Fock matrix and lead to instability in SCF for low-dimensional systems.
  DM is normalized wrt the number of electrons 64
Successfully loaded dm0 from ../../../gdf-32/tmp/scf.h5
~/packages/PeriodicIntegrals/PeriodicIntegrals-junjie-benchmark/isdfx/isdfx.py +4733
[[ 5.92609815e-01 -2.07733389e-02 -1.49374411e-10 ...  3.29312158e-03
  -3.30285561e-03  3.70086867e-13]
 [-2.07733389e-02  8.44685909e-04 -2.19531692e-13 ... -2.09902515e-04
   1.65272475e-04 -3.14121417e-14]
 [-1.49374411e-10 -2.19531692e-13  6.49906929e-01 ...  1.14960616e-04
   2.10995193e-03  3.14505479e-03]
 ...
 [ 3.29312158e-03 -2.09902515e-04  1.14960616e-04 ...  4.46214761e-04
   2.63029861e-08  5.06489513e-15]
 [-3.30285561e-03  1.65272475e-04  2.10995193e-03 ...  2.63029861e-08
   2.26887108e-03  4.99288212e-08]
 [ 3.70086867e-13 -3.14121417e-14  3.14505479e-03 ...  5.06489513e-15
   4.99288212e-08  6.71985021e-04]]
[[ 1.71226849e-01 -1.71868037e-05  2.07241950e-01 ...  2.53723403e-09
  -1.69503661e-11 -1.15456586e+00]
 [-6.74284167e-03  7.43617044e-06 -4.11327152e-03 ...  2.30836473e-09
  -1.52694452e-11 -1.06092267e+00]
 [-9.60288977e-11 -1.84902267e-10 -1.78613800e-11 ... -5.27918257e-02
   1.48520477e-11 -1.18363527e-10]
 ...
 [-6.95558329e-05  1.20762008e-03  1.20741071e-03 ... -1.84653773e-02
  -3.83714359e-12 -4.53892981e-03]
 [ 1.02250060e-07  6.87865355e-08  1.96724149e-07 ...  3.72783696e-05
  -5.79794753e-02 -4.16962067e-02]
 [ 1.72642797e-13 -1.25175997e-14 -4.37896978e-13 ... -2.06932479e-04
   8.52717544e-06 -2.00410681e-13]]
[2. 2. 2. 2. 2. 2. 2. 2. 2. 2. 2. 2. 2. 2. 2. 2. 2. 2. 2. 2. 2. 2. 2. 2.
 2. 2. 2. 2. 2. 2. 2. 2. 0. 0. 0. 0. 0. 0. 0. 0. 0. 0. 0. 0. 0. 0. 0. 0.
 0. 0. 0. 0. 0. 0. 0. 0. 0. 0. 0. 0. 0. 0. 0. 0. 0. 0. 0. 0. 0. 0. 0. 0.
 0. 0. 0. 0. 0. 0. 0. 0. 0. 0. 0. 0. 0. 0. 0. 0. 0. 0. 0. 0. 0. 0. 0. 0.
 0. 0. 0. 0. 0. 0. 0. 0. 0. 0. 0. 0. 0. 0. 0. 0. 0. 0. 0. 0. 0. 0. 0. 0.
 0. 0. 0. 0. 0. 0. 0. 0. 0. 0. 0. 0. 0. 0. 0. 0. 0. 0. 0. 0. 0. 0. 0. 0.
 0. 0. 0. 0. 0. 0. 0. 0. 0. 0. 0. 0. 0. 0. 0. 0. 0. 0. 0. 0. 0. 0. 0. 0.
 0. 0. 0. 0. 0. 0. 0. 0. 0. 0. 0. 0. 0. 0. 0. 0. 0. 0. 0. 0. 0. 0. 0. 0.
 0. 0. 0. 0. 0. 0. 0. 0. 0. 0. 0. 0. 0. 0. 0. 0.]
~/packages/PeriodicIntegrals/PeriodicIntegrals-junjie-benchmark/isdfx/isdfx.py +4733
[[ 5.92609815e-01 -2.07733389e-02 -1.49374411e-10 ...  3.29312158e-03
  -3.30285561e-03  3.70086867e-13]
 [-2.07733389e-02  8.44685909e-04 -2.19531692e-13 ... -2.09902515e-04
   1.65272475e-04 -3.14121417e-14]
 [-1.49374411e-10 -2.19531692e-13  6.49906929e-01 ...  1.14960616e-04
   2.10995193e-03  3.14505479e-03]
 ...
 [ 3.29312158e-03 -2.09902515e-04  1.14960616e-04 ...  4.46214761e-04
   2.63029861e-08  5.06489513e-15]
 [-3.30285561e-03  1.65272475e-04  2.10995193e-03 ...  2.63029861e-08
   2.26887108e-03  4.99288212e-08]
 [ 3.70086867e-13 -3.14121417e-14  3.14505479e-03 ...  5.06489513e-15
   4.99288212e-08  6.71985021e-04]]
[[ 1.71226849e-01 -1.71868037e-05  2.07241950e-01 ...  2.53723403e-09
  -1.69503661e-11 -1.15456586e+00]
 [-6.74284167e-03  7.43617044e-06 -4.11327152e-03 ...  2.30836473e-09
  -1.52694452e-11 -1.06092267e+00]
 [-9.60288977e-11 -1.84902267e-10 -1.78613800e-11 ... -5.27918257e-02
   1.48520477e-11 -1.18363527e-10]
 ...
 [-6.95558329e-05  1.20762008e-03  1.20741071e-03 ... -1.84653773e-02
  -3.83714359e-12 -4.53892981e-03]
 [ 1.02250060e-07  6.87865355e-08  1.96724149e-07 ...  3.72783696e-05
  -5.79794753e-02 -4.16962067e-02]
 [ 1.72642797e-13 -1.25175997e-14 -4.37896978e-13 ... -2.06932479e-04
   8.52717544e-06 -2.00410681e-13]]
[2. 2. 2. 2. 2. 2. 2. 2. 2. 2. 2. 2. 2. 2. 2. 2. 2. 2. 2. 2. 2. 2. 2. 2.
 2. 2. 2. 2. 2. 2. 2. 2. 0. 0. 0. 0. 0. 0. 0. 0. 0. 0. 0. 0. 0. 0. 0. 0.
 0. 0. 0. 0. 0. 0. 0. 0. 0. 0. 0. 0. 0. 0. 0. 0. 0. 0. 0. 0. 0. 0. 0. 0.
 0. 0. 0. 0. 0. 0. 0. 0. 0. 0. 0. 0. 0. 0. 0. 0. 0. 0. 0. 0. 0. 0. 0. 0.
 0. 0. 0. 0. 0. 0. 0. 0. 0. 0. 0. 0. 0. 0. 0. 0. 0. 0. 0. 0. 0. 0. 0. 0.
 0. 0. 0. 0. 0. 0. 0. 0. 0. 0. 0. 0. 0. 0. 0. 0. 0. 0. 0. 0. 0. 0. 0. 0.
 0. 0. 0. 0. 0. 0. 0. 0. 0. 0. 0. 0. 0. 0. 0. 0. 0. 0. 0. 0. 0. 0. 0. 0.
 0. 0. 0. 0. 0. 0. 0. 0. 0. 0. 0. 0. 0. 0. 0. 0. 0. 0. 0. 0. 0. 0. 0. 0.
 0. 0. 0. 0. 0. 0. 0. 0. 0. 0. 0. 0. 0. 0. 0. 0.]
start SG
end SG -->  0.27779340744018555


******** <class 'pyscf.pbc.dft.rks.RKS'> ********
method = RKS
initial guess = minao
damping factor = 0
level_shift factor = 0
DIIS = <class 'pyscf.scf.diis.CDIIS'>
diis_start_cycle = 1
diis_space = 8
diis_damp = 0
SCF conv_tol = 1e-08
SCF conv_tol_grad = None
SCF max_cycles = 50
direct_scf = True
direct_scf_tol = 1e-13
chkfile to save SCF result = /central/scratch/yangjunjie/run-scf-spc-diamond-conv-1-1-2-fftisdf-ks-1-100-rcut_epsilon-1e-05-ke_epsilon-0.05-isdf_thresh-0.0005/48068328/tmp9szam4qc
max_memory 409600 MB (current use 252 MB)
******** PBC SCF flags ********
kpt = [0. 0. 0.]
Exchange divergence treatment (exxdiv) = None
DF object = <isdfx.isdfx.ISDFX object at 0x7f8fc5abd850>
XC functionals = PBE0
small_rho_cutoff = 1e-07
Set gradient conv threshold to 0.0001
nelec by numeric integration = 63.999999995674415
    CPU time for vxc      4.10 sec, wall time      4.11 sec
~/packages/PeriodicIntegrals/PeriodicIntegrals-junjie-benchmark/isdfx/isdfx.py +4733
[[ 5.92609815e-01 -2.07733389e-02 -1.49374411e-10 ...  3.29312158e-03
  -3.30285561e-03  3.70086867e-13]
 [-2.07733389e-02  8.44685909e-04 -2.19531692e-13 ... -2.09902515e-04
   1.65272475e-04 -3.14121417e-14]
 [-1.49374411e-10 -2.19531692e-13  6.49906929e-01 ...  1.14960616e-04
   2.10995193e-03  3.14505479e-03]
 ...
 [ 3.29312158e-03 -2.09902515e-04  1.14960616e-04 ...  4.46214761e-04
   2.63029861e-08  5.06489513e-15]
 [-3.30285561e-03  1.65272475e-04  2.10995193e-03 ...  2.63029861e-08
   2.26887108e-03  4.99288212e-08]
 [ 3.70086867e-13 -3.14121417e-14  3.14505479e-03 ...  5.06489513e-15
   4.99288212e-08  6.71985021e-04]]
[[ 1.71226849e-01 -1.71868037e-05  2.07241950e-01 ...  2.53723403e-09
  -1.69503661e-11 -1.15456586e+00]
 [-6.74284167e-03  7.43617044e-06 -4.11327152e-03 ...  2.30836473e-09
  -1.52694452e-11 -1.06092267e+00]
 [-9.60288977e-11 -1.84902267e-10 -1.78613800e-11 ... -5.27918257e-02
   1.48520477e-11 -1.18363527e-10]
 ...
 [-6.95558329e-05  1.20762008e-03  1.20741071e-03 ... -1.84653773e-02
  -3.83714359e-12 -4.53892981e-03]
 [ 1.02250060e-07  6.87865355e-08  1.96724149e-07 ...  3.72783696e-05
  -5.79794753e-02 -4.16962067e-02]
 [ 1.72642797e-13 -1.25175997e-14 -4.37896978e-13 ... -2.06932479e-04
   8.52717544e-06 -2.00410681e-13]]
[2. 2. 2. 2. 2. 2. 2. 2. 2. 2. 2. 2. 2. 2. 2. 2. 2. 2. 2. 2. 2. 2. 2. 2.
 2. 2. 2. 2. 2. 2. 2. 2. 0. 0. 0. 0. 0. 0. 0. 0. 0. 0. 0. 0. 0. 0. 0. 0.
 0. 0. 0. 0. 0. 0. 0. 0. 0. 0. 0. 0. 0. 0. 0. 0. 0. 0. 0. 0. 0. 0. 0. 0.
 0. 0. 0. 0. 0. 0. 0. 0. 0. 0. 0. 0. 0. 0. 0. 0. 0. 0. 0. 0. 0. 0. 0. 0.
 0. 0. 0. 0. 0. 0. 0. 0. 0. 0. 0. 0. 0. 0. 0. 0. 0. 0. 0. 0. 0. 0. 0. 0.
 0. 0. 0. 0. 0. 0. 0. 0. 0. 0. 0. 0. 0. 0. 0. 0. 0. 0. 0. 0. 0. 0. 0. 0.
 0. 0. 0. 0. 0. 0. 0. 0. 0. 0. 0. 0. 0. 0. 0. 0. 0. 0. 0. 0. 0. 0. 0. 0.
 0. 0. 0. 0. 0. 0. 0. 0. 0. 0. 0. 0. 0. 0. 0. 0. 0. 0. 0. 0. 0. 0. 0. 0.
 0. 0. 0. 0. 0. 0. 0. 0. 0. 0. 0. 0. 0. 0. 0. 0.]
start SG
end SG -->  0.2835075855255127
    CPU time for vj and vk      1.60 sec, wall time      1.61 sec
E1 = 32.24977427473257  Ecoul = 8.781820871783511  Exc = -26.900690252597162
init E= -88.3400798899695
    CPU time for initialize scf      9.81 sec, wall time      9.85 sec
  HOMO = 0.53613649099291  LUMO = 0.809343108243232
  mo_energy =
[-0.30706796 -0.23040719 -0.23040567  0.01819296  0.01819377  0.01819454
  0.01819516  0.02069908  0.02070012  0.04981972  0.04982043  0.04982136
  0.04982201  0.20939524  0.20939617  0.20939687  0.20939829  0.27479232
  0.27479395  0.28467833  0.28467861  0.28467933  0.2846813   0.34993414
  0.34993473  0.36709576  0.36709632  0.36709769  0.36709844  0.53158031
  0.53613617  0.53613649  0.80934311  0.80934385  0.84197753  0.84357686
  0.84357689  0.86866927  0.86867067  0.86987535  0.86987601  0.86987653
  0.86987653  1.07974463  1.07974465  1.07974733  1.07974734  1.08808189
  1.08808189  1.08808551  1.08808825  1.1176915   1.11769366  1.11769384
  1.11769387  1.13487896  1.13487927  1.17879561  1.2782882   1.27828826
  1.27829501  1.27829984  1.27947061  1.27947066  1.59333643  1.59333786
  1.59333788  1.59334131  1.63359623  1.63359686  1.7137168   1.7137383
  1.71506513  1.71506943  1.71506944  1.71507522  1.75659766  1.75800331
  1.87294723  1.87294988  1.90148897  1.90149034  2.04007987  2.04007997
  2.04013014  2.04013029  2.04014886  2.04014894  2.06125472  2.06126016
  2.06126255  2.06126258  2.25910774  2.25910782  2.25911052  2.25911056
  2.34580876  2.34594435  2.34595674  2.34595674  2.34723442  2.34736802
  2.40762335  2.40762336  2.40794352  2.4719216   2.47278672  2.47278703
  2.49625322  2.49625331  2.49625916  2.49625967  2.53733678  2.53733687
  2.53734075  2.53734082  2.768607    2.76860712  2.76861488  2.7686175
  2.78758446  2.78758457  2.78759496  2.78759628  2.78783167  2.78783177
  2.79512207  2.79512218  2.88461034  2.88462305  2.88462307  2.88462397
  2.98044406  2.98045553  2.98045557  2.98045749  2.9811128   2.98113154
  3.0212156   3.02121594  3.02147216  3.02147504  3.02148438  3.02148467
  3.07450487  3.07450561  3.10635323  3.10635395  3.10636246  3.10636249
  3.26838037  3.26838467  3.26838481  3.26838774  3.28640622  3.28641175
  3.35184657  3.35185964  3.41733027  3.41733043  3.41733624  3.41733637
  3.42809395  3.42816589  3.42903958  3.42905232  3.42905237  3.42910125
  3.56148548  3.56383339  3.73134333  3.73180316  3.73180378  3.83432663
  3.83434181  4.33910185  4.33910186  4.33910196  4.33910935  4.62109903
  4.62109909  4.62252172  4.72255799  4.72255849  4.7230565   4.72305662
  4.72374642  4.72374646  4.72376625  4.72377253  4.72408722  4.724088
  8.67338783  8.85995054  8.8599826   9.00148026  9.01116147  9.01555057
  9.01555058  9.01564498  9.01568676  9.02215628  9.0287252   9.0323129
  9.03713611  9.03713613  9.03714863  9.04131614]
nelec by numeric integration = 63.99999999567544
    CPU time for vxc      3.91 sec, wall time      3.93 sec
~/packages/PeriodicIntegrals/PeriodicIntegrals-junjie-benchmark/isdfx/isdfx.py +4733
[[ 5.92732359e-01 -2.07710623e-02 -8.58706494e-07 ...  3.28337503e-03
  -3.30203180e-03  2.47245859e-07]
 [-2.07710623e-02  8.44497954e-04 -1.02964340e-06 ... -2.08717218e-04
   1.64721684e-04 -3.89572790e-08]
 [-8.58706494e-07 -1.02964340e-06  6.49875104e-01 ...  1.13194412e-04
   2.11609324e-03  3.16103057e-03]
 ...
 [ 3.28337503e-03 -2.08717218e-04  1.13194412e-04 ...  4.45210141e-04
   1.61978759e-06 -1.05244710e-08]
 [-3.30203180e-03  1.64721684e-04  2.11609324e-03 ...  1.61978759e-06
   2.27018790e-03  2.72437469e-06]
 [ 2.47245859e-07 -3.89572790e-08  3.16103057e-03 ... -1.05244710e-08
   2.72437469e-06  6.71117110e-04]]
[[ 1.71216249e-01 -2.06308657e-01  1.95689663e-02 ... -7.95567148e-07
  -1.43034552e-06 -1.15351456e+00]
 [-6.73671577e-03  4.08729323e-03 -3.96946810e-04 ... -7.02503325e-07
  -1.32821642e-06 -1.05954728e+00]
 [ 5.61160187e-07 -9.88513100e-07 -2.91100789e-07 ... -4.77215799e-02
   3.41316223e-05 -1.14341042e-07]
 ...
 [-1.11202306e-04 -1.13159571e-03  1.35349622e-03 ... -1.54434123e-05
  -5.83571734e-07 -4.61429596e-03]
 [ 1.10073238e-06 -1.91619822e-06 -4.28955005e-06 ... -8.18858783e-05
  -5.35850267e-02 -4.22959996e-02]
 [ 1.33690370e-06  8.17986108e-07 -1.68789046e-06 ...  1.72196008e-03
   1.13507985e-05 -6.02640673e-09]]
[2. 2. 2. 2. 2. 2. 2. 2. 2. 2. 2. 2. 2. 2. 2. 2. 2. 2. 2. 2. 2. 2. 2. 2.
 2. 2. 2. 2. 2. 2. 2. 2. 0. 0. 0. 0. 0. 0. 0. 0. 0. 0. 0. 0. 0. 0. 0. 0.
 0. 0. 0. 0. 0. 0. 0. 0. 0. 0. 0. 0. 0. 0. 0. 0. 0. 0. 0. 0. 0. 0. 0. 0.
 0. 0. 0. 0. 0. 0. 0. 0. 0. 0. 0. 0. 0. 0. 0. 0. 0. 0. 0. 0. 0. 0. 0. 0.
 0. 0. 0. 0. 0. 0. 0. 0. 0. 0. 0. 0. 0. 0. 0. 0. 0. 0. 0. 0. 0. 0. 0. 0.
 0. 0. 0. 0. 0. 0. 0. 0. 0. 0. 0. 0. 0. 0. 0. 0. 0. 0. 0. 0. 0. 0. 0. 0.
 0. 0. 0. 0. 0. 0. 0. 0. 0. 0. 0. 0. 0. 0. 0. 0. 0. 0. 0. 0. 0. 0. 0. 0.
 0. 0. 0. 0. 0. 0. 0. 0. 0. 0. 0. 0. 0. 0. 0. 0. 0. 0. 0. 0. 0. 0. 0. 0.
 0. 0. 0. 0. 0. 0. 0. 0. 0. 0. 0. 0. 0. 0. 0. 0.]
start SG
end SG -->  0.2768876552581787
    CPU time for vj and vk      1.58 sec, wall time      1.59 sec
E1 = 32.249370366089316  Ecoul = 8.782418881405091  Exc = -26.900890910032935
cycle= 1 E= -88.340086446427  delta_E= -6.56e-06  |g|= 0.000803  |ddm|= 0.00544
    CPU time for cycle= 1      5.51 sec, wall time      5.53 sec
  HOMO = 0.53615149310311  LUMO = 0.809352546319933
  mo_energy =
[-0.30706055 -0.23039959 -0.23039915  0.01820119  0.01820212  0.01820282
  0.01820391  0.02070529  0.02070634  0.0498289   0.04982976  0.04983053
  0.04983133  0.20940186  0.209402    0.20940265  0.20940428  0.27480345
  0.27480486  0.28468408  0.28468418  0.28468506  0.28468737  0.34993606
  0.34993791  0.3671077   0.36710836  0.36710973  0.36711055  0.53157721
  0.53615126  0.53615149  0.80935255  0.80935556  0.84198979  0.84358305
  0.8435831   0.86867946  0.8686808   0.86987843  0.86987972  0.8698799
  0.86988     1.07975451  1.07975469  1.07975708  1.07975727  1.08808627
  1.08808634  1.08809084  1.0880922   1.11770156  1.11770245  1.11770322
  1.11770331  1.13489264  1.13489521  1.17880957  1.27830183  1.27830193
  1.27830859  1.27831406  1.27948347  1.27948373  1.59335043  1.59335149
  1.59335158  1.59335613  1.63360398  1.63360409  1.71372587  1.71374646
  1.71508107  1.71508534  1.71508557  1.71509053  1.75661233  1.75800431
  1.87295586  1.87295867  1.90148967  1.90149236  2.0400789   2.04007907
  2.04013469  2.04013622  2.04016236  2.04016242  2.06127162  2.06127574
  2.06127994  2.06127999  2.25911823  2.25911839  2.25912089  2.25912106
  2.34582392  2.34595595  2.34597223  2.34597248  2.34723685  2.34736911
  2.40763138  2.40763139  2.40795064  2.47193099  2.47280081  2.47280106
  2.49625904  2.49625922  2.49626475  2.49626577  2.53734762  2.53734775
  2.53735176  2.5373518   2.76861657  2.76861673  2.7686239   2.76862706
  2.78759458  2.78759466  2.78760594  2.78760808  2.78784568  2.78784583
  2.79513111  2.79513315  2.8846248   2.88463573  2.88463773  2.88463777
  2.98045311  2.98046452  2.98046519  2.98046525  2.98112811  2.98114973
  3.02122309  3.02122339  3.02147969  3.02148282  3.02149568  3.02149596
  3.07450874  3.07450952  3.10636373  3.1063646   3.10637463  3.10637466
  3.2683853   3.26839119  3.26839123  3.2683939   3.286427    3.28643427
  3.35186113  3.35187249  3.41734313  3.41734326  3.41734817  3.41734854
  3.42810438  3.42818053  3.42904966  3.42906263  3.42906296  3.42911196
  3.56151163  3.5638383   3.73135242  3.73181593  3.73181663  3.83434045
  3.83435507  4.33910935  4.33911073  4.33911083  4.33911617  4.62110432
  4.62110439  4.62253118  4.72252419  4.72252578  4.72306522  4.72306542
  4.72376041  4.72376057  4.72377542  4.72378202  4.72412888  4.72413079
  8.67341206  8.85997385  8.86000818  9.0014882   9.01116758  9.01557472
  9.01557528  9.01567072  9.01573136  9.02220855  9.02873171  9.03232659
  9.03713298  9.03717197  9.03717199  9.04136064]
nelec by numeric integration = 63.99999999567565
    CPU time for vxc      3.80 sec, wall time      3.82 sec
~/packages/PeriodicIntegrals/PeriodicIntegrals-junjie-benchmark/isdfx/isdfx.py +4733
[[ 5.92703424e-01 -2.07670416e-02 -7.43161512e-07 ...  3.28348526e-03
  -3.30183525e-03  2.60306537e-07]
 [-2.07670416e-02  8.44220928e-04 -1.04999409e-06 ... -2.08732155e-04
   1.64667372e-04 -4.06960857e-08]
 [-7.43161512e-07 -1.04999409e-06  6.49832032e-01 ...  1.13011213e-04
   2.11446449e-03  3.16131060e-03]
 ...
 [ 3.28348526e-03 -2.08732155e-04  1.13011213e-04 ...  4.45067971e-04
   1.63814993e-06 -1.08144349e-08]
 [-3.30183525e-03  1.64667372e-04  2.11446449e-03 ...  1.63814993e-06
   2.27065964e-03  2.77559237e-06]
 [ 2.60306537e-07 -4.06960857e-08  3.16131060e-03 ... -1.08144349e-08
   2.77559237e-06  6.71257526e-04]]
[[ 1.71204298e-01 -1.11278600e-01  1.74796655e-01 ... -4.21741780e-05
   1.52297720e-04 -1.15348653e+00]
 [-6.73606767e-03  2.19197087e-03 -3.47091272e-03 ... -3.79841894e-05
   1.34615917e-04 -1.05955889e+00]
 [-1.85095264e-08 -6.10320034e-07 -2.96765251e-07 ...  4.79529350e-02
  -5.48320773e-02 -1.10938026e-05]
 ...
 [-1.10417617e-04  3.68398595e-04  1.72168944e-03 ...  1.24627535e-04
  -1.90007132e-02 -4.61312135e-03]
 [ 1.00176151e-06 -5.17882139e-06 -7.95301883e-07 ...  4.10200931e-05
   4.18068555e-05 -4.22701787e-02]
 [ 1.36321865e-06 -8.47423235e-07 -1.70805946e-06 ... -1.75880449e-03
  -1.15653041e-05  5.54545956e-08]]
[2. 2. 2. 2. 2. 2. 2. 2. 2. 2. 2. 2. 2. 2. 2. 2. 2. 2. 2. 2. 2. 2. 2. 2.
 2. 2. 2. 2. 2. 2. 2. 2. 0. 0. 0. 0. 0. 0. 0. 0. 0. 0. 0. 0. 0. 0. 0. 0.
 0. 0. 0. 0. 0. 0. 0. 0. 0. 0. 0. 0. 0. 0. 0. 0. 0. 0. 0. 0. 0. 0. 0. 0.
 0. 0. 0. 0. 0. 0. 0. 0. 0. 0. 0. 0. 0. 0. 0. 0. 0. 0. 0. 0. 0. 0. 0. 0.
 0. 0. 0. 0. 0. 0. 0. 0. 0. 0. 0. 0. 0. 0. 0. 0. 0. 0. 0. 0. 0. 0. 0. 0.
 0. 0. 0. 0. 0. 0. 0. 0. 0. 0. 0. 0. 0. 0. 0. 0. 0. 0. 0. 0. 0. 0. 0. 0.
 0. 0. 0. 0. 0. 0. 0. 0. 0. 0. 0. 0. 0. 0. 0. 0. 0. 0. 0. 0. 0. 0. 0. 0.
 0. 0. 0. 0. 0. 0. 0. 0. 0. 0. 0. 0. 0. 0. 0. 0. 0. 0. 0. 0. 0. 0. 0. 0.
 0. 0. 0. 0. 0. 0. 0. 0. 0. 0. 0. 0. 0. 0. 0. 0.]
start SG
end SG -->  0.24053215980529785
    CPU time for vj and vk      1.36 sec, wall time      1.36 sec
E1 = 32.24942101369433  Ecoul = 8.782345456974154  Exc = -26.900868131519935
cycle= 2 E= -88.3400864447399  delta_E= 1.69e-09  |g|= 0.000898  |ddm|= 0.00122
    CPU time for cycle= 2      5.18 sec, wall time      5.20 sec
  HOMO = 0.536151158500638  LUMO = 0.809352886631135
  mo_energy =
[-0.30706077 -0.2304001  -0.23039958  0.01820133  0.01820215  0.018203
  0.01820346  0.02070475  0.02070572  0.04982822  0.04982898  0.04982994
  0.04983062  0.20940125  0.20940172  0.20940235  0.2094038   0.27480323
  0.27480464  0.28468335  0.28468387  0.28468421  0.28468662  0.34993542
  0.34993689  0.36710758  0.36710803  0.36710934  0.36711     0.53157595
  0.53615092  0.53615116  0.80935289  0.80935516  0.84198947  0.84358251
  0.84358255  0.86867936  0.86868066  0.86987796  0.86987917  0.86987946
  0.86987956  1.07975377  1.07975395  1.07975652  1.0797567   1.08808566
  1.08808574  1.08808981  1.08809173  1.11770081  1.11770154  1.11770256
  1.11770265  1.1348927   1.13489442  1.17880873  1.27830137  1.27830146
  1.27830814  1.27831335  1.27948211  1.27948236  1.59335009  1.59335137
  1.59335146  1.59335525  1.63360303  1.63360393  1.71372476  1.71374586
  1.7150803   1.71508434  1.71508457  1.71509018  1.75661232  1.75800388
  1.87295514  1.87295794  1.90148949  1.90149146  2.04008227  2.04008239
  2.04013452  2.04013542  2.0401586   2.04015869  2.0612715   2.06127536
  2.06127938  2.06127948  2.25911772  2.25911783  2.25912047  2.25912061
  2.345822    2.34595564  2.34597186  2.34597211  2.34723623  2.34737103
  2.4076309   2.40763091  2.40795004  2.47193025  2.47280011  2.47280038
  2.49625851  2.49625863  2.49626443  2.49626474  2.53734687  2.53734699
  2.53735125  2.53735129  2.76861583  2.76861601  2.76862346  2.76862616
  2.78759486  2.787595    2.78760516  2.78760693  2.7878444   2.78784454
  2.79513086  2.79513217  2.88462433  2.88463558  2.88463744  2.88463746
  2.98045316  2.98046397  2.98046402  2.98046528  2.98112766  2.98114934
  3.0212242   3.0212245   3.02147931  3.02148189  3.02149354  3.02149379
  3.0745083   3.07450854  3.1063633   3.10636436  3.10637371  3.10637377
  3.26838536  3.26839052  3.26839055  3.26839276  3.28642572  3.28643487
  3.35186067  3.35187176  3.41734233  3.41734248  3.41734783  3.41734815
  3.42810504  3.42818044  3.42904891  3.42906211  3.42906243  3.4291101
  3.56151187  3.56383754  3.73135165  3.73181529  3.73181598  3.83434026
  3.83435432  4.33910868  4.33910988  4.33911002  4.33911607  4.62110379
  4.62110387  4.62253045  4.72253799  4.72253822  4.72306259  4.7230628
  4.72375863  4.7237587   4.72377464  4.72378128  4.72411809  4.72411867
  8.6734108   8.85997369  8.86000475  9.00149876  9.01117558  9.015584
  9.01558407  9.01567629  9.0157102   9.02218062  9.02873977  9.03232953
  9.03715125  9.03715946  9.03715962  9.04133896]
nelec by numeric integration = 63.99999999567565
    CPU time for vxc      3.90 sec, wall time      3.91 sec
~/packages/PeriodicIntegrals/PeriodicIntegrals-junjie-benchmark/isdfx/isdfx.py +4733
[[ 5.92717654e-01 -2.07687883e-02 -1.09260709e-06 ...  3.28373165e-03
  -3.30211819e-03  2.57239796e-07]
 [-2.07687883e-02  8.44329780e-04 -1.01042358e-06 ... -2.08780371e-04
   1.64730293e-04 -4.03592330e-08]
 [-1.09260709e-06 -1.01042358e-06  6.49845466e-01 ...  1.13099831e-04
   2.11450247e-03  3.16133440e-03]
 ...
 [ 3.28373165e-03 -2.08780371e-04  1.13099831e-04 ...  4.45006500e-04
   1.67090291e-06 -1.10584793e-08]
 [-3.30211819e-03  1.64730293e-04  2.11450247e-03 ...  1.67090291e-06
   2.27035637e-03  2.82125563e-06]
 [ 2.57239796e-07 -4.03592330e-08  3.16133440e-03 ... -1.10584793e-08
   2.82125563e-06  6.71123554e-04]]
[[ 1.71210244e-01 -1.94700018e-01  7.09523076e-02 ... -1.32033026e-05
   7.24927343e-05  1.15354733e+00]
 [-6.73645302e-03  3.85409662e-03 -1.41564544e-03 ... -1.19045551e-05
   6.41363108e-05  1.05958725e+00]
 [ 2.10146047e-07 -5.87655475e-07 -3.76076718e-07 ...  4.77857867e-02
  -5.49854751e-02  5.16013209e-06]
 ...
 [-1.09143590e-04 -7.55811115e-04  1.59186214e-03 ...  1.20876611e-05
  -1.90444255e-02  4.62477317e-03]
 [ 1.12990193e-06 -3.23106222e-06 -3.83927958e-06 ...  6.48634787e-05
   2.84912137e-05  4.22890105e-02]
 [ 1.35451951e-06  3.59195035e-07 -1.86639027e-06 ... -1.68899105e-03
  -1.06651336e-06 -9.39004154e-09]]
[2. 2. 2. 2. 2. 2. 2. 2. 2. 2. 2. 2. 2. 2. 2. 2. 2. 2. 2. 2. 2. 2. 2. 2.
 2. 2. 2. 2. 2. 2. 2. 2. 0. 0. 0. 0. 0. 0. 0. 0. 0. 0. 0. 0. 0. 0. 0. 0.
 0. 0. 0. 0. 0. 0. 0. 0. 0. 0. 0. 0. 0. 0. 0. 0. 0. 0. 0. 0. 0. 0. 0. 0.
 0. 0. 0. 0. 0. 0. 0. 0. 0. 0. 0. 0. 0. 0. 0. 0. 0. 0. 0. 0. 0. 0. 0. 0.
 0. 0. 0. 0. 0. 0. 0. 0. 0. 0. 0. 0. 0. 0. 0. 0. 0. 0. 0. 0. 0. 0. 0. 0.
 0. 0. 0. 0. 0. 0. 0. 0. 0. 0. 0. 0. 0. 0. 0. 0. 0. 0. 0. 0. 0. 0. 0. 0.
 0. 0. 0. 0. 0. 0. 0. 0. 0. 0. 0. 0. 0. 0. 0. 0. 0. 0. 0. 0. 0. 0. 0. 0.
 0. 0. 0. 0. 0. 0. 0. 0. 0. 0. 0. 0. 0. 0. 0. 0. 0. 0. 0. 0. 0. 0. 0. 0.
 0. 0. 0. 0. 0. 0. 0. 0. 0. 0. 0. 0. 0. 0. 0. 0.]
start SG
end SG -->  0.2719430923461914
    CPU time for vj and vk      1.57 sec, wall time      1.58 sec
E1 = 32.24941715188436  Ecoul = 8.782351349289357  Exc = -26.900870303639465
cycle= 3 E= -88.3400865863542  delta_E= -1.42e-07  |g|= 0.000406  |ddm|= 0.000899
    CPU time for cycle= 3      5.48 sec, wall time      5.51 sec
  HOMO = 0.53615096951631  LUMO = 0.809352944633647
  mo_energy =
[-0.30706114 -0.23040053 -0.23039978  0.01820094  0.01820173  0.01820269
  0.01820317  0.02070429  0.02070529  0.049828    0.04982874  0.04982965
  0.0498303   0.20940095  0.20940133  0.20940196  0.20940347  0.27480297
  0.27480438  0.28468293  0.28468326  0.28468379  0.28468613  0.34993474
  0.34993612  0.36710737  0.36710782  0.3671091   0.36710975  0.53157489
  0.53615072  0.53615097  0.80935294  0.80935501  0.84198927  0.84358203
  0.84358207  0.86867933  0.86868068  0.86987768  0.86987864  0.86987899
  0.86987909  1.07975322  1.0797534   1.07975599  1.07975616  1.08808508
  1.08808515  1.08808917  1.08809125  1.11770016  1.11770105  1.1177019
  1.11770197  1.13489257  1.13489401  1.17880813  1.27830095  1.27830104
  1.27830742  1.27831272  1.27948133  1.27948157  1.5933497   1.59335092
  1.59335102  1.59335507  1.63360274  1.63360342  1.71372418  1.713745
  1.71507976  1.71508391  1.71508414  1.71508951  1.7566124   1.75800345
  1.87295438  1.87295736  1.90148918  1.9014909   2.04008272  2.04008284
  2.04013423  2.04013515  2.04015747  2.04015757  2.06127143  2.06127504
  2.06127927  2.06127937  2.25911726  2.25911737  2.25912013  2.25912027
  2.34582146  2.34595541  2.34597181  2.34597206  2.3472357   2.34737116
  2.40763044  2.40763045  2.40794954  2.4719296   2.47279958  2.47279984
  2.49625795  2.49625805  2.49626398  2.49626422  2.53734641  2.53734653
  2.53735077  2.53735082  2.76861539  2.76861556  2.76862289  2.76862582
  2.78759419  2.78759433  2.78760448  2.78760651  2.78784378  2.78784392
  2.79513043  2.79513165  2.88462449  2.88463511  2.88463718  2.8846372
  2.98045272  2.98046389  2.98046393  2.98046445  2.98112749  2.98114899
  3.02122413  3.02122442  3.02147877  3.02148153  3.02149272  3.02149297
  3.07450778  3.07450788  3.10636272  3.10636391  3.1063733   3.10637336
  3.26838491  3.26838997  3.26839002  3.26839219  3.28642542  3.28643477
  3.35186033  3.35187134  3.41734182  3.41734197  3.41734745  3.41734776
  3.42810515  3.42818001  3.42904854  3.42906152  3.42906183  3.42910941
  3.56151196  3.5638369   3.73135101  3.73181486  3.73181555  3.83433966
  3.83435406  4.33910817  4.33910945  4.3391096   4.33911552  4.62110325
  4.62110333  4.62252986  4.72253807  4.72253887  4.72306269  4.7230629
  4.72375767  4.72375775  4.72377408  4.72378091  4.72411614  4.72411726
  8.67340906  8.85997204  8.86000315  9.0014986   9.01117725  9.01557543
  9.01557561  9.01567012  9.01571162  9.0221746   9.02874666  9.03232774
  9.03714594  9.03716535  9.03716536  9.04133416]
nelec by numeric integration = 63.99999999567566
    CPU time for vxc      3.87 sec, wall time      3.89 sec
~/packages/PeriodicIntegrals/PeriodicIntegrals-junjie-benchmark/isdfx/isdfx.py +4733
[[ 5.92721178e-01 -2.07692308e-02 -1.17059958e-06 ...  3.28343695e-03
  -3.30196830e-03  2.56124099e-07]
 [-2.07692308e-02  8.44356971e-04 -1.00091166e-06 ... -2.08746669e-04
   1.64707120e-04 -4.02194870e-08]
 [-1.17059958e-06 -1.00091166e-06  6.49847805e-01 ...  1.13029335e-04
   2.11459340e-03  3.16147456e-03]
 ...
 [ 3.28343695e-03 -2.08746669e-04  1.13029335e-04 ...  4.45024015e-04
   1.68177103e-06 -1.11561521e-08]
 [-3.30196830e-03  1.64707120e-04  2.11459340e-03 ...  1.68177103e-06
   2.27052315e-03  2.83913463e-06]
 [ 2.56124099e-07 -4.02194870e-08  3.16147456e-03 ... -1.11561521e-08
   2.83913463e-06  6.71190666e-04]]
[[ 1.71213073e-01 -2.02227463e-01  4.52478132e-02 ... -8.24273192e-06
   5.32914097e-05 -1.15347851e+00]
 [-6.73656270e-03  4.00427892e-03 -9.08369858e-04 ... -7.42770545e-06
   4.71719304e-05 -1.05952134e+00]
 [ 2.75315916e-07 -6.23418675e-07 -3.93505403e-07 ...  4.80672316e-02
  -5.47352027e-02 -3.78339508e-06]
 ...
 [-1.09546903e-04 -9.54498563e-04  1.48044044e-03 ...  1.46569437e-04
  -1.90140979e-02 -4.61227385e-03]
 [ 1.16567626e-06 -2.60606583e-06 -4.22600299e-06 ...  5.34535975e-05
   3.51078989e-05 -4.22897527e-02]
 [ 1.35250119e-06  5.95131210e-07 -1.80142005e-06 ... -1.73556385e-03
  -1.33693359e-05  1.37141702e-09]]
[2. 2. 2. 2. 2. 2. 2. 2. 2. 2. 2. 2. 2. 2. 2. 2. 2. 2. 2. 2. 2. 2. 2. 2.
 2. 2. 2. 2. 2. 2. 2. 2. 0. 0. 0. 0. 0. 0. 0. 0. 0. 0. 0. 0. 0. 0. 0. 0.
 0. 0. 0. 0. 0. 0. 0. 0. 0. 0. 0. 0. 0. 0. 0. 0. 0. 0. 0. 0. 0. 0. 0. 0.
 0. 0. 0. 0. 0. 0. 0. 0. 0. 0. 0. 0. 0. 0. 0. 0. 0. 0. 0. 0. 0. 0. 0. 0.
 0. 0. 0. 0. 0. 0. 0. 0. 0. 0. 0. 0. 0. 0. 0. 0. 0. 0. 0. 0. 0. 0. 0. 0.
 0. 0. 0. 0. 0. 0. 0. 0. 0. 0. 0. 0. 0. 0. 0. 0. 0. 0. 0. 0. 0. 0. 0. 0.
 0. 0. 0. 0. 0. 0. 0. 0. 0. 0. 0. 0. 0. 0. 0. 0. 0. 0. 0. 0. 0. 0. 0. 0.
 0. 0. 0. 0. 0. 0. 0. 0. 0. 0. 0. 0. 0. 0. 0. 0. 0. 0. 0. 0. 0. 0. 0. 0.
 0. 0. 0. 0. 0. 0. 0. 0. 0. 0. 0. 0. 0. 0. 0. 0.]
start SG
end SG -->  0.2473912239074707
    CPU time for vj and vk      1.52 sec, wall time      1.52 sec
E1 = 32.249413924124006  Ecoul = 8.782356244274924  Exc = -26.90087200407229
cycle= 4 E= -88.3400866195618  delta_E= -3.32e-08  |g|= 0.000112  |ddm|= 0.000346
    CPU time for cycle= 4      5.41 sec, wall time      5.43 sec
  HOMO = 0.536151004015465  LUMO = 0.809352913211201
  mo_energy =
[-0.30706118 -0.23040052 -0.23039991  0.01820092  0.01820174  0.01820264
  0.01820315  0.02070419  0.02070522  0.04982791  0.04982868  0.04982959
  0.04983026  0.20940084  0.20940127  0.20940191  0.20940345  0.27480296
  0.27480438  0.28468281  0.28468309  0.28468368  0.28468609  0.3499345
  0.349936    0.36710735  0.3671078   0.36710912  0.36710978  0.53157458
  0.53615076  0.536151    0.80935291  0.80935511  0.84198928  0.84358193
  0.84358197  0.8686794   0.86868073  0.86987756  0.86987853  0.86987889
  0.86987898  1.07975315  1.07975332  1.07975587  1.07975605  1.08808496
  1.08808502  1.08808896  1.08809115  1.1177      1.11770093  1.11770179
  1.11770186  1.13489251  1.13489409  1.17880805  1.27830075  1.27830084
  1.27830723  1.27831273  1.27948131  1.27948155  1.59334967  1.59335091
  1.593351    1.59335503  1.63360266  1.63360337  1.71372401  1.71374484
  1.71507969  1.71508386  1.71508409  1.71508949  1.7566125   1.75800334
  1.87295418  1.8729573   1.90148898  1.90149088  2.04008167  2.0400818
  2.04013409  2.04013515  2.04015843  2.04015852  2.06127143  2.06127512
  2.06127933  2.06127942  2.25911726  2.25911737  2.25912003  2.25912016
  2.3458221   2.34595548  2.34597185  2.3459721   2.34723557  2.34737044
  2.40763037  2.40763038  2.40794943  2.47192948  2.4727995   2.47279976
  2.49625783  2.49625796  2.49626378  2.49626421  2.53734634  2.53734646
  2.53735071  2.53735075  2.76861529  2.76861545  2.76862273  2.76862572
  2.78759398  2.78759411  2.78760429  2.78760645  2.78784384  2.78784399
  2.79513029  2.79513165  2.88462442  2.88463523  2.88463723  2.88463724
  2.98045268  2.98046376  2.98046381  2.98046441  2.98112754  2.98114904
  3.02122363  3.02122393  3.02147862  3.02148148  3.02149307  3.02149333
  3.07450758  3.07450782  3.10636271  3.10636385  3.10637323  3.10637328
  3.26838475  3.26838987  3.2683899   3.26839214  3.28642548  3.28643488
  3.35186041  3.35187126  3.41734183  3.41734198  3.41734734  3.41734766
  3.42810477  3.42817996  3.42904852  3.42906144  3.42906175  3.42910957
  3.56151201  3.56383675  3.73135095  3.7318148   3.73181549  3.83433962
  3.83435392  4.33910816  4.33910937  4.3391095   4.33911538  4.62110311
  4.62110319  4.62252975  4.72253666  4.72253738  4.72306246  4.72306266
  4.723758    4.72375809  4.72377407  4.72378075  4.72411721  4.72411826
  8.67340873  8.85997176  8.86000277  9.00149595  9.01117367  9.01557753
  9.01557775  9.01567144  9.01571145  9.02218049  9.02874056  9.03232667
  9.03714449  9.0371626   9.03716268  9.04133871]
nelec by numeric integration = 63.99999999567567
    CPU time for vxc      3.87 sec, wall time      3.88 sec
~/packages/PeriodicIntegrals/PeriodicIntegrals-junjie-benchmark/isdfx/isdfx.py +4733
[[ 5.92717149e-01 -2.07687438e-02 -1.07442480e-06 ...  3.28343625e-03
  -3.30198740e-03  2.56826467e-07]
 [-2.07687438e-02  8.44325558e-04 -1.01121805e-06 ... -2.08745734e-04
   1.64708060e-04 -4.02877070e-08]
 [-1.07442480e-06 -1.01121805e-06  6.49843017e-01 ...  1.13032780e-04
   2.11468637e-03  3.16141344e-03]
 ...
 [ 3.28343625e-03 -2.08745734e-04  1.13032780e-04 ...  4.45008726e-04
   1.67608848e-06 -1.10819622e-08]
 [-3.30198740e-03  1.64708060e-04  2.11468637e-03 ...  1.67608848e-06
   2.27048603e-03  2.83204224e-06]
 [ 2.56826467e-07 -4.02877070e-08  3.16141344e-03 ... -1.10819622e-08
   2.83204224e-06  6.71168748e-04]]
[[ 1.71210837e-01 -1.98386929e-01  5.98717829e-02 ... -1.62504035e-05
   7.39488875e-05 -1.15350502e+00]
 [-6.73645123e-03  3.92726983e-03 -1.19765145e-03 ... -1.46396949e-05
   6.53995285e-05 -1.05955084e+00]
 [ 2.19705485e-07 -5.79342280e-07 -3.98575277e-07 ...  4.77587084e-02
  -5.50057167e-02 -5.37207214e-06]
 ...
 [-1.09448746e-04 -8.44056166e-04  1.54617419e-03 ...  2.72153790e-05
  -1.90248121e-02 -4.61740253e-03]
 [ 1.13244839e-06 -3.01182167e-06 -4.01578404e-06 ...  5.42518438e-05
   3.57617316e-05 -4.22869506e-02]
 [ 1.35362152e-06  4.62574660e-07 -1.84126483e-06 ... -1.72010376e-03
  -2.46091646e-06  1.44990886e-08]]
[2. 2. 2. 2. 2. 2. 2. 2. 2. 2. 2. 2. 2. 2. 2. 2. 2. 2. 2. 2. 2. 2. 2. 2.
 2. 2. 2. 2. 2. 2. 2. 2. 0. 0. 0. 0. 0. 0. 0. 0. 0. 0. 0. 0. 0. 0. 0. 0.
 0. 0. 0. 0. 0. 0. 0. 0. 0. 0. 0. 0. 0. 0. 0. 0. 0. 0. 0. 0. 0. 0. 0. 0.
 0. 0. 0. 0. 0. 0. 0. 0. 0. 0. 0. 0. 0. 0. 0. 0. 0. 0. 0. 0. 0. 0. 0. 0.
 0. 0. 0. 0. 0. 0. 0. 0. 0. 0. 0. 0. 0. 0. 0. 0. 0. 0. 0. 0. 0. 0. 0. 0.
 0. 0. 0. 0. 0. 0. 0. 0. 0. 0. 0. 0. 0. 0. 0. 0. 0. 0. 0. 0. 0. 0. 0. 0.
 0. 0. 0. 0. 0. 0. 0. 0. 0. 0. 0. 0. 0. 0. 0. 0. 0. 0. 0. 0. 0. 0. 0. 0.
 0. 0. 0. 0. 0. 0. 0. 0. 0. 0. 0. 0. 0. 0. 0. 0. 0. 0. 0. 0. 0. 0. 0. 0.
 0. 0. 0. 0. 0. 0. 0. 0. 0. 0. 0. 0. 0. 0. 0. 0.]
start SG
end SG -->  0.27210235595703125
    CPU time for vj and vk      1.60 sec, wall time      1.61 sec
E1 = 32.2494132670273  Ecoul = 8.782357278754324  Exc = -26.90087238423472
cycle= 5 E= -88.3400866223416  delta_E= -2.78e-09  |g|= 1.18e-05  |ddm|= 8.74e-05
    CPU time for cycle= 5      5.49 sec, wall time      5.51 sec
  HOMO = 0.536151096869492  LUMO = 0.809352984232889
  mo_energy =
[-0.30706113 -0.23040048 -0.23039986  0.01820098  0.01820179  0.01820272
  0.0182032   0.02070424  0.02070526  0.04982798  0.04982874  0.04982965
  0.04983031  0.20940092  0.20940132  0.20940196  0.20940347  0.27480303
  0.27480445  0.28468285  0.28468316  0.28468372  0.2846861   0.34993454
  0.34993603  0.36710743  0.36710788  0.36710918  0.36710985  0.5315746
  0.53615085  0.5361511   0.80935298  0.80935517  0.84198935  0.84358198
  0.84358202  0.86867947  0.86868081  0.86987755  0.8698786   0.86987891
  0.86987901  1.07975321  1.07975339  1.07975596  1.07975613  1.08808498
  1.08808505  1.08808904  1.08809113  1.11770011  1.11770097  1.11770186
  1.11770193  1.1348926   1.13489417  1.17880814  1.27830089  1.27830098
  1.27830736  1.27831277  1.27948136  1.2794816   1.59334977  1.59335099
  1.59335108  1.59335511  1.63360271  1.63360345  1.71372409  1.7137449
  1.7150798   1.71508396  1.71508419  1.71508957  1.75661259  1.75800336
  1.87295429  1.87295733  1.90148902  1.90149089  2.04008199  2.04008212
  2.04013416  2.04013517  2.0401582   2.04015829  2.06127156  2.06127517
  2.06127943  2.06127952  2.2591173   2.25911741  2.25912011  2.25912025
  2.34582202  2.34595551  2.34597196  2.34597221  2.3472356   2.3473707
  2.40763042  2.40763043  2.40794948  2.47192955  2.47279959  2.47279985
  2.49625788  2.496258    2.49626386  2.49626423  2.5373464   2.53734652
  2.53735079  2.53735083  2.76861535  2.76861552  2.76862283  2.76862577
  2.7875941   2.78759424  2.78760441  2.7876065   2.78784388  2.78784403
  2.79513037  2.7951317   2.88462456  2.88463526  2.88463733  2.88463734
  2.98045274  2.98046383  2.98046388  2.98046448  2.98112764  2.98114917
  3.02122383  3.02122412  3.02147871  3.02148151  3.021493    3.02149325
  3.07450765  3.07450783  3.10636274  3.10636396  3.1063733   3.10637336
  3.26838481  3.26838991  3.26838995  3.26839218  3.2864256   3.28643507
  3.3518605   3.35187136  3.41734189  3.41734203  3.41734743  3.41734775
  3.42810492  3.42818008  3.42904861  3.42906151  3.42906182  3.42910957
  3.56151221  3.56383679  3.73135101  3.73181488  3.73181557  3.83433973
  3.83435403  4.33910817  4.33910942  4.33910957  4.33911547  4.62110314
  4.62110322  4.62252982  4.72253652  4.72253724  4.72306252  4.72306273
  4.72375799  4.72375807  4.72377409  4.72378085  4.72411747  4.72411852
  8.67340888  8.85997193  8.86000295  9.0014968   9.01117482  9.01557735
  9.01557754  9.01567136  9.01571177  9.02217873  9.02874227  9.03232687
  9.0371446   9.03716312  9.03716318  9.04133727]
nelec by numeric integration = 63.99999999567568
    CPU time for vxc      3.89 sec, wall time      3.90 sec
