SLURMD_NODENAME = hpc-53-08
Start time = Mon Mar 17 04:17:47 PM PDT 2025
OMP_NUM_THREADS = 1
MKL_NUM_THREADS = 1
PYSCF_MAX_MEMORY = 409600
TMPDIR = /central/scratch/yangjunjie//run-scf-spc-diamond-prim-1-2-2-fftisdf-ks-1-100-rcut_epsilon-1e-05-ke_epsilon-0.05-isdf_thresh-4e-05/48050871/
PYSCF_TMPDIR = /central/scratch/yangjunjie//run-scf-spc-diamond-prim-1-2-2-fftisdf-ks-1-100-rcut_epsilon-1e-05-ke_epsilon-0.05-isdf_thresh-4e-05/48050871/

/home/junjiey/anaconda3/envs/fftisdf/bin/python
2.8.0
1.13.1
2.0.2
fft_engine = NUMPY+BLAS
name = diamond-prim
ke_cutoff =  1.00e+02
exxdiv = None
df = fftisdf-ks
chk_path = ../../../gdf-32/tmp/scf.h5
mesh = 1,2,2
rcut_epsilon =  1.00e-05
ke_epsilon =  5.00e-02
isdf_thresh =  4.00e-05

Discarded 6 diffused primitive functions, 0 contracted functions
ke_cutoff = 100.0
None

******** <class 'ISDFX'> ********
lin_dep_thresh: 1e-10
alpha_cutoff: 2.8
rcut_epsilon: 1e-05
ke_epsilon: 0.05
isdf_thresh: 4e-05
grid_vol_cutoff: 0.05
ke_step: 2.0
ao_tol: 1e-12
multigrid_on: True
direct_j: True
iterative_build: True
occRI: True
voronoi: True
fit_sparse_grid: False
fit_dense_grid: True
direct_k_sparse: True
direct_k: False
use_kpt_symm: False
kmesh: [1, 1, 1]
isdf_pts_from_q0: True
isdf_pts_from_gamma_point: False
alpha: None
do_real_isdf: False
N_xi: None
use_cell_periodic: False
isdf_thresh_sparse: None
ncopy: [1, 1, 1]
j_grid_mesh: None
k_grid_mesh: None
num_j_grids: 100
get_ao_from_pyscf: False
nuc_pp_version: 0
vppnl_ver: 0
universal_dense_grid: None
same_jk_grids: None
coulomb_only: False
max_memory   409600 MB (current use       91 MB)

Exchange function: getK_occRI  

cell mesh: [23 47 47]
nbas:  96
Grid     keMax    keMin    keGrid   expMax   expMin   nexp     lmax     PWs      mesh        
0        33.6     33.6     105.5    5.6      5.6      1        2        50807    [23 47 47]
1        12.7     2.1      12.7     2.1      0.3      3        2        2601     [ 9 17 17]
0        59.4     52.8     105.5    5.6      5.6      1        2        50807    [23 47 47]
1        22.4     11.2     22.4     2.1      2.1      1        2        6877     [13 23 23]
2        8.2      3.7      8.2      0.8      0.3      2        2        2025     [ 9 15 15]

ISDF

atm      grid     Ng       NI       Nxi      sharp    on_grid  diffuse  maxexp   minexp   lmax     lmin    
0        0        50807    2050     113      9        180      171      5.61     5.61     2        0       
1        0        50807    2060     115      9        180      171      5.61     5.61     2        0       
2        0        50807    2065     115      9        180      171      5.61     5.61     2        0       
3        0        50807    2065     115      9        180      171      5.61     5.61     2        0       
4        0        50807    2065     115      9        180      171      5.61     5.61     2        0       
5        0        50807    2065     115      9        180      171      5.61     5.61     2        0       
6        0        50807    2060     115      9        180      171      5.61     5.61     2        0       
7        0        50807    2050     113      9        180      171      5.61     5.61     2        0       
-        1        2601     2601     2601     216      216      216      2.11     0.35     2        0       
ISDF-pts:       0.70
ISDF-vec:       0.09
Fit dense grids ISDF:       0.78
Fit sparse grids ISDF:       0.00

Grid     PWs      Ng_i     N_xi     N_mu    
0        50807    16480    916      1440    
1        2601     2601     2601     216     

nTHC: 3517
Mem Required (MB):      22.84
Curent RAM Use (MB) :        149 

Build W
ISDF-fft dense grids (sec):       4.11
Curent RAM Use (MB) :        156 
ISDF-fft:       4.11

Initial guess from minao.
Big error detected in the electron number of initial guess density matrix (Ne/cell = 32.1244)!
  This can cause huge error in Fock matrix and lead to instability in SCF for low-dimensional systems.
  DM is normalized wrt the number of electrons 32
Successfully loaded dm0 from ../../../gdf-32/tmp/scf.h5
~/packages/PeriodicIntegrals/PeriodicIntegrals-junjie-benchmark/isdfx/isdfx.py +4733
[[ 5.10829564e-01 -1.37789682e-02 -2.25945214e-03 ...  4.53891936e-05
  -9.46650009e-03 -1.08570539e-02]
 [-1.37789682e-02  4.27285789e-04  7.14882829e-04 ... -7.09765086e-07
   2.72690080e-04  3.10240234e-04]
 [-2.25945214e-03  7.14882829e-04  7.33591631e-01 ... -2.81085758e-02
   8.04812038e-04  1.66000927e-02]
 ...
 [ 4.53891936e-05 -7.09765086e-07 -2.81085758e-02 ...  2.44820851e-03
  -2.69404595e-04  5.35606099e-04]
 [-9.46650009e-03  2.72690080e-04  8.04812038e-04 ... -2.69404595e-04
   2.48677716e-03  1.42503184e-04]
 [-1.08570539e-02  3.10240234e-04  1.66000927e-02 ...  5.35606099e-04
   1.42503184e-04  3.05186751e-03]]
[[ 2.42393032e-01  3.23160163e-01 -1.92359013e-03 ... -1.87138756e-01
   1.47258212e-04 -1.00429284e+00]
 [-9.27570260e-03 -9.62159400e-03  5.72723120e-05 ... -2.04594493e-01
   1.19300319e-04 -8.13426778e-01]
 [-1.50376240e-04 -3.51363209e-02 -3.40374893e-02 ... -1.25189788e-02
   7.25982881e-02 -7.22623066e-02]
 ...
 [ 5.37275965e-06  1.00201284e-04  1.51983125e-02 ... -3.02588471e-03
  -5.48403339e-02  1.13113659e-05]
 [ 7.25693740e-05 -9.92610970e-03 -1.00735653e-02 ...  1.71500679e-02
   3.65639729e-02 -3.59649949e-02]
 [ 9.31453267e-05 -1.12886613e-02  1.46924050e-02 ...  1.45508980e-02
  -5.27623043e-02 -4.15038509e-02]]
[2. 2. 2. 2. 2. 2. 2. 2. 2. 2. 2. 2. 2. 2. 2. 2. 0. 0. 0. 0. 0. 0. 0. 0.
 0. 0. 0. 0. 0. 0. 0. 0. 0. 0. 0. 0. 0. 0. 0. 0. 0. 0. 0. 0. 0. 0. 0. 0.
 0. 0. 0. 0. 0. 0. 0. 0. 0. 0. 0. 0. 0. 0. 0. 0. 0. 0. 0. 0. 0. 0. 0. 0.
 0. 0. 0. 0. 0. 0. 0. 0. 0. 0. 0. 0. 0. 0. 0. 0. 0. 0. 0. 0. 0. 0. 0. 0.
 0. 0. 0. 0. 0. 0. 0. 0.]
~/packages/PeriodicIntegrals/PeriodicIntegrals-junjie-benchmark/isdfx/isdfx.py +4733
[[ 5.10829564e-01 -1.37789682e-02 -2.25945214e-03 ...  4.53891936e-05
  -9.46650009e-03 -1.08570539e-02]
 [-1.37789682e-02  4.27285789e-04  7.14882829e-04 ... -7.09765086e-07
   2.72690080e-04  3.10240234e-04]
 [-2.25945214e-03  7.14882829e-04  7.33591631e-01 ... -2.81085758e-02
   8.04812038e-04  1.66000927e-02]
 ...
 [ 4.53891936e-05 -7.09765086e-07 -2.81085758e-02 ...  2.44820851e-03
  -2.69404595e-04  5.35606099e-04]
 [-9.46650009e-03  2.72690080e-04  8.04812038e-04 ... -2.69404595e-04
   2.48677716e-03  1.42503184e-04]
 [-1.08570539e-02  3.10240234e-04  1.66000927e-02 ...  5.35606099e-04
   1.42503184e-04  3.05186751e-03]]
[[ 2.42393032e-01  3.23160163e-01 -1.92359013e-03 ... -1.87138756e-01
   1.47258212e-04 -1.00429284e+00]
 [-9.27570260e-03 -9.62159400e-03  5.72723120e-05 ... -2.04594493e-01
   1.19300319e-04 -8.13426778e-01]
 [-1.50376240e-04 -3.51363209e-02 -3.40374893e-02 ... -1.25189788e-02
   7.25982881e-02 -7.22623066e-02]
 ...
 [ 5.37275965e-06  1.00201284e-04  1.51983125e-02 ... -3.02588471e-03
  -5.48403339e-02  1.13113659e-05]
 [ 7.25693740e-05 -9.92610970e-03 -1.00735653e-02 ...  1.71500679e-02
   3.65639729e-02 -3.59649949e-02]
 [ 9.31453267e-05 -1.12886613e-02  1.46924050e-02 ...  1.45508980e-02
  -5.27623043e-02 -4.15038509e-02]]
[2. 2. 2. 2. 2. 2. 2. 2. 2. 2. 2. 2. 2. 2. 2. 2. 0. 0. 0. 0. 0. 0. 0. 0.
 0. 0. 0. 0. 0. 0. 0. 0. 0. 0. 0. 0. 0. 0. 0. 0. 0. 0. 0. 0. 0. 0. 0. 0.
 0. 0. 0. 0. 0. 0. 0. 0. 0. 0. 0. 0. 0. 0. 0. 0. 0. 0. 0. 0. 0. 0. 0. 0.
 0. 0. 0. 0. 0. 0. 0. 0. 0. 0. 0. 0. 0. 0. 0. 0. 0. 0. 0. 0. 0. 0. 0. 0.
 0. 0. 0. 0. 0. 0. 0. 0.]
start SG
end SG -->  0.04389548301696777


******** <class 'pyscf.pbc.dft.rks.RKS'> ********
method = RKS
initial guess = minao
damping factor = 0
level_shift factor = 0
DIIS = <class 'pyscf.scf.diis.CDIIS'>
diis_start_cycle = 1
diis_space = 8
diis_damp = 0
SCF conv_tol = 1e-08
SCF conv_tol_grad = None
SCF max_cycles = 50
direct_scf = True
direct_scf_tol = 1e-13
chkfile to save SCF result = /central/scratch/yangjunjie/run-scf-spc-diamond-prim-1-2-2-fftisdf-ks-1-100-rcut_epsilon-1e-05-ke_epsilon-0.05-isdf_thresh-4e-05/48050871/tmpwm4rqse5
max_memory 409600 MB (current use 167 MB)
******** PBC SCF flags ********
kpt = [0. 0. 0.]
Exchange divergence treatment (exxdiv) = None
DF object = <isdfx.isdfx.ISDFX object at 0x7f5421415850>
XC functionals = PBE0
small_rho_cutoff = 1e-07
Set gradient conv threshold to 0.0001
nelec by numeric integration = 31.999999999294186
    CPU time for vxc      1.87 sec, wall time      1.87 sec
~/packages/PeriodicIntegrals/PeriodicIntegrals-junjie-benchmark/isdfx/isdfx.py +4733
[[ 5.10829564e-01 -1.37789682e-02 -2.25945214e-03 ...  4.53891936e-05
  -9.46650009e-03 -1.08570539e-02]
 [-1.37789682e-02  4.27285789e-04  7.14882829e-04 ... -7.09765086e-07
   2.72690080e-04  3.10240234e-04]
 [-2.25945214e-03  7.14882829e-04  7.33591631e-01 ... -2.81085758e-02
   8.04812038e-04  1.66000927e-02]
 ...
 [ 4.53891936e-05 -7.09765086e-07 -2.81085758e-02 ...  2.44820851e-03
  -2.69404595e-04  5.35606099e-04]
 [-9.46650009e-03  2.72690080e-04  8.04812038e-04 ... -2.69404595e-04
   2.48677716e-03  1.42503184e-04]
 [-1.08570539e-02  3.10240234e-04  1.66000927e-02 ...  5.35606099e-04
   1.42503184e-04  3.05186751e-03]]
[[ 2.42393032e-01  3.23160163e-01 -1.92359013e-03 ... -1.87138756e-01
   1.47258212e-04 -1.00429284e+00]
 [-9.27570260e-03 -9.62159400e-03  5.72723120e-05 ... -2.04594493e-01
   1.19300319e-04 -8.13426778e-01]
 [-1.50376240e-04 -3.51363209e-02 -3.40374893e-02 ... -1.25189788e-02
   7.25982881e-02 -7.22623066e-02]
 ...
 [ 5.37275965e-06  1.00201284e-04  1.51983125e-02 ... -3.02588471e-03
  -5.48403339e-02  1.13113659e-05]
 [ 7.25693740e-05 -9.92610970e-03 -1.00735653e-02 ...  1.71500679e-02
   3.65639729e-02 -3.59649949e-02]
 [ 9.31453267e-05 -1.12886613e-02  1.46924050e-02 ...  1.45508980e-02
  -5.27623043e-02 -4.15038509e-02]]
[2. 2. 2. 2. 2. 2. 2. 2. 2. 2. 2. 2. 2. 2. 2. 2. 0. 0. 0. 0. 0. 0. 0. 0.
 0. 0. 0. 0. 0. 0. 0. 0. 0. 0. 0. 0. 0. 0. 0. 0. 0. 0. 0. 0. 0. 0. 0. 0.
 0. 0. 0. 0. 0. 0. 0. 0. 0. 0. 0. 0. 0. 0. 0. 0. 0. 0. 0. 0. 0. 0. 0. 0.
 0. 0. 0. 0. 0. 0. 0. 0. 0. 0. 0. 0. 0. 0. 0. 0. 0. 0. 0. 0. 0. 0. 0. 0.
 0. 0. 0. 0. 0. 0. 0. 0.]
start SG
end SG -->  0.043683767318725586
    CPU time for vj and vk      3.12 sec, wall time      3.13 sec
E1 = 16.682090968380386  Ecoul = 4.928409005619501  Exc = -13.217205211764902
init E= -42.8421976297094
    CPU time for initialize scf      6.73 sec, wall time      6.75 sec
  HOMO = 0.575178665916267  LUMO = 0.855311598514826
  mo_energy =
[-0.26351994 -0.04883441 -0.04882885  0.04505926  0.04506124  0.06127172
  0.06325559  0.31614312  0.32367845  0.4521265   0.45213658  0.4593426
  0.4593436   0.56286516  0.5707849   0.57517867  0.8553116   0.8560849
  0.85845886  0.87670476  0.88224996  0.97647451  0.97647876  0.98046516
  0.98047212  1.00841135  1.00841588  1.19976269  1.2991824   1.30291163
  1.36187695  1.36187854  1.72620338  1.7262055   1.73427678  1.73525509
  1.76589582  1.76801356  1.9205624   1.92056876  1.9208557   1.92085886
  2.0527152   2.05388384  2.0733404   2.07334131  2.0750293   2.07503015
  2.35891354  2.3595355   2.420634    2.42363232  2.42530279  2.49171426
  2.49214804  2.4922913   2.66453631  2.66453749  2.80536806  2.80804409
  2.91298536  2.91299126  2.94447503  2.94447636  2.94673907  2.9467439
  2.99071047  2.99071332  2.99263814  2.99264876  2.99406987  2.99701345
  3.03683585  3.03686945  3.28424558  3.28425598  3.44384779  3.44461995
  3.57549524  3.5800542   3.62686147  3.62686657  3.62912353  3.62912705
  3.74846477  3.74878523  3.74892901  4.52250041  4.52255753  4.5231892
  4.52319209  4.63765056  4.64047528  4.64155741  4.73898194  4.74213617
  8.71226025  9.04054497  9.05329584  9.05330234  9.0535691   9.05425232
  9.09813248  9.09840844]
nelec by numeric integration = 31.999999999294193
    CPU time for vxc      1.67 sec, wall time      1.68 sec
~/packages/PeriodicIntegrals/PeriodicIntegrals-junjie-benchmark/isdfx/isdfx.py +4733
[[ 5.10837526e-01 -1.37807446e-02 -2.25848087e-03 ...  4.02005241e-05
  -9.46917310e-03 -1.08569360e-02]
 [-1.37807446e-02  4.27386100e-04  7.23004552e-04 ... -7.74757294e-07
   2.72615369e-04  3.10354179e-04]
 [-2.25848087e-03  7.23004552e-04  7.33568016e-01 ... -2.81102107e-02
   8.02921623e-04  1.65971207e-02]
 ...
 [ 4.02005241e-05 -7.74757294e-07 -2.81102107e-02 ...  2.44900506e-03
  -2.68945140e-04  5.36359653e-04]
 [-9.46917310e-03  2.72615369e-04  8.02921623e-04 ... -2.68945140e-04
   2.48866729e-03  1.43101652e-04]
 [-1.08569360e-02  3.10354179e-04  1.65971207e-02 ...  5.36359653e-04
   1.43101652e-04  3.05253483e-03]]
[[ 2.42405941e-01 -4.79033350e-03  3.23136454e-01 ... -1.61840902e-01
   1.43104832e-04 -1.00534994e+00]
 [-9.27697234e-03  1.42763226e-04 -9.62207424e-03 ... -1.80879357e-01
   1.16014190e-04 -8.15046651e-01]
 [-1.54022302e-04  3.47597486e-02 -3.44241049e-02 ... -1.31631380e-02
   7.24536809e-02 -7.21712979e-02]
 ...
 [-4.05630012e-07 -1.51982531e-02 -2.23064478e-04 ... -3.10874687e-03
  -5.47954852e-02  4.39116437e-06]
 [ 7.18819248e-05  1.02777977e-02 -9.71741353e-03 ...  1.86166197e-02
   3.65309386e-02 -3.60244033e-02]
 [ 9.65295718e-05 -1.44551641e-02 -1.15879914e-02 ...  1.61084976e-02
  -5.27158232e-02 -4.15794434e-02]]
[2. 2. 2. 2. 2. 2. 2. 2. 2. 2. 2. 2. 2. 2. 2. 2. 0. 0. 0. 0. 0. 0. 0. 0.
 0. 0. 0. 0. 0. 0. 0. 0. 0. 0. 0. 0. 0. 0. 0. 0. 0. 0. 0. 0. 0. 0. 0. 0.
 0. 0. 0. 0. 0. 0. 0. 0. 0. 0. 0. 0. 0. 0. 0. 0. 0. 0. 0. 0. 0. 0. 0. 0.
 0. 0. 0. 0. 0. 0. 0. 0. 0. 0. 0. 0. 0. 0. 0. 0. 0. 0. 0. 0. 0. 0. 0. 0.
 0. 0. 0. 0. 0. 0. 0. 0.]
start SG
end SG -->  0.04346442222595215
    CPU time for vj and vk      3.11 sec, wall time      3.12 sec
E1 = 16.681990637804102  Ecoul = 4.9285632990387604  Exc = -13.217259320324667
cycle= 1 E= -42.8421977754262  delta_E= -1.46e-07  |g|= 5.51e-05  |ddm|= 0.000636
    CPU time for cycle= 1      4.79 sec, wall time      4.80 sec
  HOMO = 0.575185147908827  LUMO = 0.85531649618802
  mo_energy =
[-0.26351623 -0.04882935 -0.04882675  0.04506361  0.04506409  0.06127424
  0.06325982  0.31614699  0.32368313  0.45213557  0.45213614  0.45934632
  0.45934834  0.56286957  0.57078789  0.57518515  0.8553165   0.85608746
  0.85846301  0.87670697  0.88225507  0.9764801   0.9764806   0.98047255
  0.98047286  1.0084165   1.00841784  1.19976892  1.29918763  1.30291814
  1.36188183  1.36188709  1.72620688  1.72621214  1.73428217  1.7352602
  1.76589936  1.76801528  1.92056965  1.9205709   1.92086084  1.92086399
  2.0527189   2.05388739  2.07334231  2.07334516  2.07503182  2.07503394
  2.35891634  2.35953721  2.42063789  2.42363662  2.42530786  2.49171884
  2.492154    2.49229789  2.66453944  2.66454104  2.80537342  2.80805019
  2.91299058  2.91299715  2.94448005  2.94448221  2.94674547  2.94674955
  2.99071563  2.99071632  2.99264354  2.99265146  2.99407349  2.99701807
  3.03684074  3.03687498  3.28424824  3.28426158  3.44385312  3.44462473
  3.57550088  3.58005754  3.62686826  3.62687014  3.62912625  3.62913224
  3.74846814  3.74879138  3.74893459  4.52250247  4.52256679  4.52319378
  4.52319628  4.63765566  4.64048161  4.64156136  4.73898626  4.74214171
  8.7122721   9.04055684  9.05330739  9.05331392  9.05358882  9.05425484
  9.09815212  9.09841172]
nelec by numeric integration = 31.999999999294207
    CPU time for vxc      1.68 sec, wall time      1.68 sec
~/packages/PeriodicIntegrals/PeriodicIntegrals-junjie-benchmark/isdfx/isdfx.py +4733
[[ 5.10836667e-01 -1.37805070e-02 -2.25832687e-03 ...  3.98606765e-05
  -9.46919804e-03 -1.08567456e-02]
 [-1.37805070e-02  4.27375314e-04  7.23041471e-04 ... -7.69301478e-07
   2.72608927e-04  3.10345551e-04]
 [-2.25832687e-03  7.23041471e-04  7.33567294e-01 ... -2.81104448e-02
   8.01963774e-04  1.65965945e-02]
 ...
 [ 3.98606765e-05 -7.69301478e-07 -2.81104448e-02 ...  2.44900522e-03
  -2.68843951e-04  5.36395571e-04]
 [-9.46919804e-03  2.72608927e-04  8.01963774e-04 ... -2.68843951e-04
   2.48877401e-03  1.43075035e-04]
 [-1.08567456e-02  3.10345551e-04  1.65965945e-02 ...  5.36395571e-04
   1.43075035e-04  3.05251225e-03]]
[[ 2.42404214e-01  3.22988007e-01 -1.08571764e-02 ... -1.57614325e-01
   1.59103873e-04 -1.00541373e+00]
 [-9.27691782e-03 -9.61756861e-03  3.23170355e-04 ... -1.76895088e-01
   1.28947069e-04 -8.15106819e-01]
 [-1.53697099e-04 -3.60635762e-02 -3.30531202e-02 ... -1.32702080e-02
   7.24546654e-02 -7.21724629e-02]
 ...
 [-4.37697238e-07  5.12667356e-04  1.51912896e-02 ... -3.12172510e-03
  -5.47954725e-02  3.22878115e-06]
 [ 7.18923005e-05 -1.02035493e-02 -9.79546641e-03 ...  1.88540789e-02
   3.65315473e-02 -3.60269477e-02]
 [ 9.66447244e-05 -1.08744614e-02  1.49992786e-02 ...  1.63610866e-02
  -5.27151664e-02 -4.15846626e-02]]
[2. 2. 2. 2. 2. 2. 2. 2. 2. 2. 2. 2. 2. 2. 2. 2. 0. 0. 0. 0. 0. 0. 0. 0.
 0. 0. 0. 0. 0. 0. 0. 0. 0. 0. 0. 0. 0. 0. 0. 0. 0. 0. 0. 0. 0. 0. 0. 0.
 0. 0. 0. 0. 0. 0. 0. 0. 0. 0. 0. 0. 0. 0. 0. 0. 0. 0. 0. 0. 0. 0. 0. 0.
 0. 0. 0. 0. 0. 0. 0. 0. 0. 0. 0. 0. 0. 0. 0. 0. 0. 0. 0. 0. 0. 0. 0. 0.
 0. 0. 0. 0. 0. 0. 0. 0.]
start SG
end SG -->  0.04372429847717285
    CPU time for vj and vk      3.11 sec, wall time      3.12 sec
E1 = 16.6820042439899  Ecoul = 4.928543525437417  Exc = -13.2172531534657
cycle= 2 E= -42.8421977759827  delta_E= -5.57e-10  |g|= 2.79e-05  |ddm|= 5.82e-05
    CPU time for cycle= 2      4.79 sec, wall time      4.80 sec
  HOMO = 0.575184423622474  LUMO = 0.855316016661884
  mo_energy =
[-0.26351669 -0.04883203 -0.04882486  0.04506199  0.04506465  0.06127395
  0.06325912  0.31614654  0.32368259  0.45212954  0.45214122  0.45934607
  0.45934717  0.56286909  0.5707871   0.57518442  0.85531602  0.85608696
  0.8584624   0.87670687  0.88225456  0.97647743  0.97648258  0.98046829
  0.98047592  1.00841399  1.00841921  1.19976807  1.2991867   1.30291724
  1.36188302  1.36188384  1.7262078   1.72620966  1.73428118  1.73525933
  1.76589908  1.76801491  1.92056619  1.92057307  1.9208603   1.92086319
  2.05271845  2.05388705  2.07334256  2.07334392  2.0750319   2.07503309
  2.35891579  2.35953685  2.42063734  2.42363601  2.42530725  2.49171806
  2.4921531   2.49229703  2.66453904  2.66454047  2.80537261  2.80804942
  2.91299029  2.91299591  2.94447944  2.94448122  2.94674377  2.94674967
  2.99071373  2.99071697  2.99264144  2.99265251  2.99407291  2.99701747
  3.03684024  3.03687427  3.28424931  3.28425923  3.44385241  3.4446242
  3.57550035  3.58005689  3.62686564  3.62687162  3.62912699  3.62913028
  3.74846744  3.74879066  3.74893379  4.52250588  4.52256204  4.52319264
  4.52319607  4.63765494  4.64048098  4.64156059  4.73898559  4.74214102
  8.71227015  9.04055459  9.05330542  9.05331235  9.05357811  9.05426187
  9.09814163  9.09841853]
nelec by numeric integration = 31.9999999992942
    CPU time for vxc      1.67 sec, wall time      1.68 sec
~/packages/PeriodicIntegrals/PeriodicIntegrals-junjie-benchmark/isdfx/isdfx.py +4733
[[ 5.10835429e-01 -1.37803921e-02 -2.25899439e-03 ...  3.99226639e-05
  -9.46933200e-03 -1.08568329e-02]
 [-1.37803921e-02  4.27371369e-04  7.23114297e-04 ... -7.71474173e-07
   2.72612092e-04  3.10347569e-04]
 [-2.25899439e-03  7.23114297e-04  7.33565945e-01 ... -2.81100728e-02
   8.02200043e-04  1.65964169e-02]
 ...
 [ 3.99226639e-05 -7.71474173e-07 -2.81100728e-02 ...  2.44898398e-03
  -2.68877489e-04  5.36415699e-04]
 [-9.46933200e-03  2.72612092e-04  8.02200043e-04 ... -2.68877489e-04
   2.48877696e-03  1.43088277e-04]
 [-1.08568329e-02  3.10347569e-04  1.65964169e-02 ...  5.36415699e-04
   1.43088277e-04  3.05250912e-03]]
[[ 2.42404734e-01 -3.89121497e-03  3.23147840e-01 ... -1.62188800e-01
   1.51297859e-04 -1.00535372e+00]
 [-9.27690470e-03  1.15987969e-04 -9.62224285e-03 ... -1.81209751e-01
   1.22692413e-04 -8.15050562e-01]
 [-1.53183362e-04  3.46637008e-02 -3.45187855e-02 ... -1.31536877e-02
   7.24542203e-02 -7.21706908e-02]
 ...
 [-4.51256414e-07 -1.51987736e-02 -1.80974872e-04 ... -3.10765938e-03
  -5.47953509e-02  4.03803575e-06]
 [ 7.19254326e-05  1.02507727e-02 -9.74609341e-03 ...  1.85980849e-02
   3.65311509e-02 -3.60242421e-02]
 [ 9.66192132e-05 -1.44874033e-02 -1.15476504e-02 ...  1.60892492e-02
  -5.27154085e-02 -4.15801516e-02]]
[2. 2. 2. 2. 2. 2. 2. 2. 2. 2. 2. 2. 2. 2. 2. 2. 0. 0. 0. 0. 0. 0. 0. 0.
 0. 0. 0. 0. 0. 0. 0. 0. 0. 0. 0. 0. 0. 0. 0. 0. 0. 0. 0. 0. 0. 0. 0. 0.
 0. 0. 0. 0. 0. 0. 0. 0. 0. 0. 0. 0. 0. 0. 0. 0. 0. 0. 0. 0. 0. 0. 0. 0.
 0. 0. 0. 0. 0. 0. 0. 0. 0. 0. 0. 0. 0. 0. 0. 0. 0. 0. 0. 0. 0. 0. 0. 0.
 0. 0. 0. 0. 0. 0. 0. 0.]
start SG
end SG -->  0.0428318977355957
    CPU time for vj and vk      3.12 sec, wall time      3.13 sec
E1 = 16.682002287305615  Ecoul = 4.928546419894498  Exc = -13.217254091190823
Extra cycle  E= -42.8421977759351  delta_E= 4.77e-11  |g|= 3.14e-05  |ddm|= 4.75e-05
    CPU time for scf_cycle     21.10 sec, wall time     21.16 sec
    CPU time for SCF     21.27 sec, wall time     21.33 sec
converged SCF energy = -42.8421977759351
Successfully saved all results to /central/scratch/yangjunjie//run-scf-spc-diamond-prim-1-2-2-fftisdf-ks-1-100-rcut_epsilon-1e-05-ke_epsilon-0.05-isdf_thresh-4e-05/48050871/scf.h5
