SLURMD_NODENAME = hpc-54-36
Start time = Tue Mar 18 01:02:14 PM PDT 2025
OMP_NUM_THREADS = 1
MKL_NUM_THREADS = 1
PYSCF_MAX_MEMORY = 409600
TMPDIR = /central/scratch/yangjunjie//run-scf-spc-diamond-prim-1-2-2-fftisdf-ks-1-100-rcut_epsilon-1e-05-ke_epsilon-0.01-isdf_thresh-5e-05/48068303/
PYSCF_TMPDIR = /central/scratch/yangjunjie//run-scf-spc-diamond-prim-1-2-2-fftisdf-ks-1-100-rcut_epsilon-1e-05-ke_epsilon-0.01-isdf_thresh-5e-05/48068303/

/home/junjiey/anaconda3/envs/fftisdf/bin/python
2.8.0
1.13.1
2.0.2
fft_engine = NUMPY+BLAS
name = diamond-prim
ke_cutoff =  1.00e+02
exxdiv = None
df = fftisdf-ks
chk_path = ../../../gdf-32/tmp/scf.h5
mesh = 1,2,2
rcut_epsilon =  1.00e-05
ke_epsilon =  1.00e-02
isdf_thresh =  5.00e-05

Discarded 6 diffused primitive functions, 0 contracted functions
ke_cutoff = 100.0
None

******** <class 'ISDFX'> ********
lin_dep_thresh: 1e-10
alpha_cutoff: 2.8
rcut_epsilon: 1e-05
ke_epsilon: 0.01
isdf_thresh: 5e-05
grid_vol_cutoff: 0.05
ke_step: 2.0
ao_tol: 1e-12
multigrid_on: True
direct_j: True
iterative_build: True
occRI: True
voronoi: True
fit_sparse_grid: False
fit_dense_grid: True
direct_k_sparse: True
direct_k: False
use_kpt_symm: False
kmesh: [1, 1, 1]
isdf_pts_from_q0: True
isdf_pts_from_gamma_point: False
alpha: None
do_real_isdf: False
N_xi: None
use_cell_periodic: False
isdf_thresh_sparse: None
ncopy: [1, 1, 1]
j_grid_mesh: None
k_grid_mesh: None
num_j_grids: 100
get_ao_from_pyscf: False
nuc_pp_version: 0
vppnl_ver: 0
universal_dense_grid: None
same_jk_grids: None
coulomb_only: False
max_memory   409600 MB (current use       92 MB)

Exchange function: getK_occRI  

cell mesh: [23 47 47]
nbas:  96
Grid     keMax    keMin    keGrid   expMax   expMin   nexp     lmax     PWs      mesh        
0        51.6     51.6     105.5    5.6      5.6      1        2        50807    [23 47 47]
1        19.5     3.2      19.5     2.1      0.3      3        2        4851     [11 21 21]
0        77.4     52.8     105.5    5.6      5.6      1        2        50807    [23 47 47]
1        29.2     14.6     29.2     2.1      2.1      1        2        8125     [13 25 25]
2        10.6     4.8      10.6     0.8      0.3      2        2        2025     [ 9 15 15]

ISDF

atm      grid     Ng       NI       Nxi      sharp    on_grid  diffuse  maxexp   minexp   lmax     lmin    
0        0        50807    2050     108      9        180      171      5.61     5.61     2        0       
1        0        50807    2060     112      9        180      171      5.61     5.61     2        0       
2        0        50807    2065     109      9        180      171      5.61     5.61     2        0       
3        0        50807    2065     109      9        180      171      5.61     5.61     2        0       
4        0        50807    2065     109      9        180      171      5.61     5.61     2        0       
5        0        50807    2065     109      9        180      171      5.61     5.61     2        0       
6        0        50807    2060     112      9        180      171      5.61     5.61     2        0       
7        0        50807    2050     108      9        180      171      5.61     5.61     2        0       
-        1        4851     4851     4851     216      216      216      2.11     0.35     2        0       
ISDF-pts:       0.73
ISDF-vec:       0.08
Fit dense grids ISDF:       0.81
Fit sparse grids ISDF:       0.00

Grid     PWs      Ng_i     N_xi     N_mu    
0        50807    16480    876      1440    
1        4851     4851     4851     216     

nTHC: 5727
Mem Required (MB):      37.45
Curent RAM Use (MB) :        152 

Build W
ISDF-fft dense grids (sec):       3.75
Curent RAM Use (MB) :        181 
ISDF-fft:       3.75

Initial guess from minao.
Big error detected in the electron number of initial guess density matrix (Ne/cell = 32.1244)!
  This can cause huge error in Fock matrix and lead to instability in SCF for low-dimensional systems.
  DM is normalized wrt the number of electrons 32
Successfully loaded dm0 from ../../../gdf-32/tmp/scf.h5
~/packages/PeriodicIntegrals/PeriodicIntegrals-junjie-benchmark/isdfx/isdfx.py +4733
[[ 5.10829564e-01 -1.37789682e-02 -2.25945214e-03 ...  4.53891936e-05
  -9.46650009e-03 -1.08570539e-02]
 [-1.37789682e-02  4.27285789e-04  7.14882829e-04 ... -7.09765086e-07
   2.72690080e-04  3.10240234e-04]
 [-2.25945214e-03  7.14882829e-04  7.33591631e-01 ... -2.81085758e-02
   8.04812038e-04  1.66000927e-02]
 ...
 [ 4.53891936e-05 -7.09765086e-07 -2.81085758e-02 ...  2.44820851e-03
  -2.69404595e-04  5.35606099e-04]
 [-9.46650009e-03  2.72690080e-04  8.04812038e-04 ... -2.69404595e-04
   2.48677716e-03  1.42503184e-04]
 [-1.08570539e-02  3.10240234e-04  1.66000927e-02 ...  5.35606099e-04
   1.42503184e-04  3.05186751e-03]]
[[ 2.42393032e-01  3.23160163e-01 -1.92359013e-03 ... -1.87138756e-01
   1.47258212e-04 -1.00429284e+00]
 [-9.27570260e-03 -9.62159400e-03  5.72723120e-05 ... -2.04594493e-01
   1.19300319e-04 -8.13426778e-01]
 [-1.50376240e-04 -3.51363209e-02 -3.40374893e-02 ... -1.25189788e-02
   7.25982881e-02 -7.22623066e-02]
 ...
 [ 5.37275965e-06  1.00201284e-04  1.51983125e-02 ... -3.02588471e-03
  -5.48403339e-02  1.13113659e-05]
 [ 7.25693740e-05 -9.92610970e-03 -1.00735653e-02 ...  1.71500679e-02
   3.65639729e-02 -3.59649949e-02]
 [ 9.31453267e-05 -1.12886613e-02  1.46924050e-02 ...  1.45508980e-02
  -5.27623043e-02 -4.15038509e-02]]
[2. 2. 2. 2. 2. 2. 2. 2. 2. 2. 2. 2. 2. 2. 2. 2. 0. 0. 0. 0. 0. 0. 0. 0.
 0. 0. 0. 0. 0. 0. 0. 0. 0. 0. 0. 0. 0. 0. 0. 0. 0. 0. 0. 0. 0. 0. 0. 0.
 0. 0. 0. 0. 0. 0. 0. 0. 0. 0. 0. 0. 0. 0. 0. 0. 0. 0. 0. 0. 0. 0. 0. 0.
 0. 0. 0. 0. 0. 0. 0. 0. 0. 0. 0. 0. 0. 0. 0. 0. 0. 0. 0. 0. 0. 0. 0. 0.
 0. 0. 0. 0. 0. 0. 0. 0.]
~/packages/PeriodicIntegrals/PeriodicIntegrals-junjie-benchmark/isdfx/isdfx.py +4733
[[ 5.10829564e-01 -1.37789682e-02 -2.25945214e-03 ...  4.53891936e-05
  -9.46650009e-03 -1.08570539e-02]
 [-1.37789682e-02  4.27285789e-04  7.14882829e-04 ... -7.09765086e-07
   2.72690080e-04  3.10240234e-04]
 [-2.25945214e-03  7.14882829e-04  7.33591631e-01 ... -2.81085758e-02
   8.04812038e-04  1.66000927e-02]
 ...
 [ 4.53891936e-05 -7.09765086e-07 -2.81085758e-02 ...  2.44820851e-03
  -2.69404595e-04  5.35606099e-04]
 [-9.46650009e-03  2.72690080e-04  8.04812038e-04 ... -2.69404595e-04
   2.48677716e-03  1.42503184e-04]
 [-1.08570539e-02  3.10240234e-04  1.66000927e-02 ...  5.35606099e-04
   1.42503184e-04  3.05186751e-03]]
[[ 2.42393032e-01  3.23160163e-01 -1.92359013e-03 ... -1.87138756e-01
   1.47258212e-04 -1.00429284e+00]
 [-9.27570260e-03 -9.62159400e-03  5.72723120e-05 ... -2.04594493e-01
   1.19300319e-04 -8.13426778e-01]
 [-1.50376240e-04 -3.51363209e-02 -3.40374893e-02 ... -1.25189788e-02
   7.25982881e-02 -7.22623066e-02]
 ...
 [ 5.37275965e-06  1.00201284e-04  1.51983125e-02 ... -3.02588471e-03
  -5.48403339e-02  1.13113659e-05]
 [ 7.25693740e-05 -9.92610970e-03 -1.00735653e-02 ...  1.71500679e-02
   3.65639729e-02 -3.59649949e-02]
 [ 9.31453267e-05 -1.12886613e-02  1.46924050e-02 ...  1.45508980e-02
  -5.27623043e-02 -4.15038509e-02]]
[2. 2. 2. 2. 2. 2. 2. 2. 2. 2. 2. 2. 2. 2. 2. 2. 0. 0. 0. 0. 0. 0. 0. 0.
 0. 0. 0. 0. 0. 0. 0. 0. 0. 0. 0. 0. 0. 0. 0. 0. 0. 0. 0. 0. 0. 0. 0. 0.
 0. 0. 0. 0. 0. 0. 0. 0. 0. 0. 0. 0. 0. 0. 0. 0. 0. 0. 0. 0. 0. 0. 0. 0.
 0. 0. 0. 0. 0. 0. 0. 0. 0. 0. 0. 0. 0. 0. 0. 0. 0. 0. 0. 0. 0. 0. 0. 0.
 0. 0. 0. 0. 0. 0. 0. 0.]
start SG
end SG -->  0.05477547645568848


******** <class 'pyscf.pbc.dft.rks.RKS'> ********
method = RKS
initial guess = minao
damping factor = 0
level_shift factor = 0
DIIS = <class 'pyscf.scf.diis.CDIIS'>
diis_start_cycle = 1
diis_space = 8
diis_damp = 0
SCF conv_tol = 1e-08
SCF conv_tol_grad = None
SCF max_cycles = 50
direct_scf = True
direct_scf_tol = 1e-13
chkfile to save SCF result = /central/scratch/yangjunjie/run-scf-spc-diamond-prim-1-2-2-fftisdf-ks-1-100-rcut_epsilon-1e-05-ke_epsilon-0.01-isdf_thresh-5e-05/48068303/tmpynyxj8os
max_memory 409600 MB (current use 165 MB)
******** PBC SCF flags ********
kpt = [0. 0. 0.]
Exchange divergence treatment (exxdiv) = None
DF object = <isdfx.isdfx.ISDFX object at 0x7f34b3de7d60>
XC functionals = PBE0
small_rho_cutoff = 1e-07
Set gradient conv threshold to 0.0001
nelec by numeric integration = 31.999999999294186
    CPU time for vxc      1.80 sec, wall time      1.81 sec
~/packages/PeriodicIntegrals/PeriodicIntegrals-junjie-benchmark/isdfx/isdfx.py +4733
[[ 5.10829564e-01 -1.37789682e-02 -2.25945214e-03 ...  4.53891936e-05
  -9.46650009e-03 -1.08570539e-02]
 [-1.37789682e-02  4.27285789e-04  7.14882829e-04 ... -7.09765086e-07
   2.72690080e-04  3.10240234e-04]
 [-2.25945214e-03  7.14882829e-04  7.33591631e-01 ... -2.81085758e-02
   8.04812038e-04  1.66000927e-02]
 ...
 [ 4.53891936e-05 -7.09765086e-07 -2.81085758e-02 ...  2.44820851e-03
  -2.69404595e-04  5.35606099e-04]
 [-9.46650009e-03  2.72690080e-04  8.04812038e-04 ... -2.69404595e-04
   2.48677716e-03  1.42503184e-04]
 [-1.08570539e-02  3.10240234e-04  1.66000927e-02 ...  5.35606099e-04
   1.42503184e-04  3.05186751e-03]]
[[ 2.42393032e-01  3.23160163e-01 -1.92359013e-03 ... -1.87138756e-01
   1.47258212e-04 -1.00429284e+00]
 [-9.27570260e-03 -9.62159400e-03  5.72723120e-05 ... -2.04594493e-01
   1.19300319e-04 -8.13426778e-01]
 [-1.50376240e-04 -3.51363209e-02 -3.40374893e-02 ... -1.25189788e-02
   7.25982881e-02 -7.22623066e-02]
 ...
 [ 5.37275965e-06  1.00201284e-04  1.51983125e-02 ... -3.02588471e-03
  -5.48403339e-02  1.13113659e-05]
 [ 7.25693740e-05 -9.92610970e-03 -1.00735653e-02 ...  1.71500679e-02
   3.65639729e-02 -3.59649949e-02]
 [ 9.31453267e-05 -1.12886613e-02  1.46924050e-02 ...  1.45508980e-02
  -5.27623043e-02 -4.15038509e-02]]
[2. 2. 2. 2. 2. 2. 2. 2. 2. 2. 2. 2. 2. 2. 2. 2. 0. 0. 0. 0. 0. 0. 0. 0.
 0. 0. 0. 0. 0. 0. 0. 0. 0. 0. 0. 0. 0. 0. 0. 0. 0. 0. 0. 0. 0. 0. 0. 0.
 0. 0. 0. 0. 0. 0. 0. 0. 0. 0. 0. 0. 0. 0. 0. 0. 0. 0. 0. 0. 0. 0. 0. 0.
 0. 0. 0. 0. 0. 0. 0. 0. 0. 0. 0. 0. 0. 0. 0. 0. 0. 0. 0. 0. 0. 0. 0. 0.
 0. 0. 0. 0. 0. 0. 0. 0.]
start SG
end SG -->  0.0538935661315918
    CPU time for vj and vk      2.96 sec, wall time      2.98 sec
E1 = 16.682090968380386  Ecoul = 4.928446343155724  Exc = -13.217367559618026
init E= -42.8423226400263
    CPU time for initialize scf      6.43 sec, wall time      6.46 sec
  HOMO = 0.575167923357301  LUMO = 0.855319119547322
  mo_energy =
[-0.26352589 -0.04884226 -0.04883236  0.04505581  0.04505667  0.06126621
  0.06325052  0.31613412  0.32367008  0.45211799  0.45212269  0.45933338
  0.4593355   0.56285274  0.57077603  0.57516792  0.85531912  0.85608738
  0.85846112  0.87670571  0.88225038  0.97648085  0.97648435  0.98046703
  0.98047496  1.0084114   1.00841545  1.1997624   1.29918842  1.30291816
  1.36188658  1.36188843  1.7262193   1.7262224   1.73430732  1.73528511
  1.76589747  1.76801242  1.92058264  1.92058945  1.92085501  1.92085997
  2.05271737  2.05388731  2.07334268  2.07334305  2.07502868  2.07502887
  2.3589116   2.35953378  2.42063343  2.42364296  2.42530137  2.49176841
  2.49216357  2.49229274  2.66454822  2.66454929  2.80537792  2.80805487
  2.91298852  2.91299465  2.94450456  2.94450739  2.94674389  2.94675185
  2.99073042  2.99073525  2.99264413  2.99265727  2.99408208  2.9970255
  3.03684452  3.03687828  3.28425359  3.28426339  3.44385324  3.4446254
  3.57550157  3.58005054  3.62687952  3.62688369  3.62912618  3.62912941
  3.74855279  3.74876972  3.74894682  4.52251117  4.5225661   4.52317978
  4.5231848   4.6376431   4.64047636  4.64155938  4.73898372  4.74213874
  8.71208919  9.04036406  9.0531149   9.05313959  9.05338986  9.05404659
  9.09795186  9.0982217 ]
nelec by numeric integration = 31.999999999294197
    CPU time for vxc      1.57 sec, wall time      1.57 sec
~/packages/PeriodicIntegrals/PeriodicIntegrals-junjie-benchmark/isdfx/isdfx.py +4733
[[ 5.10854219e-01 -1.37775623e-02 -2.26117615e-03 ...  4.07060503e-05
  -9.46784252e-03 -1.08559835e-02]
 [-1.37775623e-02  4.27183394e-04  7.17344241e-04 ... -5.91056792e-07
   2.72588379e-04  3.10088853e-04]
 [-2.26117615e-03  7.17344241e-04  7.33573524e-01 ... -2.81091840e-02
   8.04646423e-04  1.65987360e-02]
 ...
 [ 4.07060503e-05 -5.91056792e-07 -2.81091840e-02 ...  2.44857740e-03
  -2.68894789e-04  5.35888211e-04]
 [-9.46784252e-03  2.72588379e-04  8.04646423e-04 ... -2.68894789e-04
   2.48822218e-03  1.43095849e-04]
 [-1.08559835e-02  3.10088853e-04  1.65987360e-02 ...  5.35888211e-04
   1.43095849e-04  3.05218554e-03]]
[[ 2.42410776e-01  2.08061659e-03  3.23170072e-01 ... -1.59683230e-01
   1.46458067e-04 -1.00570689e+00]
 [-9.27501332e-03 -6.21248018e-05 -9.62042325e-03 ... -1.78894064e-01
   1.18740690e-04 -8.15383634e-01]
 [-1.53476498e-04 -3.44691734e-02 -3.47130260e-02 ... -1.32266229e-02
   7.24530235e-02 -7.21870355e-02]
 ...
 [-7.02890485e-07  1.51987275e-02 -9.59725496e-05 ... -3.11567964e-03
  -5.47950905e-02  4.90956900e-07]
 [ 7.18883031e-05 -1.01954725e-02 -9.80309729e-03 ...  1.87670683e-02
   3.65303755e-02 -3.60420876e-02]
 [ 9.69500501e-05  1.45510675e-02 -1.14655661e-02 ...  1.62663684e-02
  -5.27148270e-02 -4.16029966e-02]]
[2. 2. 2. 2. 2. 2. 2. 2. 2. 2. 2. 2. 2. 2. 2. 2. 0. 0. 0. 0. 0. 0. 0. 0.
 0. 0. 0. 0. 0. 0. 0. 0. 0. 0. 0. 0. 0. 0. 0. 0. 0. 0. 0. 0. 0. 0. 0. 0.
 0. 0. 0. 0. 0. 0. 0. 0. 0. 0. 0. 0. 0. 0. 0. 0. 0. 0. 0. 0. 0. 0. 0. 0.
 0. 0. 0. 0. 0. 0. 0. 0. 0. 0. 0. 0. 0. 0. 0. 0. 0. 0. 0. 0. 0. 0. 0. 0.
 0. 0. 0. 0. 0. 0. 0. 0.]
start SG
end SG -->  0.05332350730895996
    CPU time for vj and vk      3.03 sec, wall time      3.05 sec
E1 = 16.68189031213631  Ecoul = 4.92874472564876  Exc = -13.217465469227772
cycle= 1 E= -42.8423228233871  delta_E= -1.83e-07  |g|= 0.000122  |ddm|= 0.000723
    CPU time for cycle= 1      4.61 sec, wall time      4.63 sec
  HOMO = 0.575179195428809  LUMO = 0.855327888662219
  mo_energy =
[-0.26351871 -0.04883107 -0.04882885  0.04506129  0.04506404  0.06127227
  0.06325827  0.3161419   0.32367849  0.45212645  0.45213162  0.45934273
  0.45934338  0.56286188  0.57078389  0.5751792   0.85532789  0.85609369
  0.85846923  0.87671077  0.88225836  0.97648971  0.97649071  0.98047796
  0.98048006  1.00842096  1.00842196  1.19977484  1.29920001  1.30293124
  1.36189833  1.36190368  1.72622833  1.72623431  1.73431905  1.73529661
  1.76590335  1.76801647  1.9205943   1.92059648  1.92086465  1.92087008
  2.05272408  2.05389367  2.07334651  2.07335026  2.07503335  2.07503578
  2.35891734  2.3595384   2.42064164  2.42365162  2.42531085  2.49177904
  2.49217562  2.49230554  2.66455477  2.66455623  2.80538908  2.80806672
  2.91299873  2.91300561  2.94451732  2.94451752  2.94675983  2.94675987
  2.99074046  2.99074231  2.99265392  2.99266476  2.99408984  2.99703429
  3.03685415  3.03688843  3.28426136  3.28427387  3.44386318  3.44463487
  3.57551149  3.58005817  3.62689015  3.62689231  3.62913336  3.62913887
  3.74856138  3.74878135  3.7489577   4.52251846  4.52258     4.52319131
  4.52319163  4.63765339  4.64048789  4.64156839  4.73899304  4.74214936
  8.71211525  9.04039215  9.05314086  9.05320442  9.05342212  9.05402199
  9.0979838   9.09823891]
nelec by numeric integration = 31.99999999929419
    CPU time for vxc      1.59 sec, wall time      1.59 sec
~/packages/PeriodicIntegrals/PeriodicIntegrals-junjie-benchmark/isdfx/isdfx.py +4733
[[ 5.10834995e-01 -1.37747205e-02 -2.26695879e-03 ...  4.04933021e-05
  -9.46812244e-03 -1.08555910e-02]
 [-1.37747205e-02  4.27057944e-04  7.17811848e-04 ... -5.88357896e-07
   2.72590343e-04  3.10057777e-04]
 [-2.26695879e-03  7.17811848e-04  7.33564899e-01 ... -2.81077265e-02
   8.03917197e-04  1.65970937e-02]
 ...
 [ 4.04933021e-05 -5.88357896e-07 -2.81077265e-02 ...  2.44835851e-03
  -2.68838538e-04  5.35949585e-04]
 [-9.46812244e-03  2.72590343e-04  8.03917197e-04 ... -2.68838538e-04
   2.48823642e-03  1.43098153e-04]
 [-1.08555910e-02  3.10057777e-04  1.65970937e-02 ...  5.35949585e-04
   1.43098153e-04  3.05196373e-03]]
[[ 2.42369079e-01  8.60591209e-03 -3.23046438e-01 ... -1.55993556e-01
   1.60788459e-04 -1.00641546e+00]
 [-9.27313509e-03 -2.56357848e-04  9.61597180e-03 ... -1.75521349e-01
   1.30365664e-04 -8.16052567e-01]
 [-1.49266656e-04 -3.51613659e-02  3.39918956e-02 ... -1.33471202e-02
   7.24541612e-02 -7.22124325e-02]
 ...
 [-7.62900484e-07  1.51932081e-02  4.03412699e-04 ... -3.13132279e-03
  -5.47951205e-02 -4.50262428e-06]
 [ 7.29479543e-05 -1.03911123e-02  9.59329652e-03 ...  1.90389088e-02
   3.65309584e-02 -3.60759834e-02]
 [ 9.83186010e-05  1.43163047e-02  1.17549200e-02 ...  1.65540724e-02
  -5.27142734e-02 -4.16510945e-02]]
[2. 2. 2. 2. 2. 2. 2. 2. 2. 2. 2. 2. 2. 2. 2. 2. 0. 0. 0. 0. 0. 0. 0. 0.
 0. 0. 0. 0. 0. 0. 0. 0. 0. 0. 0. 0. 0. 0. 0. 0. 0. 0. 0. 0. 0. 0. 0. 0.
 0. 0. 0. 0. 0. 0. 0. 0. 0. 0. 0. 0. 0. 0. 0. 0. 0. 0. 0. 0. 0. 0. 0. 0.
 0. 0. 0. 0. 0. 0. 0. 0. 0. 0. 0. 0. 0. 0. 0. 0. 0. 0. 0. 0. 0. 0. 0. 0.
 0. 0. 0. 0. 0. 0. 0. 0.]
start SG
end SG -->  0.05120682716369629
    CPU time for vj and vk      3.04 sec, wall time      3.05 sec
E1 = 16.681918709870196  Ecoul = 4.928702929486247  Exc = -13.217452072293366
cycle= 2 E= -42.8423228248813  delta_E= -1.49e-09  |g|= 9.05e-05  |ddm|= 0.000173
    CPU time for cycle= 2      4.63 sec, wall time      4.65 sec
  HOMO = 0.575177746913945  LUMO = 0.855326830706794
  mo_energy =
[-0.26351968 -0.04883652 -0.04882527  0.04506138  0.04506197  0.06127148
  0.06325703  0.31614087  0.32367738  0.45212485  0.45213096  0.45934049
  0.45934289  0.56286069  0.57078239  0.57517775  0.85532683  0.85609264
  0.85846801  0.87671031  0.8822574   0.97648721  0.97649139  0.98047349
  0.98048213  1.00841777  1.00842276  1.19977306  1.29919814  1.30292936
  1.36189843  1.36189949  1.72622832  1.72623118  1.73431713  1.7352948
  1.76590271  1.76801574  1.92059042  1.92059768  1.92086352  1.92086843
  2.05272314  2.05389289  2.07334739  2.07334755  2.07503352  2.07503399
  2.35891632  2.35953762  2.42064045  2.42365036  2.42530958  2.49177738
  2.49217381  2.49230376  2.66455382  2.66455515  2.80538742  2.80806509
  2.91299766  2.91300359  2.94451412  2.94451738  2.94675364  2.94676269
  2.99073739  2.99074278  2.99265134  2.99266496  2.99408863  2.99703308
  3.03685295  3.036887    3.28426158  3.2842709   3.44386176  3.44463365
  3.57551031  3.58005688  3.62688752  3.62689245  3.62913336  3.62913633
  3.74855992  3.74877982  3.74895611  4.52252079  4.52257486  4.52318726
  4.52319285  4.63765187  4.6404865   4.64156684  4.73899163  4.74214791
  8.71211132  9.04038594  9.0531364   9.05316746  9.0534104   9.05406199
  9.0979723   9.09824378]
nelec by numeric integration = 31.99999999929421
    CPU time for vxc      1.60 sec, wall time      1.60 sec
~/packages/PeriodicIntegrals/PeriodicIntegrals-junjie-benchmark/isdfx/isdfx.py +4733
[[ 5.10846999e-01 -1.37762910e-02 -2.26258125e-03 ...  4.04052678e-05
  -9.46806423e-03 -1.08557823e-02]
 [-1.37762910e-02  4.27127644e-04  7.17376932e-04 ... -5.81438275e-07
   2.72578954e-04  3.10061539e-04]
 [-2.26258125e-03  7.17376932e-04  7.33570828e-01 ... -2.81084759e-02
   8.04003460e-04  1.65975604e-02]
 ...
 [ 4.04052678e-05 -5.81438275e-07 -2.81084759e-02 ...  2.44848428e-03
  -2.68831569e-04  5.35957961e-04]
 [-9.46806423e-03  2.72578954e-04  8.04003460e-04 ... -2.68831569e-04
   2.48831707e-03  1.43085140e-04]
 [-1.08557823e-02  3.10061539e-04  1.65975604e-02 ...  5.35957961e-04
   1.43085140e-04  3.05209923e-03]]
[[ 2.42403904e-01  1.72894490e-03  3.23168645e-01 ... -1.60326605e-01
   1.51294265e-04 -1.00580523e+00]
 [-9.27457238e-03 -5.16540715e-05 -9.61981791e-03 ... -1.79519337e-01
   1.22718180e-04 -8.15477135e-01]
 [-1.51750559e-04 -3.44312499e-02 -3.47457607e-02 ... -1.32153507e-02
   7.24532164e-02 -7.21902945e-02]
 ...
 [-7.77121323e-07  1.51987350e-02 -7.97352021e-05 ... -3.11505602e-03
  -5.47950295e-02 -2.50432107e-07]
 [ 7.20501943e-05 -1.01848532e-02 -9.81409252e-03 ...  1.87427831e-02
   3.65305298e-02 -3.60466962e-02]
 [ 9.72053361e-05  1.45635825e-02 -1.14493688e-02 ...  1.62396575e-02
  -5.27146122e-02 -4.16099224e-02]]
[2. 2. 2. 2. 2. 2. 2. 2. 2. 2. 2. 2. 2. 2. 2. 2. 0. 0. 0. 0. 0. 0. 0. 0.
 0. 0. 0. 0. 0. 0. 0. 0. 0. 0. 0. 0. 0. 0. 0. 0. 0. 0. 0. 0. 0. 0. 0. 0.
 0. 0. 0. 0. 0. 0. 0. 0. 0. 0. 0. 0. 0. 0. 0. 0. 0. 0. 0. 0. 0. 0. 0. 0.
 0. 0. 0. 0. 0. 0. 0. 0. 0. 0. 0. 0. 0. 0. 0. 0. 0. 0. 0. 0. 0. 0. 0. 0.
 0. 0. 0. 0. 0. 0. 0. 0.]
start SG
end SG -->  0.05195260047912598
    CPU time for vj and vk      3.03 sec, wall time      3.05 sec
E1 = 16.681914715067677  Ecoul = 4.928708805194191  Exc = -13.217453953594234
Extra cycle  E= -42.8423228252767  delta_E= -3.95e-10  |g|= 8.17e-05  |ddm|= 0.00015
    CPU time for scf_cycle     20.30 sec, wall time     20.38 sec
    CPU time for SCF     20.46 sec, wall time     20.54 sec
converged SCF energy = -42.8423228252767
Successfully saved all results to /central/scratch/yangjunjie//run-scf-spc-diamond-prim-1-2-2-fftisdf-ks-1-100-rcut_epsilon-1e-05-ke_epsilon-0.01-isdf_thresh-5e-05/48068303/scf.h5
