SLURMD_NODENAME = hpc-52-18
Start time = Wed Mar 19 05:13:06 PM PDT 2025
OMP_NUM_THREADS = 1
MKL_NUM_THREADS = 1
PYSCF_MAX_MEMORY = 409600
TMPDIR = /central/scratch/yangjunjie//run-scf-spc-diamond-prim-1-2-2-fftisdf-ks-1-100-rcut_epsilon-1e-05-ke_epsilon-0.01-isdf_thresh-5e-05/48100081/
PYSCF_TMPDIR = /central/scratch/yangjunjie//run-scf-spc-diamond-prim-1-2-2-fftisdf-ks-1-100-rcut_epsilon-1e-05-ke_epsilon-0.01-isdf_thresh-5e-05/48100081/

/home/junjiey/anaconda3/envs/fftisdf/bin/python
2.8.0
1.13.1
2.0.2
fft_engine = NUMPY+BLAS
name = diamond-prim
ke_cutoff =  1.00e+02
exxdiv = None
df = fftisdf-ks
chk_path = ../../../gdf-64/tmp/scf.h5
mesh = 1,2,2
rcut_epsilon =  1.00e-05
ke_epsilon =  1.00e-02
isdf_thresh =  5.00e-05

Discarded 6 diffused primitive functions, 0 contracted functions
ke_cutoff = 100.0
None

******** <class 'ISDFX'> ********
lin_dep_thresh: 1e-10
alpha_cutoff: 2.8
rcut_epsilon: 1e-05
ke_epsilon: 0.01
isdf_thresh: 5e-05
grid_vol_cutoff: 0.05
ke_step: 2.0
ao_tol: 1e-12
multigrid_on: True
direct_j: True
iterative_build: True
occRI: True
voronoi: True
fit_sparse_grid: False
fit_dense_grid: True
direct_k_sparse: True
direct_k: False
use_kpt_symm: False
kmesh: [1, 1, 1]
isdf_pts_from_q0: True
isdf_pts_from_gamma_point: False
alpha: None
do_real_isdf: False
N_xi: None
use_cell_periodic: False
isdf_thresh_sparse: None
ncopy: [1, 1, 1]
j_grid_mesh: None
k_grid_mesh: None
num_j_grids: 100
get_ao_from_pyscf: False
nuc_pp_version: 0
vppnl_ver: 0
universal_dense_grid: None
same_jk_grids: None
coulomb_only: False
max_memory   409600 MB (current use       90 MB)

Exchange function: getK_occRI  

cell mesh: [23 47 47]
nbas:  96
Grid     keMax    keMin    keGrid   expMax   expMin   nexp     lmax     PWs      mesh        
0        51.6     51.6     105.5    5.6      5.6      1        2        50807    [23 47 47]
1        19.5     3.2      19.5     2.1      0.3      3        2        4851     [11 21 21]
0        77.4     52.8     105.5    5.6      5.6      1        2        50807    [23 47 47]
1        29.2     14.6     29.2     2.1      2.1      1        2        8125     [13 25 25]
2        10.6     4.8      10.6     0.8      0.3      2        2        2025     [ 9 15 15]

ISDF

atm      grid     Ng       NI       Nxi      sharp    on_grid  diffuse  maxexp   minexp   lmax     lmin    
0        0        50807    2050     108      9        180      171      5.61     5.61     2        0       
1        0        50807    2060     112      9        180      171      5.61     5.61     2        0       
2        0        50807    2065     109      9        180      171      5.61     5.61     2        0       
3        0        50807    2065     109      9        180      171      5.61     5.61     2        0       
4        0        50807    2065     109      9        180      171      5.61     5.61     2        0       
5        0        50807    2065     109      9        180      171      5.61     5.61     2        0       
6        0        50807    2060     112      9        180      171      5.61     5.61     2        0       
7        0        50807    2050     108      9        180      171      5.61     5.61     2        0       
-        1        4851     4851     4851     216      216      216      2.11     0.35     2        0       
ISDF-pts:       0.77
ISDF-vec:       0.07
Fit dense grids ISDF:       0.84
Fit sparse grids ISDF:       0.00

Grid     PWs      Ng_i     N_xi     N_mu    
0        50807    16480    876      1440    
1        4851     4851     4851     216     

nTHC: 5727
Mem Required (MB):      37.45
Curent RAM Use (MB) :        152 

Build W
ISDF-fft dense grids (sec):       3.65
Curent RAM Use (MB) :        181 
ISDF-fft:       3.65

Initial guess from minao.
Big error detected in the electron number of initial guess density matrix (Ne/cell = 32.1244)!
  This can cause huge error in Fock matrix and lead to instability in SCF for low-dimensional systems.
  DM is normalized wrt the number of electrons 32
Successfully loaded dm0 from ../../../gdf-64/tmp/scf.h5
Successfully loaded h1e and s1e from ../../../gdf-64/tmp/scf.h5
~/packages/PeriodicIntegrals/PeriodicIntegrals-junjie-benchmark/isdfx/isdfx.py +4733
[[ 5.10829564e-01 -1.37789682e-02 -2.25945214e-03 ...  4.53891936e-05
  -9.46650009e-03 -1.08570539e-02]
 [-1.37789682e-02  4.27285789e-04  7.14882829e-04 ... -7.09765086e-07
   2.72690080e-04  3.10240234e-04]
 [-2.25945214e-03  7.14882829e-04  7.33591631e-01 ... -2.81085758e-02
   8.04812038e-04  1.66000927e-02]
 ...
 [ 4.53891936e-05 -7.09765086e-07 -2.81085758e-02 ...  2.44820851e-03
  -2.69404595e-04  5.35606099e-04]
 [-9.46650009e-03  2.72690080e-04  8.04812038e-04 ... -2.69404595e-04
   2.48677716e-03  1.42503184e-04]
 [-1.08570539e-02  3.10240234e-04  1.66000927e-02 ...  5.35606099e-04
   1.42503184e-04  3.05186751e-03]]
[[ 2.42393032e-01  3.23160163e-01 -1.92359012e-03 ... -1.87138756e-01
   1.47258213e-04 -1.00429284e+00]
 [-9.27570260e-03 -9.62159400e-03  5.72723118e-05 ... -2.04594493e-01
   1.19300320e-04 -8.13426778e-01]
 [-1.50376240e-04 -3.51363209e-02 -3.40374893e-02 ... -1.25189788e-02
   7.25982881e-02 -7.22623066e-02]
 ...
 [ 5.37275965e-06  1.00201284e-04  1.51983125e-02 ... -3.02588471e-03
  -5.48403339e-02  1.13113658e-05]
 [ 7.25693740e-05 -9.92610970e-03 -1.00735653e-02 ...  1.71500679e-02
   3.65639729e-02 -3.59649949e-02]
 [ 9.31453267e-05 -1.12886613e-02  1.46924050e-02 ...  1.45508980e-02
  -5.27623043e-02 -4.15038509e-02]]
[2. 2. 2. 2. 2. 2. 2. 2. 2. 2. 2. 2. 2. 2. 2. 2. 0. 0. 0. 0. 0. 0. 0. 0.
 0. 0. 0. 0. 0. 0. 0. 0. 0. 0. 0. 0. 0. 0. 0. 0. 0. 0. 0. 0. 0. 0. 0. 0.
 0. 0. 0. 0. 0. 0. 0. 0. 0. 0. 0. 0. 0. 0. 0. 0. 0. 0. 0. 0. 0. 0. 0. 0.
 0. 0. 0. 0. 0. 0. 0. 0. 0. 0. 0. 0. 0. 0. 0. 0. 0. 0. 0. 0. 0. 0. 0. 0.
 0. 0. 0. 0. 0. 0. 0. 0.]
~/packages/PeriodicIntegrals/PeriodicIntegrals-junjie-benchmark/isdfx/isdfx.py +4733
[[ 5.10829564e-01 -1.37789682e-02 -2.25945214e-03 ...  4.53891936e-05
  -9.46650009e-03 -1.08570539e-02]
 [-1.37789682e-02  4.27285789e-04  7.14882829e-04 ... -7.09765086e-07
   2.72690080e-04  3.10240234e-04]
 [-2.25945214e-03  7.14882829e-04  7.33591631e-01 ... -2.81085758e-02
   8.04812038e-04  1.66000927e-02]
 ...
 [ 4.53891936e-05 -7.09765086e-07 -2.81085758e-02 ...  2.44820851e-03
  -2.69404595e-04  5.35606099e-04]
 [-9.46650009e-03  2.72690080e-04  8.04812038e-04 ... -2.69404595e-04
   2.48677716e-03  1.42503184e-04]
 [-1.08570539e-02  3.10240234e-04  1.66000927e-02 ...  5.35606099e-04
   1.42503184e-04  3.05186751e-03]]
[[ 2.42393032e-01  3.23160163e-01 -1.92359012e-03 ... -1.87138756e-01
   1.47258213e-04 -1.00429284e+00]
 [-9.27570260e-03 -9.62159400e-03  5.72723118e-05 ... -2.04594493e-01
   1.19300320e-04 -8.13426778e-01]
 [-1.50376240e-04 -3.51363209e-02 -3.40374893e-02 ... -1.25189788e-02
   7.25982881e-02 -7.22623066e-02]
 ...
 [ 5.37275965e-06  1.00201284e-04  1.51983125e-02 ... -3.02588471e-03
  -5.48403339e-02  1.13113658e-05]
 [ 7.25693740e-05 -9.92610970e-03 -1.00735653e-02 ...  1.71500679e-02
   3.65639729e-02 -3.59649949e-02]
 [ 9.31453267e-05 -1.12886613e-02  1.46924050e-02 ...  1.45508980e-02
  -5.27623043e-02 -4.15038509e-02]]
[2. 2. 2. 2. 2. 2. 2. 2. 2. 2. 2. 2. 2. 2. 2. 2. 0. 0. 0. 0. 0. 0. 0. 0.
 0. 0. 0. 0. 0. 0. 0. 0. 0. 0. 0. 0. 0. 0. 0. 0. 0. 0. 0. 0. 0. 0. 0. 0.
 0. 0. 0. 0. 0. 0. 0. 0. 0. 0. 0. 0. 0. 0. 0. 0. 0. 0. 0. 0. 0. 0. 0. 0.
 0. 0. 0. 0. 0. 0. 0. 0. 0. 0. 0. 0. 0. 0. 0. 0. 0. 0. 0. 0. 0. 0. 0. 0.
 0. 0. 0. 0. 0. 0. 0. 0.]
start SG
end SG -->  0.050135135650634766


******** <class 'pyscf.pbc.dft.rks.RKS'> ********
method = RKS
initial guess = minao
damping factor = 0
level_shift factor = 0
DIIS = <class 'pyscf.scf.diis.CDIIS'>
diis_start_cycle = 1
diis_space = 8
diis_damp = 0
SCF conv_tol = 1e-08
SCF conv_tol_grad = None
SCF max_cycles = 50
direct_scf = True
direct_scf_tol = 1e-13
chkfile to save SCF result = /central/scratch/yangjunjie/run-scf-spc-diamond-prim-1-2-2-fftisdf-ks-1-100-rcut_epsilon-1e-05-ke_epsilon-0.01-isdf_thresh-5e-05/48100081/tmp5k8bn5la
max_memory 409600 MB (current use 165 MB)
******** PBC SCF flags ********
kpt = [0. 0. 0.]
Exchange divergence treatment (exxdiv) = None
DF object = <isdfx.isdfx.ISDFX object at 0x7fe965656490>
XC functionals = PBE0
small_rho_cutoff = 1e-07
Overwritten attributes  get_ovlp get_hcore  of <class 'pyscf.pbc.dft.rks.RKS'>
Set gradient conv threshold to 0.0001
nelec by numeric integration = 31.999999999294193
    CPU time for vxc      1.64 sec, wall time      1.65 sec
~/packages/PeriodicIntegrals/PeriodicIntegrals-junjie-benchmark/isdfx/isdfx.py +4733
[[ 5.10829564e-01 -1.37789682e-02 -2.25945214e-03 ...  4.53891936e-05
  -9.46650009e-03 -1.08570539e-02]
 [-1.37789682e-02  4.27285789e-04  7.14882829e-04 ... -7.09765086e-07
   2.72690080e-04  3.10240234e-04]
 [-2.25945214e-03  7.14882829e-04  7.33591631e-01 ... -2.81085758e-02
   8.04812038e-04  1.66000927e-02]
 ...
 [ 4.53891936e-05 -7.09765086e-07 -2.81085758e-02 ...  2.44820851e-03
  -2.69404595e-04  5.35606099e-04]
 [-9.46650009e-03  2.72690080e-04  8.04812038e-04 ... -2.69404595e-04
   2.48677716e-03  1.42503184e-04]
 [-1.08570539e-02  3.10240234e-04  1.66000927e-02 ...  5.35606099e-04
   1.42503184e-04  3.05186751e-03]]
[[ 2.42393032e-01  3.23160163e-01 -1.92359012e-03 ... -1.87138756e-01
   1.47258213e-04 -1.00429284e+00]
 [-9.27570260e-03 -9.62159400e-03  5.72723118e-05 ... -2.04594493e-01
   1.19300320e-04 -8.13426778e-01]
 [-1.50376240e-04 -3.51363209e-02 -3.40374893e-02 ... -1.25189788e-02
   7.25982881e-02 -7.22623066e-02]
 ...
 [ 5.37275965e-06  1.00201284e-04  1.51983125e-02 ... -3.02588471e-03
  -5.48403339e-02  1.13113658e-05]
 [ 7.25693740e-05 -9.92610970e-03 -1.00735653e-02 ...  1.71500679e-02
   3.65639729e-02 -3.59649949e-02]
 [ 9.31453267e-05 -1.12886613e-02  1.46924050e-02 ...  1.45508980e-02
  -5.27623043e-02 -4.15038509e-02]]
[2. 2. 2. 2. 2. 2. 2. 2. 2. 2. 2. 2. 2. 2. 2. 2. 0. 0. 0. 0. 0. 0. 0. 0.
 0. 0. 0. 0. 0. 0. 0. 0. 0. 0. 0. 0. 0. 0. 0. 0. 0. 0. 0. 0. 0. 0. 0. 0.
 0. 0. 0. 0. 0. 0. 0. 0. 0. 0. 0. 0. 0. 0. 0. 0. 0. 0. 0. 0. 0. 0. 0. 0.
 0. 0. 0. 0. 0. 0. 0. 0. 0. 0. 0. 0. 0. 0. 0. 0. 0. 0. 0. 0. 0. 0. 0. 0.
 0. 0. 0. 0. 0. 0. 0. 0.]
start SG
end SG -->  0.048326969146728516
    CPU time for vj and vk      2.77 sec, wall time      2.78 sec
E1 = 16.68209100902464  Ecoul = 4.928446343155727  Exc = -13.217367559618022
init E= -42.842322599382
    CPU time for initialize scf      4.42 sec, wall time      4.44 sec
  HOMO = 0.575167924483081  LUMO = 0.855319118147613
  mo_energy =
[-0.26352589 -0.04884226 -0.04883236  0.04505581  0.04505667  0.06126621
  0.06325052  0.31613412  0.32367008  0.45211799  0.45212269  0.45933338
  0.4593355   0.56285274  0.57077603  0.57516792  0.85531912  0.85608738
  0.85846112  0.87670571  0.88225038  0.97648085  0.97648435  0.98046703
  0.98047496  1.00841141  1.00841546  1.19976242  1.29918842  1.30291816
  1.36188659  1.36188844  1.7262193   1.7262224   1.73430732  1.73528511
  1.76589747  1.76801242  1.92058265  1.92058945  1.92085502  1.92085998
  2.05271737  2.05388731  2.07334269  2.07334305  2.07502868  2.07502888
  2.3589116   2.35953378  2.42063343  2.42364296  2.42530137  2.49176842
  2.49216356  2.49229273  2.66454823  2.6645493   2.80537792  2.80805488
  2.91298852  2.91299465  2.94450457  2.94450739  2.9467439   2.94675186
  2.99073042  2.99073525  2.99264414  2.99265728  2.9940821   2.99702552
  3.03684453  3.03687829  3.28425364  3.28426344  3.44385324  3.4446254
  3.57550158  3.58005056  3.62687951  3.62688369  3.62912618  3.62912941
  3.74855283  3.74876974  3.74894684  4.52251118  4.52256611  4.52317979
  4.52318481  4.63764305  4.64047632  4.64155934  4.73898379  4.74213883
  8.71208914  9.040364    9.05311484  9.05313953  9.05338981  9.05404654
  9.09795181  9.09822165]
nelec by numeric integration = 31.999999999294197
    CPU time for vxc      1.48 sec, wall time      1.48 sec
~/packages/PeriodicIntegrals/PeriodicIntegrals-junjie-benchmark/isdfx/isdfx.py +4733
[[ 5.10854214e-01 -1.37775605e-02 -2.26117686e-03 ...  4.07060228e-05
  -9.46784290e-03 -1.08559839e-02]
 [-1.37775605e-02  4.27183304e-04  7.17344054e-04 ... -5.91046728e-07
   2.72588356e-04  3.10088818e-04]
 [-2.26117686e-03  7.17344054e-04  7.33573524e-01 ... -2.81091843e-02
   8.04646658e-04  1.65987362e-02]
 ...
 [ 4.07060228e-05 -5.91046728e-07 -2.81091843e-02 ...  2.44857748e-03
  -2.68894827e-04  5.35888247e-04]
 [-9.46784290e-03  2.72588356e-04  8.04646658e-04 ... -2.68894827e-04
   2.48822223e-03  1.43095847e-04]
 [-1.08559839e-02  3.10088818e-04  1.65987362e-02 ...  5.35888247e-04
   1.43095847e-04  3.05218566e-03]]
[[ 2.42410777e-01  2.07737063e-03  3.23170091e-01 ... -1.59683519e-01
   1.47597389e-04 -1.00570685e+00]
 [-9.27501285e-03 -6.20281261e-05 -9.62042253e-03 ... -1.78894334e-01
   1.19664523e-04 -8.15383591e-01]
 [-1.53476650e-04 -3.44688256e-02 -3.47133734e-02 ... -1.32266168e-02
   7.24531059e-02 -7.21869524e-02]
 ...
 [-7.03019480e-07  1.51987292e-02 -9.58200074e-05 ... -3.11568398e-03
  -5.47950912e-02  4.28710240e-07]
 [ 7.18881894e-05 -1.01953745e-02 -9.80320035e-03 ...  1.87670546e-02
   3.65304165e-02 -3.60420446e-02]
 [ 9.69500949e-05  1.45511834e-02 -1.14654205e-02 ...  1.62663433e-02
  -5.27147803e-02 -4.16030534e-02]]
[2. 2. 2. 2. 2. 2. 2. 2. 2. 2. 2. 2. 2. 2. 2. 2. 0. 0. 0. 0. 0. 0. 0. 0.
 0. 0. 0. 0. 0. 0. 0. 0. 0. 0. 0. 0. 0. 0. 0. 0. 0. 0. 0. 0. 0. 0. 0. 0.
 0. 0. 0. 0. 0. 0. 0. 0. 0. 0. 0. 0. 0. 0. 0. 0. 0. 0. 0. 0. 0. 0. 0. 0.
 0. 0. 0. 0. 0. 0. 0. 0. 0. 0. 0. 0. 0. 0. 0. 0. 0. 0. 0. 0. 0. 0. 0. 0.
 0. 0. 0. 0. 0. 0. 0. 0.]
start SG
end SG -->  0.04919171333312988
    CPU time for vj and vk      2.78 sec, wall time      2.80 sec
E1 = 16.681890365541246  Ecoul = 4.9287447069127275  Exc = -13.217465463246398
cycle= 1 E= -42.8423227827368  delta_E= -1.83e-07  |g|= 0.000122  |ddm|= 0.000723
    CPU time for cycle= 1      4.27 sec, wall time      4.28 sec
  HOMO = 0.575179195753193  LUMO = 0.855327886762571
  mo_energy =
[-0.26351871 -0.04883107 -0.04882885  0.04506129  0.04506404  0.06127227
  0.06325827  0.3161419   0.32367849  0.45212645  0.45213163  0.45934273
  0.45934338  0.56286188  0.57078389  0.5751792   0.85532789  0.85609369
  0.85846922  0.87671077  0.88225836  0.97648971  0.97649071  0.98047796
  0.98048006  1.00842096  1.00842196  1.19977486  1.29920001  1.30293124
  1.36189833  1.36190368  1.72622833  1.72623431  1.73431905  1.73529661
  1.76590336  1.76801647  1.9205943   1.92059648  1.92086465  1.92087008
  2.05272408  2.05389367  2.07334651  2.07335026  2.07503335  2.07503578
  2.35891734  2.35953839  2.42064164  2.42365162  2.42531086  2.49177904
  2.49217561  2.49230553  2.66455477  2.66455624  2.80538908  2.80806673
  2.91299873  2.91300561  2.94451732  2.94451752  2.94675984  2.94675988
  2.99074046  2.99074231  2.99265392  2.99266477  2.99408987  2.99703431
  3.03685416  3.03688843  3.28426141  3.28427392  3.44386318  3.44463486
  3.5755115   3.58005818  3.62689015  3.6268923   3.62913335  3.62913887
  3.74856141  3.74878137  3.74895772  4.52251846  4.52258001  4.52319132
  4.52319163  4.63765334  4.64048785  4.64156835  4.73899312  4.74214944
  8.7121152   9.0403921   9.0531408   9.05320436  9.05342206  9.05402193
  9.09798374  9.09823886]
nelec by numeric integration = 31.9999999992942
    CPU time for vxc      1.47 sec, wall time      1.48 sec
~/packages/PeriodicIntegrals/PeriodicIntegrals-junjie-benchmark/isdfx/isdfx.py +4733
[[ 5.10834991e-01 -1.37747188e-02 -2.26695936e-03 ...  4.04932747e-05
  -9.46812283e-03 -1.08555914e-02]
 [-1.37747188e-02  4.27057857e-04  7.17811641e-04 ... -5.88347368e-07
   2.72590320e-04  3.10057742e-04]
 [-2.26695936e-03  7.17811641e-04  7.33564899e-01 ... -2.81077268e-02
   8.03917442e-04  1.65970940e-02]
 ...
 [ 4.04932747e-05 -5.88347368e-07 -2.81077268e-02 ...  2.44835860e-03
  -2.68838578e-04  5.35949623e-04]
 [-9.46812283e-03  2.72590320e-04  8.03917442e-04 ... -2.68838578e-04
   2.48823648e-03  1.43098152e-04]
 [-1.08555914e-02  3.10057742e-04  1.65970940e-02 ...  5.35949623e-04
   1.43098152e-04  3.05196386e-03]]
[[ 2.42369080e-01  8.59200958e-03 -3.23046805e-01 ... -1.55993882e-01
   1.61996110e-04 -1.00641541e+00]
 [-9.27313465e-03 -2.55943946e-04  9.61598151e-03 ... -1.75521652e-01
   1.31345006e-04 -8.16052514e-01]
 [-1.49266855e-04 -3.51599039e-02  3.39934101e-02 ... -1.33471130e-02
   7.24542485e-02 -7.22123442e-02]
 ...
 [-7.63029318e-07  1.51932263e-02  4.02758978e-04 ... -3.13132738e-03
  -5.47951212e-02 -4.56848343e-06]
 [ 7.29478255e-05 -1.03907000e-02  9.59374436e-03 ...  1.90388926e-02
   3.65310019e-02 -3.60759375e-02]
 [ 9.83186286e-05  1.43168114e-02  1.17543045e-02 ...  1.65540439e-02
  -5.27142239e-02 -4.16511541e-02]]
[2. 2. 2. 2. 2. 2. 2. 2. 2. 2. 2. 2. 2. 2. 2. 2. 0. 0. 0. 0. 0. 0. 0. 0.
 0. 0. 0. 0. 0. 0. 0. 0. 0. 0. 0. 0. 0. 0. 0. 0. 0. 0. 0. 0. 0. 0. 0. 0.
 0. 0. 0. 0. 0. 0. 0. 0. 0. 0. 0. 0. 0. 0. 0. 0. 0. 0. 0. 0. 0. 0. 0. 0.
 0. 0. 0. 0. 0. 0. 0. 0. 0. 0. 0. 0. 0. 0. 0. 0. 0. 0. 0. 0. 0. 0. 0. 0.
 0. 0. 0. 0. 0. 0. 0. 0.]
start SG
end SG -->  0.04801487922668457
    CPU time for vj and vk      2.78 sec, wall time      2.79 sec
E1 = 16.6819187614481  Ecoul = 4.928702913440195  Exc = -13.217452067174861
cycle= 2 E= -42.8423227842309  delta_E= -1.49e-09  |g|= 9.05e-05  |ddm|= 0.000173
    CPU time for cycle= 2      4.26 sec, wall time      4.27 sec
  HOMO = 0.575177747346777  LUMO = 0.85532682887835
  mo_energy =
[-0.26351968 -0.04883652 -0.04882527  0.04506138  0.04506197  0.06127148
  0.06325703  0.31614087  0.32367738  0.45212485  0.45213096  0.45934049
  0.45934289  0.56286069  0.57078239  0.57517775  0.85532683  0.85609263
  0.85846801  0.87671031  0.8822574   0.97648721  0.97649139  0.98047349
  0.98048213  1.00841778  1.00842276  1.19977308  1.29919814  1.30292937
  1.36189843  1.36189949  1.72622832  1.72623118  1.73431713  1.7352948
  1.76590271  1.76801574  1.92059042  1.92059769  1.92086352  1.92086843
  2.05272314  2.05389289  2.07334739  2.07334755  2.07503352  2.07503399
  2.35891632  2.35953761  2.42064045  2.42365036  2.42530958  2.49177739
  2.4921738   2.49230375  2.66455382  2.66455516  2.80538742  2.8080651
  2.91299765  2.91300359  2.94451413  2.94451738  2.94675365  2.9467627
  2.99073739  2.99074279  2.99265134  2.99266497  2.99408866  2.9970331
  3.03685296  3.036887    3.28426163  3.28427095  3.44386175  3.44463364
  3.57551032  3.58005689  3.62688751  3.62689245  3.62913336  3.62913632
  3.74855996  3.74877984  3.74895614  4.52252079  4.52257487  4.52318727
  4.52319285  4.63765182  4.64048646  4.64156679  4.7389917   4.74214799
  8.71211127  9.04038589  9.05313634  9.0531674   9.05341035  9.05406193
  9.09797225  9.09824373]
nelec by numeric integration = 31.999999999294197
    CPU time for vxc      1.47 sec, wall time      1.48 sec
~/packages/PeriodicIntegrals/PeriodicIntegrals-junjie-benchmark/isdfx/isdfx.py +4733
[[ 5.10846995e-01 -1.37762893e-02 -2.26258192e-03 ...  4.04052444e-05
  -9.46806462e-03 -1.08557827e-02]
 [-1.37762893e-02  4.27127555e-04  7.17376735e-04 ... -5.81427995e-07
   2.72578931e-04  3.10061503e-04]
 [-2.26258192e-03  7.17376735e-04  7.33570828e-01 ... -2.81084761e-02
   8.04003715e-04  1.65975607e-02]
 ...
 [ 4.04052444e-05 -5.81427995e-07 -2.81084761e-02 ...  2.44848436e-03
  -2.68831610e-04  5.35957998e-04]
 [-9.46806462e-03  2.72578931e-04  8.04003715e-04 ... -2.68831610e-04
   2.48831713e-03  1.43085139e-04]
 [-1.08557827e-02  3.10061503e-04  1.65975607e-02 ...  5.35957998e-04
   1.43085139e-04  3.05209935e-03]]
[[ 2.42403905e-01  1.72604694e-03  3.23168658e-01 ... -1.60326920e-01
   1.52428135e-04 -1.00580518e+00]
 [-9.27457191e-03 -5.15677617e-05 -9.61981705e-03 ... -1.79519630e-01
   1.23637610e-04 -8.15477091e-01]
 [-1.51750711e-04 -3.44309392e-02 -3.47460706e-02 ... -1.32153441e-02
   7.24532984e-02 -7.21902118e-02]
 ...
 [-7.77250853e-07  1.51987365e-02 -7.95990221e-05 ... -3.11506030e-03
  -5.47950302e-02 -3.12367930e-07]
 [ 7.20500820e-05 -1.01847657e-02 -9.81418450e-03 ...  1.87427679e-02
   3.65305706e-02 -3.60466534e-02]
 [ 9.72053825e-05  1.45636859e-02 -1.14492388e-02 ...  1.62396307e-02
  -5.27145657e-02 -4.16099788e-02]]
[2. 2. 2. 2. 2. 2. 2. 2. 2. 2. 2. 2. 2. 2. 2. 2. 0. 0. 0. 0. 0. 0. 0. 0.
 0. 0. 0. 0. 0. 0. 0. 0. 0. 0. 0. 0. 0. 0. 0. 0. 0. 0. 0. 0. 0. 0. 0. 0.
 0. 0. 0. 0. 0. 0. 0. 0. 0. 0. 0. 0. 0. 0. 0. 0. 0. 0. 0. 0. 0. 0. 0. 0.
 0. 0. 0. 0. 0. 0. 0. 0. 0. 0. 0. 0. 0. 0. 0. 0. 0. 0. 0. 0. 0. 0. 0. 0.
 0. 0. 0. 0. 0. 0. 0. 0.]
start SG
end SG -->  0.0480191707611084
    CPU time for vj and vk      2.78 sec, wall time      2.79 sec
E1 = 16.681914766912396  Ecoul = 4.9287087887517735  Exc = -13.217453948346183
Extra cycle  E= -42.8423227846264  delta_E= -3.95e-10  |g|= 8.17e-05  |ddm|= 0.00015
    CPU time for scf_cycle     17.20 sec, wall time     17.27 sec
    CPU time for SCF     17.26 sec, wall time     17.33 sec
converged SCF energy = -42.8423227846264
Successfully saved all results to /central/scratch/yangjunjie//run-scf-spc-diamond-prim-1-2-2-fftisdf-ks-1-100-rcut_epsilon-1e-05-ke_epsilon-0.01-isdf_thresh-5e-05/48100081/scf.h5
