SLURMD_NODENAME = hpc-35-10
Start time = Wed Mar 19 07:03:38 PM PDT 2025
OMP_NUM_THREADS = 1
MKL_NUM_THREADS = 1
PYSCF_MAX_MEMORY = 409600
TMPDIR = /central/scratch/yangjunjie//run-scf-spc-diamond-conv-1-1-1-fftisdf-ks-1-100-rcut_epsilon-1e-05-ke_epsilon-0.01-isdf_thresh-0.0005/48100100/
PYSCF_TMPDIR = /central/scratch/yangjunjie//run-scf-spc-diamond-conv-1-1-1-fftisdf-ks-1-100-rcut_epsilon-1e-05-ke_epsilon-0.01-isdf_thresh-0.0005/48100100/

/home/junjiey/anaconda3/envs/fftisdf/bin/python
2.8.0
1.13.1
2.0.2
fft_engine = NUMPY+BLAS
name = diamond-conv
ke_cutoff =  1.00e+02
exxdiv = None
df = fftisdf-ks
chk_path = ../../../gdf-64/tmp/scf.h5
mesh = 1,1,1
rcut_epsilon =  1.00e-05
ke_epsilon =  1.00e-02
isdf_thresh =  5.00e-04

Discarded 24 diffused primitive functions, 0 contracted functions
ke_cutoff = 100.0
None

******** <class 'ISDFX'> ********
lin_dep_thresh: 1e-10
alpha_cutoff: 2.8
rcut_epsilon: 1e-05
ke_epsilon: 0.01
isdf_thresh: 0.0005
grid_vol_cutoff: 0.05
ke_step: 2.0
ao_tol: 1e-12
multigrid_on: True
direct_j: True
iterative_build: True
occRI: True
voronoi: True
fit_sparse_grid: False
fit_dense_grid: True
direct_k_sparse: True
direct_k: False
use_kpt_symm: False
kmesh: [1, 1, 1]
isdf_pts_from_q0: True
isdf_pts_from_gamma_point: False
alpha: None
do_real_isdf: False
N_xi: None
use_cell_periodic: False
isdf_thresh_sparse: None
ncopy: [1, 1, 1]
j_grid_mesh: None
k_grid_mesh: None
num_j_grids: 100
get_ao_from_pyscf: False
nuc_pp_version: 0
vppnl_ver: 0
universal_dense_grid: None
same_jk_grids: None
coulomb_only: False
max_memory   409600 MB (current use       89 MB)

Exchange function: getK_occRI  

cell mesh: [33 33 33]
nbas:  96
Grid     keMax    keMin    keGrid   expMax   expMin   nexp     lmax     PWs      mesh        
0        51.6     51.6     111.6    5.6      5.6      1        2        35937    [33 33 33]
1        19.5     3.2      19.5     2.1      0.3      3        2        3375     [15 15 15]
0        77.4     55.8     111.6    5.6      5.6      1        2        35937    [33 33 33]
1        29.2     14.6     29.2     2.1      2.1      1        2        6859     [19 19 19]
2        10.6     4.8      10.6     0.8      0.3      2        2        1331     [11 11 11]

ISDF

atm      grid     Ng       NI       Nxi      sharp    on_grid  diffuse  maxexp   minexp   lmax     lmin    
0        0        35937    1462     81       9        198      189      5.61     5.61     2        0       
1        0        35937    1457     80       9        198      189      5.61     5.61     2        0       
2        0        35937    1462     81       9        198      189      5.61     5.61     2        0       
3        0        35937    1457     80       9        198      189      5.61     5.61     2        0       
4        0        35937    1462     81       9        198      189      5.61     5.61     2        0       
5        0        35937    1457     80       9        198      189      5.61     5.61     2        0       
6        0        35937    1472     80       9        198      189      5.61     5.61     2        0       
7        0        35937    1457     80       9        198      189      5.61     5.61     2        0       
-        1        3375     3375     3375     216      216      216      2.11     0.35     2        0       
ISDF-pts:       0.55
ISDF-vec:       0.05
Fit dense grids ISDF:       0.60
Fit sparse grids ISDF:       0.00

Grid     PWs      Ng_i     N_xi     N_mu    
0        35937    11686    643      1584    
1        3375     3375     3375     216     

nTHC: 4018
Mem Required (MB):      19.22
Curent RAM Use (MB) :        153 

Build W
ISDF-fft dense grids (sec):       1.44
Curent RAM Use (MB) :        229 
ISDF-fft:       1.44

Initial guess from minao.
Big error detected in the electron number of initial guess density matrix (Ne/cell = 31.9898)!
  This can cause huge error in Fock matrix and lead to instability in SCF for low-dimensional systems.
  DM is normalized wrt the number of electrons 32
Successfully loaded dm0 from ../../../gdf-64/tmp/scf.h5
Successfully loaded h1e and s1e from ../../../gdf-64/tmp/scf.h5
~/packages/PeriodicIntegrals/PeriodicIntegrals-junjie-benchmark/isdfx/isdfx.py +4733
[[ 5.38614370e-01 -1.50633325e-02 -1.38088700e-10 ...  2.03651275e-06
   6.10606872e-03  7.90547037e-13]
 [-1.50633325e-02  4.39251350e-04  7.08940027e-12 ... -5.07444375e-08
  -1.52141668e-04 -4.13526927e-14]
 [-1.38088700e-10  7.08940027e-12  6.47441210e-01 ...  2.21852154e-03
  -1.53611402e-03 -3.84850915e-03]
 ...
 [ 2.03651275e-06 -5.07444375e-08  2.21852154e-03 ...  2.61686732e-04
   6.27410991e-08 -9.56579945e-15]
 [ 6.10606872e-03 -1.52141668e-04 -1.53611402e-03 ...  6.27410991e-08
   2.24296688e-03  1.08670819e-07]
 [ 7.90547037e-13 -4.13526927e-14 -3.84850915e-03 ... -9.56579945e-15
   1.08670819e-07  2.61686732e-04]]
[[ 2.42245902e-01 -1.52984567e-01 -5.85991709e-07 ... -1.76275652e-08
  -4.42936099e-01  1.44593425e+00]
 [-9.42629767e-03  3.81141176e-03  1.45893293e-08 ... -1.75289586e-08
  -4.07304030e-01  1.32961583e+00]
 [ 1.54482824e-11  5.31639720e-07 -1.18991499e-01 ...  5.36005452e-02
   5.03972825e-11  1.02676674e-10]
 ...
 [-6.10676715e-12  3.55441815e-10  1.17944720e-03 ... -1.59699511e-05
  -3.58310075e-06  1.16967845e-05]
 [ 6.11259860e-08 -6.65319911e-03  5.81353136e-07 ...  1.00183704e-04
   8.59264029e-02 -1.97879073e-02]
 [ 2.02375181e-12 -1.01463572e-09 -5.07643874e-04 ... -2.52301093e-05
  -1.16967812e-05 -3.58309898e-06]]
[2. 2. 2. 2. 2. 2. 2. 2. 2. 2. 2. 2. 2. 2. 2. 2. 0. 0. 0. 0. 0. 0. 0. 0.
 0. 0. 0. 0. 0. 0. 0. 0. 0. 0. 0. 0. 0. 0. 0. 0. 0. 0. 0. 0. 0. 0. 0. 0.
 0. 0. 0. 0. 0. 0. 0. 0. 0. 0. 0. 0. 0. 0. 0. 0. 0. 0. 0. 0. 0. 0. 0. 0.
 0. 0. 0. 0. 0. 0. 0. 0. 0. 0. 0. 0. 0. 0. 0. 0. 0. 0. 0. 0. 0. 0. 0. 0.
 0. 0. 0. 0. 0. 0. 0. 0.]
~/packages/PeriodicIntegrals/PeriodicIntegrals-junjie-benchmark/isdfx/isdfx.py +4733
[[ 5.38614370e-01 -1.50633325e-02 -1.38088700e-10 ...  2.03651275e-06
   6.10606872e-03  7.90547037e-13]
 [-1.50633325e-02  4.39251350e-04  7.08940027e-12 ... -5.07444375e-08
  -1.52141668e-04 -4.13526927e-14]
 [-1.38088700e-10  7.08940027e-12  6.47441210e-01 ...  2.21852154e-03
  -1.53611402e-03 -3.84850915e-03]
 ...
 [ 2.03651275e-06 -5.07444375e-08  2.21852154e-03 ...  2.61686732e-04
   6.27410991e-08 -9.56579945e-15]
 [ 6.10606872e-03 -1.52141668e-04 -1.53611402e-03 ...  6.27410991e-08
   2.24296688e-03  1.08670819e-07]
 [ 7.90547037e-13 -4.13526927e-14 -3.84850915e-03 ... -9.56579945e-15
   1.08670819e-07  2.61686732e-04]]
[[ 2.42245902e-01 -1.52984567e-01 -5.85991709e-07 ... -1.76275652e-08
  -4.42936099e-01  1.44593425e+00]
 [-9.42629767e-03  3.81141176e-03  1.45893293e-08 ... -1.75289586e-08
  -4.07304030e-01  1.32961583e+00]
 [ 1.54482824e-11  5.31639720e-07 -1.18991499e-01 ...  5.36005452e-02
   5.03972825e-11  1.02676674e-10]
 ...
 [-6.10676715e-12  3.55441815e-10  1.17944720e-03 ... -1.59699511e-05
  -3.58310075e-06  1.16967845e-05]
 [ 6.11259860e-08 -6.65319911e-03  5.81353136e-07 ...  1.00183704e-04
   8.59264029e-02 -1.97879073e-02]
 [ 2.02375181e-12 -1.01463572e-09 -5.07643874e-04 ... -2.52301093e-05
  -1.16967812e-05 -3.58309898e-06]]
[2. 2. 2. 2. 2. 2. 2. 2. 2. 2. 2. 2. 2. 2. 2. 2. 0. 0. 0. 0. 0. 0. 0. 0.
 0. 0. 0. 0. 0. 0. 0. 0. 0. 0. 0. 0. 0. 0. 0. 0. 0. 0. 0. 0. 0. 0. 0. 0.
 0. 0. 0. 0. 0. 0. 0. 0. 0. 0. 0. 0. 0. 0. 0. 0. 0. 0. 0. 0. 0. 0. 0. 0.
 0. 0. 0. 0. 0. 0. 0. 0. 0. 0. 0. 0. 0. 0. 0. 0. 0. 0. 0. 0. 0. 0. 0. 0.
 0. 0. 0. 0. 0. 0. 0. 0.]
start SG
end SG -->  0.04923415184020996


******** <class 'pyscf.pbc.dft.rks.RKS'> ********
method = RKS
initial guess = minao
damping factor = 0
level_shift factor = 0
DIIS = <class 'pyscf.scf.diis.CDIIS'>
diis_start_cycle = 1
diis_space = 8
diis_damp = 0
SCF conv_tol = 1e-08
SCF conv_tol_grad = None
SCF max_cycles = 50
direct_scf = True
direct_scf_tol = 1e-13
chkfile to save SCF result = /central/scratch/yangjunjie/run-scf-spc-diamond-conv-1-1-1-fftisdf-ks-1-100-rcut_epsilon-1e-05-ke_epsilon-0.01-isdf_thresh-0.0005/48100100/tmpcna5f5w0
max_memory 409600 MB (current use 229 MB)
******** PBC SCF flags ********
kpt = [0. 0. 0.]
Exchange divergence treatment (exxdiv) = None
DF object = <isdfx.isdfx.ISDFX object at 0x7f39390e6490>
XC functionals = PBE0
small_rho_cutoff = 1e-07
Overwritten attributes  get_ovlp get_hcore  of <class 'pyscf.pbc.dft.rks.RKS'>
Set gradient conv threshold to 0.0001
nelec by numeric integration = 31.99999999816238
    CPU time for vxc      1.52 sec, wall time      1.53 sec
~/packages/PeriodicIntegrals/PeriodicIntegrals-junjie-benchmark/isdfx/isdfx.py +4733
[[ 5.38614370e-01 -1.50633325e-02 -1.38088700e-10 ...  2.03651275e-06
   6.10606872e-03  7.90547037e-13]
 [-1.50633325e-02  4.39251350e-04  7.08940027e-12 ... -5.07444375e-08
  -1.52141668e-04 -4.13526927e-14]
 [-1.38088700e-10  7.08940027e-12  6.47441210e-01 ...  2.21852154e-03
  -1.53611402e-03 -3.84850915e-03]
 ...
 [ 2.03651275e-06 -5.07444375e-08  2.21852154e-03 ...  2.61686732e-04
   6.27410991e-08 -9.56579945e-15]
 [ 6.10606872e-03 -1.52141668e-04 -1.53611402e-03 ...  6.27410991e-08
   2.24296688e-03  1.08670819e-07]
 [ 7.90547037e-13 -4.13526927e-14 -3.84850915e-03 ... -9.56579945e-15
   1.08670819e-07  2.61686732e-04]]
[[ 2.42245902e-01 -1.52984567e-01 -5.85991709e-07 ... -1.76275652e-08
  -4.42936099e-01  1.44593425e+00]
 [-9.42629767e-03  3.81141176e-03  1.45893293e-08 ... -1.75289586e-08
  -4.07304030e-01  1.32961583e+00]
 [ 1.54482824e-11  5.31639720e-07 -1.18991499e-01 ...  5.36005452e-02
   5.03972825e-11  1.02676674e-10]
 ...
 [-6.10676715e-12  3.55441815e-10  1.17944720e-03 ... -1.59699511e-05
  -3.58310075e-06  1.16967845e-05]
 [ 6.11259860e-08 -6.65319911e-03  5.81353136e-07 ...  1.00183704e-04
   8.59264029e-02 -1.97879073e-02]
 [ 2.02375181e-12 -1.01463572e-09 -5.07643874e-04 ... -2.52301093e-05
  -1.16967812e-05 -3.58309898e-06]]
[2. 2. 2. 2. 2. 2. 2. 2. 2. 2. 2. 2. 2. 2. 2. 2. 0. 0. 0. 0. 0. 0. 0. 0.
 0. 0. 0. 0. 0. 0. 0. 0. 0. 0. 0. 0. 0. 0. 0. 0. 0. 0. 0. 0. 0. 0. 0. 0.
 0. 0. 0. 0. 0. 0. 0. 0. 0. 0. 0. 0. 0. 0. 0. 0. 0. 0. 0. 0. 0. 0. 0. 0.
 0. 0. 0. 0. 0. 0. 0. 0. 0. 0. 0. 0. 0. 0. 0. 0. 0. 0. 0. 0. 0. 0. 0. 0.
 0. 0. 0. 0. 0. 0. 0. 0.]
start SG
end SG -->  0.04953575134277344
    CPU time for vj and vk      0.91 sec, wall time      0.92 sec
E1 = 16.309618171615103  Ecoul = 4.644916707432974  Exc = -12.983026657881656
init E= -43.2639841707778
    CPU time for initialize scf      2.45 sec, wall time      2.46 sec
  HOMO = 0.569491112981338  LUMO = 0.849406380784081
  mo_energy =
[-0.26075964  0.06383768  0.06384517  0.0638454   0.06384607  0.06384996
  0.06385015  0.32174128  0.32174189  0.32174241  0.32175887  0.32175975
  0.32176051  0.56949015  0.56949052  0.56949111  0.84940638  0.84940641
  0.84940641  0.87503104  0.87503106  0.87504787  0.87504789  0.87504792
  0.8750832   1.18885212  1.28867626  1.28867634  1.28867636  1.28874806
  1.28874807  1.28874813  1.72484542  1.72490627  1.72490634  1.72490641
  1.72493192  1.72493196  1.76177849  1.76177849  2.04657153  2.0465716
  2.0465718   2.04661662  2.04661678  2.04661683  2.35116023  2.35173801
  2.35173801  2.35173801  2.35202817  2.35202817  2.41502573  2.41502574
  2.41502574  2.48154372  2.48154404  2.48154407  2.79655356  2.79655366
  2.7965537   2.79662775  2.7966278   2.79662795  2.98806927  2.9881413
  2.98814135  2.98814138  2.98817708  2.98817709  3.02867953  3.02867997
  3.02868011  3.02876742  3.02876754  3.02876787  3.43655092  3.4365511
  3.43671511  3.43671531  3.43671553  3.43703576  3.56986422  3.56986423
  3.73926389  3.73926395  3.7392646   4.63028265  4.63028266  4.6302827
  4.73134267  4.73134269  4.73134271  4.73164125  4.73164126  4.7316413
  8.68933329  9.01502833  9.02621861  9.03138326  9.03138341  9.03138356
  9.03519903  9.03519916]
nelec by numeric integration = 31.999999998162348
    CPU time for vxc      1.37 sec, wall time      1.37 sec
~/packages/PeriodicIntegrals/PeriodicIntegrals-junjie-benchmark/isdfx/isdfx.py +4733
[[ 5.38654416e-01 -1.50635204e-02  1.51520114e-06 ...  1.81884571e-05
   6.10871596e-03  2.22813024e-07]
 [-1.50635204e-02  4.39209150e-04  9.99996225e-08 ... -4.52216310e-07
  -1.52246402e-04 -1.01202282e-08]
 [ 1.51520114e-06  9.99996225e-08  6.47375471e-01 ...  2.17999884e-03
  -1.53948084e-03 -3.83506690e-03]
 ...
 [ 1.81884571e-05 -4.52216310e-07  2.17999884e-03 ...  2.61628261e-04
   1.75321090e-06  2.67153267e-10]
 [ 6.10871596e-03 -1.52246402e-04 -1.53948084e-03 ...  1.75321090e-06
   2.24329049e-03  3.26814070e-06]
 [ 2.22813024e-07 -1.01202282e-08 -3.83506690e-03 ...  2.67153267e-10
   3.26814070e-06  2.61640783e-04]]
[[ 2.42247974e-01 -1.53767426e-01  2.98558503e-02 ... -2.08538294e-06
   1.46026433e+00 -3.91240366e-01]
 [-9.42437982e-03  3.83213556e-03 -7.43938932e-04 ... -2.12084987e-06
   1.34334164e+00 -3.59913750e-01]
 [ 5.23742415e-07 -2.63346728e-03 -1.95891888e-01 ...  2.93033059e-02
  -6.67021221e-07  5.47975894e-07]
 ...
 [-8.79123925e-07 -3.97623265e-04 -4.91135412e-03 ...  5.85362375e-03
   2.17518456e-05 -5.69727648e-06]
 [ 3.37237777e-06 -6.72822491e-03 -6.27503672e-04 ...  9.91041483e-05
  -6.23205181e-02 -6.23236640e-02]
 [ 3.01041993e-07 -2.13067057e-04  1.02028100e-02 ... -6.95324594e-03
   5.70043976e-06  2.17456488e-05]]
[2. 2. 2. 2. 2. 2. 2. 2. 2. 2. 2. 2. 2. 2. 2. 2. 0. 0. 0. 0. 0. 0. 0. 0.
 0. 0. 0. 0. 0. 0. 0. 0. 0. 0. 0. 0. 0. 0. 0. 0. 0. 0. 0. 0. 0. 0. 0. 0.
 0. 0. 0. 0. 0. 0. 0. 0. 0. 0. 0. 0. 0. 0. 0. 0. 0. 0. 0. 0. 0. 0. 0. 0.
 0. 0. 0. 0. 0. 0. 0. 0. 0. 0. 0. 0. 0. 0. 0. 0. 0. 0. 0. 0. 0. 0. 0. 0.
 0. 0. 0. 0. 0. 0. 0. 0.]
start SG
end SG -->  0.03382587432861328
    CPU time for vj and vk      0.74 sec, wall time      0.75 sec
E1 = 16.30949597431127  Ecoul = 4.645098291989568  Exc = -12.983086450750035
cycle= 1 E= -43.2639845763934  delta_E= -4.06e-07  |g|= 0.000201  |ddm|= 0.00108
    CPU time for cycle= 1      2.12 sec, wall time      2.13 sec
  HOMO = 0.569497260102767  LUMO = 0.849411165037779
  mo_energy =
[-0.26075535  0.06381702  0.06385006  0.06385025  0.06385094  0.06386586
  0.06386621  0.32173789  0.3217384   0.32173894  0.32177223  0.3217732
  0.3217738   0.56949624  0.56949653  0.56949726  0.84941117  0.84941131
  0.84941133  0.87503188  0.87503223  0.87505109  0.87505152  0.87505191
  0.8750905   1.18885991  1.28867862  1.2886788   1.28867905  1.28876133
  1.28876161  1.28876194  1.72486224  1.72491119  1.72491136  1.72491151
  1.72493972  1.72493992  1.76178193  1.76178196  2.04656221  2.04656228
  2.04656258  2.04663378  2.046634    2.04663416  2.35116773  2.35174412
  2.35174414  2.35174461  2.35202809  2.35202822  2.41503103  2.41503114
  2.41503116  2.4815511   2.48155153  2.4815516   2.79657112  2.79657144
  2.79657154  2.79662422  2.7966244   2.79662468  2.98808369  2.98814748
  2.98814768  2.98814786  2.98817746  2.98817774  3.02867635  3.02867692
  3.02867708  3.02878181  3.02878197  3.02878218  3.43654855  3.43654893
  3.436721    3.4367212   3.43672154  3.43705947  3.56987075  3.5698708
  3.73927048  3.73927052  3.739271    4.63028846  4.63028847  4.63028852
  4.7313577   4.73135798  4.73135805  4.73163779  4.73163796  4.73163807
  8.68934785  9.01499446  9.02621849  9.03140918  9.03141017  9.0314113
  9.03522842  9.03522907]
nelec by numeric integration = 31.999999998162505
    CPU time for vxc      0.95 sec, wall time      0.95 sec
~/packages/PeriodicIntegrals/PeriodicIntegrals-junjie-benchmark/isdfx/isdfx.py +4733
[[ 5.38636577e-01 -1.50614211e-02  1.17438550e-06 ...  1.64650272e-05
   6.10899729e-03  3.05319374e-07]
 [-1.50614211e-02  4.39116218e-04  1.29866561e-07 ... -4.09938798e-07
  -1.52250918e-04 -1.20679557e-08]
 [ 1.17438550e-06  1.29866561e-07  6.47361893e-01 ...  2.18260803e-03
  -1.53956591e-03 -3.83535086e-03]
 ...
 [ 1.64650272e-05 -4.09938798e-07  2.18260803e-03 ...  2.61614387e-04
   1.65011940e-06  6.82858449e-11]
 [ 6.10899729e-03 -1.52250918e-04 -1.53956591e-03 ...  1.65011940e-06
   2.24328320e-03  3.10165604e-06]
 [ 3.05319374e-07 -1.20679557e-08 -3.83535086e-03 ...  6.82858449e-11
   3.10165604e-06  2.61628235e-04]]
[[ 2.42231647e-01 -1.53807571e-01  7.00152587e-04 ... -3.16036165e-05
  -1.28154892e+00 -8.01899368e-01]
 [-9.42401657e-03  3.83458021e-03 -1.72384176e-05 ... -3.11958379e-05
  -1.17893748e+00 -7.37690553e-01]
 [ 3.86286047e-07  1.61288791e-03  6.36982870e-02 ...  2.39429831e-02
   1.03737963e-06 -4.44946234e-07]
 ...
 [-8.40988166e-07 -3.42907032e-05 -6.94548935e-03 ...  4.79517625e-03
  -1.86423149e-05 -1.18772940e-05]
 [ 3.24479317e-06 -6.70191287e-03 -1.76904866e-05 ...  9.33326122e-05
  -3.13172376e-03  8.80790163e-02]
 [ 2.91104001e-07 -4.76243632e-05 -9.04540694e-03 ... -9.63384579e-03
   1.18101441e-05 -1.87911372e-05]]
[2. 2. 2. 2. 2. 2. 2. 2. 2. 2. 2. 2. 2. 2. 2. 2. 0. 0. 0. 0. 0. 0. 0. 0.
 0. 0. 0. 0. 0. 0. 0. 0. 0. 0. 0. 0. 0. 0. 0. 0. 0. 0. 0. 0. 0. 0. 0. 0.
 0. 0. 0. 0. 0. 0. 0. 0. 0. 0. 0. 0. 0. 0. 0. 0. 0. 0. 0. 0. 0. 0. 0. 0.
 0. 0. 0. 0. 0. 0. 0. 0. 0. 0. 0. 0. 0. 0. 0. 0. 0. 0. 0. 0. 0. 0. 0. 0.
 0. 0. 0. 0. 0. 0. 0. 0.]
start SG
end SG -->  0.03194832801818848
    CPU time for vj and vk      0.65 sec, wall time      0.65 sec
E1 = 16.309514542465912  Ecoul = 4.645070895490379  Exc = -12.9830776220109
cycle= 2 E= -43.2639845759988  delta_E= 3.95e-10  |g|= 0.000211  |ddm|= 0.000314
    CPU time for cycle= 2      1.60 sec, wall time      1.61 sec
  HOMO = 0.569496810251953  LUMO = 0.849410828025528
  mo_energy =
[-0.26075567  0.06383437  0.06384942  0.06384961  0.0638502   0.06385735
  0.06385744  0.32174398  0.32174451  0.32174496  0.3217655   0.32176638
  0.32176696  0.5694958   0.56949608  0.56949681  0.84941083  0.84941097
  0.84941097  0.87503137  0.87503167  0.87505074  0.87505107  0.87505136
  0.87509126  1.18885933  1.28868468  1.28868471  1.28868506  1.28875423
  1.28875435  1.28875472  1.72485958  1.72491248  1.72491266  1.72491279
  1.7249374   1.72493758  1.76178169  1.76178173  2.0465691   2.04656919
  2.04656934  2.04662643  2.04662654  2.04662665  2.35115881  2.35174255
  2.35174269  2.35174299  2.35203402  2.35203424  2.41503063  2.41503073
  2.41503075  2.48155054  2.48155097  2.48155103  2.79656324  2.79656342
  2.79656354  2.79663115  2.79663137  2.79663151  2.98808309  2.98814671
  2.98814685  2.98814703  2.98817784  2.98817808  3.02868177  3.02868234
  3.02868249  3.02877548  3.02877571  3.02877593  3.43655173  3.43655201
  3.4367207   3.43672084  3.43672118  3.43705155  3.56987043  3.56987047
  3.73926999  3.73927003  3.73927052  4.63028802  4.63028803  4.63028807
  4.73135075  4.73135088  4.73135097  4.73164392  4.73164403  4.73164409
  8.68934732  9.01503476  9.02622623  9.0314045   9.03140496  9.03140581
  9.03520719  9.03520721]
nelec by numeric integration = 31.999999998162433
    CPU time for vxc      0.96 sec, wall time      0.96 sec
~/packages/PeriodicIntegrals/PeriodicIntegrals-junjie-benchmark/isdfx/isdfx.py +4733
[[ 5.38647228e-01 -1.50626101e-02  1.45656305e-06 ...  1.75612708e-05
   6.10899380e-03  2.79880266e-07]
 [-1.50626101e-02  4.39170683e-04  9.92418996e-08 ... -4.37265695e-07
  -1.52256327e-04 -1.13844824e-08]
 [ 1.45656305e-06  9.92418996e-08  6.47366470e-01 ...  2.18089127e-03
  -1.53939727e-03 -3.83502307e-03]
 ...
 [ 1.75612708e-05 -4.37265695e-07  2.18089127e-03 ...  2.61617310e-04
   1.72236393e-06  1.54497653e-10]
 [ 6.10899380e-03 -1.52256327e-04 -1.53939727e-03 ...  1.72236393e-06
   2.24328079e-03  3.22691278e-06]
 [ 2.79880266e-07 -1.13844824e-08 -3.83502307e-03 ...  1.54497653e-10
   3.22691278e-06  2.61630904e-04]]
[[ 2.42241668e-01 -1.53824283e-01  1.27987149e-02 ... -2.88266557e-05
  -1.60119871e-02  1.51168793e+00]
 [-9.42440167e-03  3.83447567e-03 -3.18957021e-04 ... -2.86485033e-05
  -1.47298961e-02  1.39064866e+00]
 [ 3.57995483e-07  2.00407424e-03 -1.65562134e-01 ...  4.25115894e-02
  -8.19904509e-07 -6.86797595e-07]
 ...
 [-8.52706044e-07 -1.01364874e-04 -3.57574919e-07 ...  5.32005280e-04
  -4.01381771e-07  2.22086706e-05]
 [ 3.55347970e-06 -6.70917808e-03 -8.89277226e-05 ...  1.03003676e-04
   7.67911053e-02 -4.32574603e-02]
 [ 2.97289594e-07 -9.88626105e-05  1.14253562e-02 ... -4.61479801e-03
  -2.22725137e-05 -2.99099100e-07]]
[2. 2. 2. 2. 2. 2. 2. 2. 2. 2. 2. 2. 2. 2. 2. 2. 0. 0. 0. 0. 0. 0. 0. 0.
 0. 0. 0. 0. 0. 0. 0. 0. 0. 0. 0. 0. 0. 0. 0. 0. 0. 0. 0. 0. 0. 0. 0. 0.
 0. 0. 0. 0. 0. 0. 0. 0. 0. 0. 0. 0. 0. 0. 0. 0. 0. 0. 0. 0. 0. 0. 0. 0.
 0. 0. 0. 0. 0. 0. 0. 0. 0. 0. 0. 0. 0. 0. 0. 0. 0. 0. 0. 0. 0. 0. 0. 0.
 0. 0. 0. 0. 0. 0. 0. 0.]
start SG
end SG -->  0.03309941291809082
    CPU time for vj and vk      0.62 sec, wall time      0.62 sec
E1 = 16.30951306958239  Ecoul = 4.6450730928667525  Exc = -12.98307835723077
cycle= 3 E= -43.2639845867258  delta_E= -1.07e-08  |g|= 2.51e-05  |ddm|= 0.000182
    CPU time for cycle= 3      1.59 sec, wall time      1.59 sec
  HOMO = 0.569496469500866  LUMO = 0.8494105568808
  mo_energy =
[-0.26075592  0.06383192  0.06384924  0.06384939  0.06385     0.0638581
  0.06385823  0.32174255  0.32174306  0.32174356  0.32176638  0.32176727
  0.32176787  0.56949546  0.56949574  0.56949647  0.84941056  0.84941069
  0.84941069  0.87503227  0.87503252  0.87505061  0.87505089  0.87505112
  0.87508882  1.18885889  1.28868276  1.28868281  1.2886831   1.28875528
  1.28875538  1.28875568  1.72485893  1.72491176  1.72491194  1.72491207
  1.72493749  1.72493765  1.76178154  1.76178157  2.04656799  2.04656807
  2.04656822  2.04662711  2.04662723  2.04662733  2.35116029  2.35174256
  2.35174268  2.35174296  2.35203273  2.3520329   2.41503033  2.41503042
  2.41503043  2.48155013  2.48155055  2.48155061  2.79656419  2.79656438
  2.79656446  2.79662942  2.7966296   2.79662975  2.98808211  2.98814651
  2.98814661  2.98814679  2.98817782  2.98817803  3.02868042  3.02868098
  3.02868113  3.02877618  3.02877639  3.02877664  3.4365515   3.43655177
  3.43672039  3.43672049  3.43672082  3.43705112  3.56987015  3.56987019
  3.73926962  3.73926966  3.73927016  4.63028763  4.63028764  4.63028769
  4.73135143  4.73135156  4.73135163  4.73164254  4.73164265  4.73164269
  8.68934618  9.01502758  9.02622372  9.03140424  9.03140473  9.03140549
  9.03520897  9.03520912]
nelec by numeric integration = 31.999999998162448
    CPU time for vxc      0.96 sec, wall time      0.97 sec
~/packages/PeriodicIntegrals/PeriodicIntegrals-junjie-benchmark/isdfx/isdfx.py +4733
[[ 5.38646050e-01 -1.50624759e-02  1.53106452e-06 ...  1.76212655e-05
   6.10897347e-03  2.72129905e-07]
 [-1.50624759e-02  4.39164054e-04  8.99431729e-08 ... -4.38684413e-07
  -1.52254766e-04 -1.12251793e-08]
 [ 1.53106452e-06  8.99431729e-08  6.47363359e-01 ...  2.18075314e-03
  -1.53938370e-03 -3.83491790e-03]
 ...
 [ 1.76212655e-05 -4.38684413e-07  2.18075314e-03 ...  2.61617518e-04
   1.72905182e-06  1.38216596e-10]
 [ 6.10897347e-03 -1.52254766e-04 -1.53938370e-03 ...  1.72905182e-06
   2.24328209e-03  3.23885769e-06]
 [ 2.72129905e-07 -1.12251793e-08 -3.83491790e-03 ...  1.38216596e-10
   3.23885769e-06  2.61631098e-04]]
[[ 2.42240825e-01 -1.53845288e-01 -8.77799817e-03 ... -2.48097657e-05
   1.31899833e+00 -7.38706054e-01]
 [-9.42433107e-03  3.83501193e-03  2.18797078e-04 ... -2.45932479e-05
   1.21338755e+00 -6.79558193e-01]
 [ 4.05723509e-07  1.15699918e-03  1.59874865e-01 ...  3.58757196e-02
  -9.87034841e-07 -3.31162576e-07]
 ...
 [-8.55442229e-07 -1.00307777e-04 -6.06837972e-04 ...  2.40815686e-03
   1.92938878e-05 -1.09892812e-05]
 [ 3.49778487e-06 -6.70803018e-03  1.57874535e-04 ...  1.00290748e-04
  -1.15167331e-03  8.81287400e-02]
 [ 2.96450205e-07 -8.45508773e-05 -1.14107758e-02 ... -6.33833838e-03
  -1.09365120e-05 -1.93817112e-05]]
[2. 2. 2. 2. 2. 2. 2. 2. 2. 2. 2. 2. 2. 2. 2. 2. 0. 0. 0. 0. 0. 0. 0. 0.
 0. 0. 0. 0. 0. 0. 0. 0. 0. 0. 0. 0. 0. 0. 0. 0. 0. 0. 0. 0. 0. 0. 0. 0.
 0. 0. 0. 0. 0. 0. 0. 0. 0. 0. 0. 0. 0. 0. 0. 0. 0. 0. 0. 0. 0. 0. 0. 0.
 0. 0. 0. 0. 0. 0. 0. 0. 0. 0. 0. 0. 0. 0. 0. 0. 0. 0. 0. 0. 0. 0. 0. 0.
 0. 0. 0. 0. 0. 0. 0. 0.]
start SG
end SG -->  0.031278371810913086
    CPU time for vj and vk      0.68 sec, wall time      0.68 sec
E1 = 16.30951194523823  Ecoul = 4.645074774411702  Exc = -12.983078914583812
cycle= 4 E= -43.2639845868781  delta_E= -1.52e-10  |g|= 4.43e-06  |ddm|= 2.77e-05
    CPU time for cycle= 4      1.64 sec, wall time      1.65 sec
  HOMO = 0.569496469139208  LUMO = 0.849410555677789
  mo_energy =
[-0.26075592  0.06383218  0.06384921  0.06384937  0.06384998  0.063858
  0.06385813  0.32174273  0.32174325  0.32174373  0.3217662   0.32176709
  0.32176768  0.56949546  0.56949574  0.56949647  0.84941056  0.84941069
  0.84941069  0.87503196  0.87503222  0.87505057  0.87505088  0.87505113
  0.87508945  1.18885889  1.28868309  1.28868313  1.28868344  1.28875494
  1.28875504  1.28875536  1.72485896  1.72491188  1.72491206  1.72491219
  1.72493729  1.72493746  1.76178154  1.76178157  2.04656802  2.0465681
  2.04656825  2.04662708  2.04662719  2.0466273   2.35115991  2.35174247
  2.35174259  2.35174289  2.35203304  2.35203323  2.41503032  2.41503042
  2.41503043  2.48155012  2.48155055  2.4815506   2.79656397  2.79656416
  2.79656425  2.79662962  2.79662981  2.79662996  2.98808246  2.98814647
  2.98814659  2.98814677  2.98817769  2.98817791  3.02868056  3.02868112
  3.02868127  3.02877603  3.02877625  3.02877649  3.43655136  3.43655163
  3.43672038  3.4367205   3.43672083  3.4370514   3.56987016  3.5698702
  3.73926962  3.73926966  3.73927015  4.63028763  4.63028764  4.63028768
  4.73135127  4.73135141  4.73135148  4.73164268  4.73164279  4.73164284
  8.68934616  9.01502866  9.02622402  9.03140398  9.03140447  9.03140527
  9.0352085   9.03520862]
nelec by numeric integration = 31.999999998162444
    CPU time for vxc      0.97 sec, wall time      0.98 sec
~/packages/PeriodicIntegrals/PeriodicIntegrals-junjie-benchmark/isdfx/isdfx.py +4733
[[ 5.38646062e-01 -1.50624866e-02  1.51360163e-06 ...  1.75742319e-05
   6.10898602e-03  2.75226010e-07]
 [-1.50624866e-02  4.39164790e-04  9.08739512e-08 ... -4.37530899e-07
  -1.52255509e-04 -1.12916390e-08]
 [ 1.51360163e-06  9.08739512e-08  6.47363347e-01 ...  2.18081985e-03
  -1.53938647e-03 -3.83492523e-03]
 ...
 [ 1.75742319e-05 -4.37530899e-07  2.18081985e-03 ...  2.61617512e-04
   1.72677612e-06  1.43335932e-10]
 [ 6.10898602e-03 -1.52255509e-04 -1.53938647e-03 ...  1.72677612e-06
   2.24328188e-03  3.23521374e-06]
 [ 2.75226010e-07 -1.12916390e-08 -3.83492523e-03 ...  1.43335932e-10
   3.23521374e-06  2.61631109e-04]]
[[ 2.42240803e-01 -1.53840399e-01 -9.67094356e-03 ... -2.62586591e-05
  -1.29911648e+00 -7.73138397e-01]
 [-9.42434600e-03  3.83491413e-03  2.41041478e-04 ... -2.60491591e-05
  -1.19509763e+00 -7.11233667e-01]
 [ 3.86195970e-07  1.46132798e-03  1.60690995e-01 ...  3.75372289e-02
   9.94627739e-07 -3.30298704e-07]
 ...
 [-8.54427019e-07 -9.71636370e-05 -5.37865812e-04 ...  1.93947411e-03
  -1.89906164e-05 -1.14921178e-05]
 [ 3.51436459e-06 -6.70825148e-03  1.27540194e-04 ...  1.01040410e-04
  -1.16626010e-03  8.81286470e-02]
 [ 2.96718522e-07 -8.70472374e-05 -1.14147371e-02 ... -5.92070812e-03
   1.14384115e-05 -1.90893123e-05]]
[2. 2. 2. 2. 2. 2. 2. 2. 2. 2. 2. 2. 2. 2. 2. 2. 0. 0. 0. 0. 0. 0. 0. 0.
 0. 0. 0. 0. 0. 0. 0. 0. 0. 0. 0. 0. 0. 0. 0. 0. 0. 0. 0. 0. 0. 0. 0. 0.
 0. 0. 0. 0. 0. 0. 0. 0. 0. 0. 0. 0. 0. 0. 0. 0. 0. 0. 0. 0. 0. 0. 0. 0.
 0. 0. 0. 0. 0. 0. 0. 0. 0. 0. 0. 0. 0. 0. 0. 0. 0. 0. 0. 0. 0. 0. 0. 0.
 0. 0. 0. 0. 0. 0. 0. 0.]
start SG
end SG -->  0.033447265625
    CPU time for vj and vk      0.68 sec, wall time      0.68 sec
E1 = 16.30951192971242  Ecoul = 4.645074800665163  Exc = -12.983078925315414
Extra cycle  E= -43.263984586882  delta_E= -3.95e-12  |g|= 2.14e-06  |ddm|= 4.8e-06
    CPU time for scf_cycle     11.05 sec, wall time     11.11 sec
    CPU time for SCF     11.25 sec, wall time     11.67 sec
converged SCF energy = -43.263984586882
Successfully saved all results to /central/scratch/yangjunjie//run-scf-spc-diamond-conv-1-1-1-fftisdf-ks-1-100-rcut_epsilon-1e-05-ke_epsilon-0.01-isdf_thresh-0.0005/48100100/scf.h5
