SLURMD_NODENAME = hpc-54-36
Start time = Tue Mar 18 01:02:46 PM PDT 2025
OMP_NUM_THREADS = 1
MKL_NUM_THREADS = 1
PYSCF_MAX_MEMORY = 409600
TMPDIR = /central/scratch/yangjunjie//run-scf-spc-diamond-prim-1-2-2-fftisdf-ks-1-100-rcut_epsilon-1e-05-ke_epsilon-0.05-isdf_thresh-0.0005/48068304/
PYSCF_TMPDIR = /central/scratch/yangjunjie//run-scf-spc-diamond-prim-1-2-2-fftisdf-ks-1-100-rcut_epsilon-1e-05-ke_epsilon-0.05-isdf_thresh-0.0005/48068304/

/home/junjiey/anaconda3/envs/fftisdf/bin/python
2.8.0
1.13.1
2.0.2
fft_engine = NUMPY+BLAS
name = diamond-prim
ke_cutoff =  1.00e+02
exxdiv = None
df = fftisdf-ks
chk_path = ../../../gdf-32/tmp/scf.h5
mesh = 1,2,2
rcut_epsilon =  1.00e-05
ke_epsilon =  5.00e-02
isdf_thresh =  5.00e-04

Discarded 6 diffused primitive functions, 0 contracted functions
ke_cutoff = 100.0
None

******** <class 'ISDFX'> ********
lin_dep_thresh: 1e-10
alpha_cutoff: 2.8
rcut_epsilon: 1e-05
ke_epsilon: 0.05
isdf_thresh: 0.0005
grid_vol_cutoff: 0.05
ke_step: 2.0
ao_tol: 1e-12
multigrid_on: True
direct_j: True
iterative_build: True
occRI: True
voronoi: True
fit_sparse_grid: False
fit_dense_grid: True
direct_k_sparse: True
direct_k: False
use_kpt_symm: False
kmesh: [1, 1, 1]
isdf_pts_from_q0: True
isdf_pts_from_gamma_point: False
alpha: None
do_real_isdf: False
N_xi: None
use_cell_periodic: False
isdf_thresh_sparse: None
ncopy: [1, 1, 1]
j_grid_mesh: None
k_grid_mesh: None
num_j_grids: 100
get_ao_from_pyscf: False
nuc_pp_version: 0
vppnl_ver: 0
universal_dense_grid: None
same_jk_grids: None
coulomb_only: False
max_memory   409600 MB (current use       90 MB)

Exchange function: getK_occRI  

cell mesh: [23 47 47]
nbas:  96
Grid     keMax    keMin    keGrid   expMax   expMin   nexp     lmax     PWs      mesh        
0        33.6     33.6     105.5    5.6      5.6      1        2        50807    [23 47 47]
1        12.7     2.1      12.7     2.1      0.3      3        2        2601     [ 9 17 17]
0        59.4     52.8     105.5    5.6      5.6      1        2        50807    [23 47 47]
1        22.4     11.2     22.4     2.1      2.1      1        2        6877     [13 23 23]
2        8.2      3.7      8.2      0.8      0.3      2        2        2025     [ 9 15 15]

ISDF

atm      grid     Ng       NI       Nxi      sharp    on_grid  diffuse  maxexp   minexp   lmax     lmin    
0        0        50807    2050     76       9        180      171      5.61     5.61     2        0       
1        0        50807    2060     74       9        180      171      5.61     5.61     2        0       
2        0        50807    2065     76       9        180      171      5.61     5.61     2        0       
3        0        50807    2065     76       9        180      171      5.61     5.61     2        0       
4        0        50807    2065     76       9        180      171      5.61     5.61     2        0       
5        0        50807    2065     76       9        180      171      5.61     5.61     2        0       
6        0        50807    2060     74       9        180      171      5.61     5.61     2        0       
7        0        50807    2050     76       9        180      171      5.61     5.61     2        0       
-        1        2601     2601     2601     216      216      216      2.11     0.35     2        0       
ISDF-pts:       0.77
ISDF-vec:       0.05
Fit dense grids ISDF:       0.81
Fit sparse grids ISDF:       0.00

Grid     PWs      Ng_i     N_xi     N_mu    
0        50807    16480    604      1440    
1        2601     2601     2601     216     

nTHC: 3205
Mem Required (MB):      14.21
Curent RAM Use (MB) :        143 

Build W
ISDF-fft dense grids (sec):       2.53
Curent RAM Use (MB) :        202 
ISDF-fft:       2.53

Initial guess from minao.
Big error detected in the electron number of initial guess density matrix (Ne/cell = 32.1244)!
  This can cause huge error in Fock matrix and lead to instability in SCF for low-dimensional systems.
  DM is normalized wrt the number of electrons 32
Successfully loaded dm0 from ../../../gdf-32/tmp/scf.h5
~/packages/PeriodicIntegrals/PeriodicIntegrals-junjie-benchmark/isdfx/isdfx.py +4733
[[ 5.10829564e-01 -1.37789682e-02 -2.25945214e-03 ...  4.53891936e-05
  -9.46650009e-03 -1.08570539e-02]
 [-1.37789682e-02  4.27285789e-04  7.14882829e-04 ... -7.09765086e-07
   2.72690080e-04  3.10240234e-04]
 [-2.25945214e-03  7.14882829e-04  7.33591631e-01 ... -2.81085758e-02
   8.04812038e-04  1.66000927e-02]
 ...
 [ 4.53891936e-05 -7.09765086e-07 -2.81085758e-02 ...  2.44820851e-03
  -2.69404595e-04  5.35606099e-04]
 [-9.46650009e-03  2.72690080e-04  8.04812038e-04 ... -2.69404595e-04
   2.48677716e-03  1.42503184e-04]
 [-1.08570539e-02  3.10240234e-04  1.66000927e-02 ...  5.35606099e-04
   1.42503184e-04  3.05186751e-03]]
[[ 2.42393032e-01  3.23160163e-01 -1.92359013e-03 ... -1.87138756e-01
   1.47258212e-04 -1.00429284e+00]
 [-9.27570260e-03 -9.62159400e-03  5.72723120e-05 ... -2.04594493e-01
   1.19300319e-04 -8.13426778e-01]
 [-1.50376240e-04 -3.51363209e-02 -3.40374893e-02 ... -1.25189788e-02
   7.25982881e-02 -7.22623066e-02]
 ...
 [ 5.37275965e-06  1.00201284e-04  1.51983125e-02 ... -3.02588471e-03
  -5.48403339e-02  1.13113659e-05]
 [ 7.25693740e-05 -9.92610970e-03 -1.00735653e-02 ...  1.71500679e-02
   3.65639729e-02 -3.59649949e-02]
 [ 9.31453267e-05 -1.12886613e-02  1.46924050e-02 ...  1.45508980e-02
  -5.27623043e-02 -4.15038509e-02]]
[2. 2. 2. 2. 2. 2. 2. 2. 2. 2. 2. 2. 2. 2. 2. 2. 0. 0. 0. 0. 0. 0. 0. 0.
 0. 0. 0. 0. 0. 0. 0. 0. 0. 0. 0. 0. 0. 0. 0. 0. 0. 0. 0. 0. 0. 0. 0. 0.
 0. 0. 0. 0. 0. 0. 0. 0. 0. 0. 0. 0. 0. 0. 0. 0. 0. 0. 0. 0. 0. 0. 0. 0.
 0. 0. 0. 0. 0. 0. 0. 0. 0. 0. 0. 0. 0. 0. 0. 0. 0. 0. 0. 0. 0. 0. 0. 0.
 0. 0. 0. 0. 0. 0. 0. 0.]
~/packages/PeriodicIntegrals/PeriodicIntegrals-junjie-benchmark/isdfx/isdfx.py +4733
[[ 5.10829564e-01 -1.37789682e-02 -2.25945214e-03 ...  4.53891936e-05
  -9.46650009e-03 -1.08570539e-02]
 [-1.37789682e-02  4.27285789e-04  7.14882829e-04 ... -7.09765086e-07
   2.72690080e-04  3.10240234e-04]
 [-2.25945214e-03  7.14882829e-04  7.33591631e-01 ... -2.81085758e-02
   8.04812038e-04  1.66000927e-02]
 ...
 [ 4.53891936e-05 -7.09765086e-07 -2.81085758e-02 ...  2.44820851e-03
  -2.69404595e-04  5.35606099e-04]
 [-9.46650009e-03  2.72690080e-04  8.04812038e-04 ... -2.69404595e-04
   2.48677716e-03  1.42503184e-04]
 [-1.08570539e-02  3.10240234e-04  1.66000927e-02 ...  5.35606099e-04
   1.42503184e-04  3.05186751e-03]]
[[ 2.42393032e-01  3.23160163e-01 -1.92359013e-03 ... -1.87138756e-01
   1.47258212e-04 -1.00429284e+00]
 [-9.27570260e-03 -9.62159400e-03  5.72723120e-05 ... -2.04594493e-01
   1.19300319e-04 -8.13426778e-01]
 [-1.50376240e-04 -3.51363209e-02 -3.40374893e-02 ... -1.25189788e-02
   7.25982881e-02 -7.22623066e-02]
 ...
 [ 5.37275965e-06  1.00201284e-04  1.51983125e-02 ... -3.02588471e-03
  -5.48403339e-02  1.13113659e-05]
 [ 7.25693740e-05 -9.92610970e-03 -1.00735653e-02 ...  1.71500679e-02
   3.65639729e-02 -3.59649949e-02]
 [ 9.31453267e-05 -1.12886613e-02  1.46924050e-02 ...  1.45508980e-02
  -5.27623043e-02 -4.15038509e-02]]
[2. 2. 2. 2. 2. 2. 2. 2. 2. 2. 2. 2. 2. 2. 2. 2. 0. 0. 0. 0. 0. 0. 0. 0.
 0. 0. 0. 0. 0. 0. 0. 0. 0. 0. 0. 0. 0. 0. 0. 0. 0. 0. 0. 0. 0. 0. 0. 0.
 0. 0. 0. 0. 0. 0. 0. 0. 0. 0. 0. 0. 0. 0. 0. 0. 0. 0. 0. 0. 0. 0. 0. 0.
 0. 0. 0. 0. 0. 0. 0. 0. 0. 0. 0. 0. 0. 0. 0. 0. 0. 0. 0. 0. 0. 0. 0. 0.
 0. 0. 0. 0. 0. 0. 0. 0.]
start SG
end SG -->  0.039606571197509766


******** <class 'pyscf.pbc.dft.rks.RKS'> ********
method = RKS
initial guess = minao
damping factor = 0
level_shift factor = 0
DIIS = <class 'pyscf.scf.diis.CDIIS'>
diis_start_cycle = 1
diis_space = 8
diis_damp = 0
SCF conv_tol = 1e-08
SCF conv_tol_grad = None
SCF max_cycles = 50
direct_scf = True
direct_scf_tol = 1e-13
chkfile to save SCF result = /central/scratch/yangjunjie/run-scf-spc-diamond-prim-1-2-2-fftisdf-ks-1-100-rcut_epsilon-1e-05-ke_epsilon-0.05-isdf_thresh-0.0005/48068304/tmp7agqkjk1
max_memory 409600 MB (current use 155 MB)
******** PBC SCF flags ********
kpt = [0. 0. 0.]
Exchange divergence treatment (exxdiv) = None
DF object = <isdfx.isdfx.ISDFX object at 0x7f1b89cac850>
XC functionals = PBE0
small_rho_cutoff = 1e-07
Set gradient conv threshold to 0.0001
nelec by numeric integration = 31.999999999294186
    CPU time for vxc      1.76 sec, wall time      1.77 sec
~/packages/PeriodicIntegrals/PeriodicIntegrals-junjie-benchmark/isdfx/isdfx.py +4733
[[ 5.10829564e-01 -1.37789682e-02 -2.25945214e-03 ...  4.53891936e-05
  -9.46650009e-03 -1.08570539e-02]
 [-1.37789682e-02  4.27285789e-04  7.14882829e-04 ... -7.09765086e-07
   2.72690080e-04  3.10240234e-04]
 [-2.25945214e-03  7.14882829e-04  7.33591631e-01 ... -2.81085758e-02
   8.04812038e-04  1.66000927e-02]
 ...
 [ 4.53891936e-05 -7.09765086e-07 -2.81085758e-02 ...  2.44820851e-03
  -2.69404595e-04  5.35606099e-04]
 [-9.46650009e-03  2.72690080e-04  8.04812038e-04 ... -2.69404595e-04
   2.48677716e-03  1.42503184e-04]
 [-1.08570539e-02  3.10240234e-04  1.66000927e-02 ...  5.35606099e-04
   1.42503184e-04  3.05186751e-03]]
[[ 2.42393032e-01  3.23160163e-01 -1.92359013e-03 ... -1.87138756e-01
   1.47258212e-04 -1.00429284e+00]
 [-9.27570260e-03 -9.62159400e-03  5.72723120e-05 ... -2.04594493e-01
   1.19300319e-04 -8.13426778e-01]
 [-1.50376240e-04 -3.51363209e-02 -3.40374893e-02 ... -1.25189788e-02
   7.25982881e-02 -7.22623066e-02]
 ...
 [ 5.37275965e-06  1.00201284e-04  1.51983125e-02 ... -3.02588471e-03
  -5.48403339e-02  1.13113659e-05]
 [ 7.25693740e-05 -9.92610970e-03 -1.00735653e-02 ...  1.71500679e-02
   3.65639729e-02 -3.59649949e-02]
 [ 9.31453267e-05 -1.12886613e-02  1.46924050e-02 ...  1.45508980e-02
  -5.27623043e-02 -4.15038509e-02]]
[2. 2. 2. 2. 2. 2. 2. 2. 2. 2. 2. 2. 2. 2. 2. 2. 0. 0. 0. 0. 0. 0. 0. 0.
 0. 0. 0. 0. 0. 0. 0. 0. 0. 0. 0. 0. 0. 0. 0. 0. 0. 0. 0. 0. 0. 0. 0. 0.
 0. 0. 0. 0. 0. 0. 0. 0. 0. 0. 0. 0. 0. 0. 0. 0. 0. 0. 0. 0. 0. 0. 0. 0.
 0. 0. 0. 0. 0. 0. 0. 0. 0. 0. 0. 0. 0. 0. 0. 0. 0. 0. 0. 0. 0. 0. 0. 0.
 0. 0. 0. 0. 0. 0. 0. 0.]
start SG
end SG -->  0.03729391098022461
    CPU time for vj and vk      2.81 sec, wall time      2.83 sec
E1 = 16.682090968380386  Ecoul = 4.928409005619501  Exc = -13.216995914029747
init E= -42.8419883319742
    CPU time for initialize scf      6.21 sec, wall time      6.24 sec
  HOMO = 0.575197765831908  LUMO = 0.855311598530958
  mo_energy =
[-0.26352312 -0.04883669 -0.04882647  0.04506935  0.04507386  0.06127572
  0.06326285  0.31616448  0.32369456  0.45215057  0.45215632  0.45935948
  0.45936367  0.56288701  0.57080412  0.57519777  0.8553116   0.8560849
  0.85845886  0.87670476  0.88224996  0.97647451  0.97647876  0.98046516
  0.98047212  1.00841135  1.00841588  1.19976269  1.2991824   1.30291163
  1.36187695  1.36187854  1.72620338  1.7262055   1.73427678  1.73525509
  1.76589582  1.76801356  1.9205624   1.92056876  1.9208557   1.92085886
  2.0527152   2.05388384  2.0733404   2.07334131  2.0750293   2.07503015
  2.35891354  2.3595355   2.420634    2.42363232  2.42530279  2.49171426
  2.49214804  2.4922913   2.66453631  2.66453749  2.80536806  2.80804409
  2.91298536  2.91299126  2.94447503  2.94447636  2.94673907  2.9467439
  2.99071047  2.99071332  2.99263814  2.99264876  2.99406987  2.99701345
  3.03683585  3.03686945  3.28424558  3.28425598  3.44384779  3.44461995
  3.57549524  3.5800542   3.62686147  3.62686657  3.62912353  3.62912705
  3.74846477  3.74878523  3.74892901  4.52250041  4.52255753  4.5231892
  4.52319209  4.63765056  4.64047528  4.64155741  4.73898194  4.74213617
  8.71226025  9.04054497  9.05329584  9.05330234  9.0535691   9.05425232
  9.09813248  9.09840844]
nelec by numeric integration = 31.999999999294218
    CPU time for vxc      1.54 sec, wall time      1.55 sec
~/packages/PeriodicIntegrals/PeriodicIntegrals-junjie-benchmark/isdfx/isdfx.py +4733
[[ 5.10858218e-01 -1.37763177e-02 -2.24806374e-03 ...  4.17430493e-05
  -9.47076335e-03 -1.08569452e-02]
 [-1.37763177e-02  4.27138804e-04  7.24074239e-04 ... -8.36239318e-07
   2.72580246e-04  3.10352312e-04]
 [-2.24806374e-03  7.24074239e-04  7.33563869e-01 ... -2.81122858e-02
   8.01593614e-04  1.66013323e-02]
 ...
 [ 4.17430493e-05 -8.36239318e-07 -2.81122858e-02 ...  2.44914470e-03
  -2.69052582e-04  5.36029371e-04]
 [-9.47076335e-03  2.72580246e-04  8.01593614e-04 ... -2.69052582e-04
   2.48897028e-03  1.43435341e-04]
 [-1.08569452e-02  3.10352312e-04  1.66013323e-02 ...  5.36029371e-04
   1.43435341e-04  3.05284829e-03]]
[[ 2.42405402e-01 -1.52838223e-02  3.22814686e-01 ... -1.61840930e-01
   1.43072871e-04 -1.00534882e+00]
 [-9.27394137e-03  4.54940790e-04 -9.61002292e-03 ... -1.80879316e-01
   1.15982911e-04 -8.15046687e-01]
 [-1.53267590e-04  3.58560826e-02 -3.32742795e-02 ... -1.31631492e-02
   7.24537398e-02 -7.21706442e-02]
 ...
 [-1.77757080e-07 -1.51826139e-02 -7.15013979e-04 ... -3.10874497e-03
  -5.47955266e-02  4.37808985e-06]
 [ 7.20983326e-05  1.05861887e-02 -9.37797416e-03 ...  1.86166265e-02
   3.65309726e-02 -3.60244281e-02]
 [ 9.63447347e-05 -1.40698889e-02 -1.20513681e-02 ...  1.61085088e-02
  -5.27158762e-02 -4.15794362e-02]]
[2. 2. 2. 2. 2. 2. 2. 2. 2. 2. 2. 2. 2. 2. 2. 2. 0. 0. 0. 0. 0. 0. 0. 0.
 0. 0. 0. 0. 0. 0. 0. 0. 0. 0. 0. 0. 0. 0. 0. 0. 0. 0. 0. 0. 0. 0. 0. 0.
 0. 0. 0. 0. 0. 0. 0. 0. 0. 0. 0. 0. 0. 0. 0. 0. 0. 0. 0. 0. 0. 0. 0. 0.
 0. 0. 0. 0. 0. 0. 0. 0. 0. 0. 0. 0. 0. 0. 0. 0. 0. 0. 0. 0. 0. 0. 0. 0.
 0. 0. 0. 0. 0. 0. 0. 0.]
start SG
end SG -->  0.04061627388000488
    CPU time for vj and vk      2.85 sec, wall time      2.86 sec
E1 = 16.682019167267995  Ecoul = 4.92852340704905  Exc = -13.217038669589872
cycle= 1 E= -42.8419884872172  delta_E= -1.55e-07  |g|= 5.48e-05  |ddm|= 0.000661
    CPU time for cycle= 1      4.40 sec, wall time      4.42 sec
  HOMO = 0.575202656578496  LUMO = 0.855315391109744
  mo_energy =
[-0.26352049 -0.04883097 -0.04882696  0.04507359  0.04507483  0.06127781
  0.06326549  0.31616739  0.32369817  0.45215548  0.45215799  0.45936194
  0.45936717  0.56289039  0.57080591  0.57520266  0.85531539  0.8560868
  0.85846163  0.87670641  0.88225344  0.9764791   0.97648018  0.98046962
  0.98047312  1.00841549  1.00841642  1.19976712  1.29918605  1.30291613
  1.36187926  1.36188559  1.72620572  1.72621072  1.73428048  1.73525857
  1.76589873  1.76801473  1.9205666   1.92057101  1.92085886  1.92086351
  2.05271818  2.05388668  2.07334177  2.07334416  2.07503169  2.07503231
  2.35891533  2.35953676  2.42063702  2.42363544  2.42530637  2.49171722
  2.49215231  2.49229623  2.66453885  2.66454009  2.80537193  2.80804858
  2.91298897  2.91299562  2.94447946  2.94447974  2.9467453   2.94674637
  2.99071449  2.99071526  2.99264153  2.99265138  2.99407255  2.99701676
  3.03683956  3.03687355  3.28424729  3.28426017  3.44385162  3.44462355
  3.57549961  3.58005642  3.62686727  3.62686852  3.62912503  3.62913111
  3.74846673  3.74878997  3.74893309  4.5225023   4.52256399  4.52319343
  4.52319401  4.63765425  4.64048008  4.64156     4.73898511  4.74214014
  8.71226872  9.04055375  9.05330417  9.05331543  9.05358248  9.05424966
  9.0981458   9.09841137]
nelec by numeric integration = 31.999999999294207
    CPU time for vxc      1.60 sec, wall time      1.60 sec
~/packages/PeriodicIntegrals/PeriodicIntegrals-junjie-benchmark/isdfx/isdfx.py +4733
[[ 5.10855495e-01 -1.37758543e-02 -2.24858483e-03 ...  4.14699785e-05
  -9.47080510e-03 -1.08566581e-02]
 [-1.37758543e-02  4.27116695e-04  7.24192871e-04 ... -8.29124976e-07
   2.72582890e-04  3.10351083e-04]
 [-2.24858483e-03  7.24192871e-04  7.33561578e-01 ... -2.81128035e-02
   8.00176624e-04  1.66009158e-02]
 ...
 [ 4.14699785e-05 -8.29124976e-07 -2.81128035e-02 ...  2.44913264e-03
  -2.68917909e-04  5.36023386e-04]
 [-9.47080510e-03  2.72582890e-04  8.00176624e-04 ... -2.68917909e-04
   2.48905797e-03  1.43405285e-04]
 [-1.08566581e-02  3.10351083e-04  1.66009158e-02 ...  5.36023386e-04
   1.43405285e-04  3.05277226e-03]]
[[ 2.42399113e-01 -1.86139286e-02  3.22639103e-01 ... -1.59277411e-01
   3.72279959e-04 -1.00547161e+00]
 [-9.27363488e-03  5.54062801e-04 -9.60465444e-03 ... -1.78476179e-01
   3.01762375e-04 -8.15162418e-01]
 [-1.52753402e-04  3.61974108e-02 -3.28988965e-02 ... -1.32322417e-02
   7.24701057e-02 -7.21586524e-02]
 ...
 [-1.63763735e-07 -1.51742842e-02 -8.71821808e-04 ... -3.11466930e-03
  -5.47956055e-02 -8.77042370e-06]
 [ 7.21651981e-05  1.06823608e-02 -9.26818345e-03 ...  1.87675132e-02
   3.65392691e-02 -3.60221110e-02]
 [ 9.66046979e-05 -1.39447392e-02 -1.21955333e-02 ...  1.62731237e-02
  -5.27064955e-02 -4.15997949e-02]]
[2. 2. 2. 2. 2. 2. 2. 2. 2. 2. 2. 2. 2. 2. 2. 2. 0. 0. 0. 0. 0. 0. 0. 0.
 0. 0. 0. 0. 0. 0. 0. 0. 0. 0. 0. 0. 0. 0. 0. 0. 0. 0. 0. 0. 0. 0. 0. 0.
 0. 0. 0. 0. 0. 0. 0. 0. 0. 0. 0. 0. 0. 0. 0. 0. 0. 0. 0. 0. 0. 0. 0. 0.
 0. 0. 0. 0. 0. 0. 0. 0. 0. 0. 0. 0. 0. 0. 0. 0. 0. 0. 0. 0. 0. 0. 0. 0.
 0. 0. 0. 0. 0. 0. 0. 0.]
start SG
end SG -->  0.04025864601135254
    CPU time for vj and vk      2.97 sec, wall time      2.98 sec
E1 = 16.68202795902692  Ecoul = 4.928510946062028  Exc = -13.217035000953265
cycle= 2 E= -42.8419884878087  delta_E= -5.91e-10  |g|= 2.62e-05  |ddm|= 5.97e-05
    CPU time for cycle= 2      4.57 sec, wall time      4.59 sec
  HOMO = 0.575202261573328  LUMO = 0.855315102119509
  mo_energy =
[-0.26352078 -0.04883497 -0.04882352  0.04507207  0.04507575  0.06127758
  0.06326507  0.31616709  0.32369786  0.45215311  0.45215971  0.45936225
  0.45936598  0.56289005  0.57080537  0.57520226  0.8553151   0.85608643
  0.85846127  0.87670629  0.88225317  0.9764768   0.97648198  0.9804669
  0.98047511  1.00841293  1.00841814  1.19976657  1.29918542  1.30291556
  1.36188059  1.36188295  1.72620656  1.72620889  1.73427984  1.735258
  1.76589857  1.76801449  1.92056449  1.92057238  1.9208588   1.92086268
  2.05271791  2.05388648  2.07334223  2.0733431   2.07503085  2.07503269
  2.358915    2.3595365   2.42063664  2.42363504  2.42530601  2.4917167
  2.49215174  2.49229568  2.66453862  2.66453968  2.80537141  2.8080481
  2.91298897  2.91299468  2.94447773  2.94448041  2.94674236  2.94674832
  2.99071281  2.99071611  2.99264022  2.99265197  2.99407216  2.9970164
  3.03683923  3.03687312  3.28424817  3.28425842  3.44385118  3.44462321
  3.57549929  3.58005598  3.62686428  3.62687083  3.62912573  3.62912962
  3.74846627  3.7487895   3.7489326   4.52250472  4.52256074  4.52319152
  4.52319506  4.63765378  4.6404797   4.64155949  4.73898466  4.74213971
  8.71226746  9.04055197  9.0533028   9.05330993  9.05357522  9.05425937
  9.09813874  9.09841619]
nelec by numeric integration = 31.999999999294207
    CPU time for vxc      1.59 sec, wall time      1.59 sec
~/packages/PeriodicIntegrals/PeriodicIntegrals-junjie-benchmark/isdfx/isdfx.py +4733
[[ 5.10856619e-01 -1.37760196e-02 -2.24812602e-03 ...  4.15151447e-05
  -9.47092062e-03 -1.08567597e-02]
 [-1.37760196e-02  4.27124828e-04  7.24146564e-04 ... -8.28915777e-07
   2.72580912e-04  3.10350568e-04]
 [-2.24812602e-03  7.24146564e-04  7.33561660e-01 ... -2.81125475e-02
   8.00473088e-04  1.66007938e-02]
 ...
 [ 4.15151447e-05 -8.28915777e-07 -2.81125475e-02 ...  2.44913634e-03
  -2.68955005e-04  5.36048971e-04]
 [-9.47092062e-03  2.72580912e-04  8.00473088e-04 ... -2.68955005e-04
   2.48907812e-03  1.43416421e-04]
 [-1.08567597e-02  3.10350568e-04  1.66007938e-02 ...  5.36048971e-04
   1.43416421e-04  3.05279709e-03]]
[[ 2.42403834e-01 -8.14396710e-03  3.23074435e-01 ... -1.62323663e-01
   3.14868280e-04 -1.00535621e+00]
 [-9.27382292e-03  2.42380679e-04 -9.61760833e-03 ... -1.81337379e-01
   2.55231972e-04 -8.15053878e-01]
 [-1.52604169e-04  3.51116010e-02 -3.40570771e-02 ... -1.31497892e-02
   7.24660545e-02 -7.21583227e-02]
 ...
 [-1.81481491e-07 -1.51945959e-02 -3.79356232e-04 ... -3.10374047e-03
  -5.47954179e-02 -4.95512639e-06]
 [ 7.20941501e-05  1.03762780e-02 -9.60990561e-03 ...  1.85885266e-02
   3.65370365e-02 -3.60184858e-02]
 [ 9.64542588e-05 -1.43328140e-02 -1.17373124e-02 ...  1.60849799e-02
  -5.27087505e-02 -4.15890120e-02]]
[2. 2. 2. 2. 2. 2. 2. 2. 2. 2. 2. 2. 2. 2. 2. 2. 0. 0. 0. 0. 0. 0. 0. 0.
 0. 0. 0. 0. 0. 0. 0. 0. 0. 0. 0. 0. 0. 0. 0. 0. 0. 0. 0. 0. 0. 0. 0. 0.
 0. 0. 0. 0. 0. 0. 0. 0. 0. 0. 0. 0. 0. 0. 0. 0. 0. 0. 0. 0. 0. 0. 0. 0.
 0. 0. 0. 0. 0. 0. 0. 0. 0. 0. 0. 0. 0. 0. 0. 0. 0. 0. 0. 0. 0. 0. 0. 0.
 0. 0. 0. 0. 0. 0. 0. 0.]
start SG
end SG -->  0.04013657569885254
    CPU time for vj and vk      2.91 sec, wall time      2.93 sec
E1 = 16.682026646254204  Ecoul = 4.928512905303279  Exc = -13.217035647414674
Extra cycle  E= -42.8419884878016  delta_E= 7.13e-12  |g|= 2.7e-05  |ddm|= 4.39e-05
    CPU time for scf_cycle     19.69 sec, wall time     19.77 sec
    CPU time for SCF     19.84 sec, wall time     19.93 sec
converged SCF energy = -42.8419884878016
Successfully saved all results to /central/scratch/yangjunjie//run-scf-spc-diamond-prim-1-2-2-fftisdf-ks-1-100-rcut_epsilon-1e-05-ke_epsilon-0.05-isdf_thresh-0.0005/48068304/scf.h5
