SLURMD_NODENAME = hpc-21-35
Start time = Wed Mar 19 03:42:55 PM PDT 2025
OMP_NUM_THREADS = 1
MKL_NUM_THREADS = 1
PYSCF_MAX_MEMORY = 409600
TMPDIR = /central/scratch/yangjunjie//run-scf-spc-diamond-prim-2-2-4-fftdf-occri-1-100-/48098884/
PYSCF_TMPDIR = /central/scratch/yangjunjie//run-scf-spc-diamond-prim-2-2-4-fftdf-occri-1-100-/48098884/

/home/junjiey/anaconda3/envs/fftisdf/bin/python
2.8.0
1.13.1
2.0.2
fft_engine = NUMPY+BLAS
name = diamond-prim
ke_cutoff =  1.00e+02
exxdiv = None
df = fftdf-occri
chk_path = ../../gdf-64/tmp/scf.h5
mesh = 2,2,4

Discarded 6 diffused primitive functions, 0 contracted functions
ke_cutoff = 100.0
None

******** <class 'ISDFX'> ********
lin_dep_thresh: 1e-10
alpha_cutoff: 2.8
rcut_epsilon: 1e-05
ke_epsilon: 1e-05
isdf_thresh: 0.0001
grid_vol_cutoff: 0.05
ke_step: 2.0
ao_tol: 1e-12
multigrid_on: False
direct_j: True
iterative_build: True
occRI: True
voronoi: True
fit_sparse_grid: False
fit_dense_grid: False
direct_k_sparse: True
direct_k: False
use_kpt_symm: False
kmesh: [1, 1, 1]
isdf_pts_from_q0: True
isdf_pts_from_gamma_point: False
alpha: None
do_real_isdf: False
N_xi: None
use_cell_periodic: False
isdf_thresh_sparse: None
ncopy: [1, 1, 1]
j_grid_mesh: None
k_grid_mesh: None
num_j_grids: 100
get_ao_from_pyscf: False
nuc_pp_version: 0
vppnl_ver: 0
universal_dense_grid: None
same_jk_grids: None
coulomb_only: False
max_memory   409600 MB (current use       90 MB)

Exchange function: getK_occRI  

cell mesh: [47 47 93]
nbas:  384
Grid     keMax    keMin    keGrid   expMax   expMin   nexp     lmax     PWs      mesh        
0        100.0    100.0    100.0    5.6      0.3      4        2        205437   [47 47 93]  

ISDF

atm      grid     Ng       NI       Nxi      sharp    on_grid  diffuse  maxexp   minexp   lmax     lmin    
-        1        205437   205437   205437   1152     1152     1152     5.61     0.35     2        0       
ISDF-pts:       0.00
ISDF-vec:       0.00
Fit dense grids ISDF:       0.00
Fit sparse grids ISDF:       0.00

Grid     PWs      Ng_i     N_xi     N_mu    
0        205437   205437   205437   1152    
1        205437   205437   205437   1152    

nTHC: 410874
Mem Required (MB):       0.00
Curent RAM Use (MB) :       2031 

Build W
ISDF-fft dense grids (sec):       0.00
Curent RAM Use (MB) :       2031 
ISDF-fft:       0.00

Initial guess from minao.
Successfully loaded dm0 from ../../gdf-64/tmp/scf.h5
Successfully loaded h1e and s1e from ../../gdf-64/tmp/scf.h5
~/packages/PeriodicIntegrals/PeriodicIntegrals-junjie-benchmark/isdfx/isdfx.py +4733
[[ 5.70738271e-01 -1.89831071e-02  1.02682180e-02 ...  2.30490284e-03
   3.04419755e-03 -4.94365030e-04]
 [-1.89831071e-02  8.00347423e-04 -1.18290095e-03 ... -1.73846139e-04
  -2.33518123e-04  4.01520070e-05]
 [ 1.02682180e-02 -1.18290095e-03  6.31689594e-01 ...  5.65338545e-04
   1.76254066e-03  3.59248716e-04]
 ...
 [ 2.30490284e-03 -1.73846139e-04  5.65338545e-04 ...  2.07985339e-03
   1.27471421e-04  1.62456765e-04]
 [ 3.04419755e-03 -2.33518123e-04  1.76254066e-03 ...  1.27471421e-04
   1.73734309e-03 -1.64593536e-04]
 [-4.94365030e-04  4.01520070e-05  3.59248716e-04 ...  1.62456765e-04
  -1.64593536e-04  2.16235114e-03]]
[[ 1.21107261e-01 -1.47323942e-01  2.84549794e-02 ...  3.50213029e-01
  -5.49398335e-01 -2.38896283e-01]
 [-4.74997513e-03  3.09198139e-03 -7.42398029e-04 ...  2.82480667e-01
  -4.43029852e-01 -1.91492154e-01]
 [-1.99802981e-04  1.39303733e-02  2.73353273e-02 ...  5.11353472e-02
  -7.01936759e-03  8.81389425e-02]
 ...
 [-1.29194283e-06  2.88464080e-03 -4.32261731e-03 ...  1.94522748e-02
   2.51595540e-03 -3.32188120e-02]
 [ 1.42095598e-06 -3.84636830e-03  5.76352044e-03 ...  2.56142822e-02
  -2.20891068e-02  1.30707114e-02]
 [-2.40421733e-07  5.55163757e-04 -8.31882509e-04 ...  3.79211212e-03
   4.42098318e-04 -6.46495184e-03]]
[2. 2. 2. 2. 2. 2. 2. 2. 2. 2. 2. 2. 2. 2. 2. 2. 2. 2. 2. 2. 2. 2. 2. 2.
 2. 2. 2. 2. 2. 2. 2. 2. 2. 2. 2. 2. 2. 2. 2. 2. 2. 2. 2. 2. 2. 2. 2. 2.
 2. 2. 2. 2. 2. 2. 2. 2. 2. 2. 2. 2. 2. 2. 2. 2. 0. 0. 0. 0. 0. 0. 0. 0.
 0. 0. 0. 0. 0. 0. 0. 0. 0. 0. 0. 0. 0. 0. 0. 0. 0. 0. 0. 0. 0. 0. 0. 0.
 0. 0. 0. 0. 0. 0. 0. 0. 0. 0. 0. 0. 0. 0. 0. 0. 0. 0. 0. 0. 0. 0. 0. 0.
 0. 0. 0. 0. 0. 0. 0. 0. 0. 0. 0. 0. 0. 0. 0. 0. 0. 0. 0. 0. 0. 0. 0. 0.
 0. 0. 0. 0. 0. 0. 0. 0. 0. 0. 0. 0. 0. 0. 0. 0. 0. 0. 0. 0. 0. 0. 0. 0.
 0. 0. 0. 0. 0. 0. 0. 0. 0. 0. 0. 0. 0. 0. 0. 0. 0. 0. 0. 0. 0. 0. 0. 0.
 0. 0. 0. 0. 0. 0. 0. 0. 0. 0. 0. 0. 0. 0. 0. 0. 0. 0. 0. 0. 0. 0. 0. 0.
 0. 0. 0. 0. 0. 0. 0. 0. 0. 0. 0. 0. 0. 0. 0. 0. 0. 0. 0. 0. 0. 0. 0. 0.
 0. 0. 0. 0. 0. 0. 0. 0. 0. 0. 0. 0. 0. 0. 0. 0. 0. 0. 0. 0. 0. 0. 0. 0.
 0. 0. 0. 0. 0. 0. 0. 0. 0. 0. 0. 0. 0. 0. 0. 0. 0. 0. 0. 0. 0. 0. 0. 0.
 0. 0. 0. 0. 0. 0. 0. 0. 0. 0. 0. 0. 0. 0. 0. 0. 0. 0. 0. 0. 0. 0. 0. 0.
 0. 0. 0. 0. 0. 0. 0. 0. 0. 0. 0. 0. 0. 0. 0. 0. 0. 0. 0. 0. 0. 0. 0. 0.
 0. 0. 0. 0. 0. 0. 0. 0. 0. 0. 0. 0. 0. 0. 0. 0. 0. 0. 0. 0. 0. 0. 0. 0.
 0. 0. 0. 0. 0. 0. 0. 0. 0. 0. 0. 0. 0. 0. 0. 0. 0. 0. 0. 0. 0. 0. 0. 0.
 0. 0. 0. 0. 0. 0. 0. 0. 0. 0. 0. 0. 0. 0. 0. 0. 0. 0. 0. 0. 0. 0. 0. 0.
 0. 0. 0. 0. 0. 0. 0. 0.]
~/packages/PeriodicIntegrals/PeriodicIntegrals-junjie-benchmark/isdfx/isdfx.py +4733
[[ 5.70738271e-01 -1.89831071e-02  1.02682180e-02 ...  2.30490284e-03
   3.04419755e-03 -4.94365030e-04]
 [-1.89831071e-02  8.00347423e-04 -1.18290095e-03 ... -1.73846139e-04
  -2.33518123e-04  4.01520070e-05]
 [ 1.02682180e-02 -1.18290095e-03  6.31689594e-01 ...  5.65338545e-04
   1.76254066e-03  3.59248716e-04]
 ...
 [ 2.30490284e-03 -1.73846139e-04  5.65338545e-04 ...  2.07985339e-03
   1.27471421e-04  1.62456765e-04]
 [ 3.04419755e-03 -2.33518123e-04  1.76254066e-03 ...  1.27471421e-04
   1.73734309e-03 -1.64593536e-04]
 [-4.94365030e-04  4.01520070e-05  3.59248716e-04 ...  1.62456765e-04
  -1.64593536e-04  2.16235114e-03]]
[[ 1.21107261e-01 -1.47323942e-01  2.84549794e-02 ...  3.50213029e-01
  -5.49398335e-01 -2.38896283e-01]
 [-4.74997513e-03  3.09198139e-03 -7.42398029e-04 ...  2.82480667e-01
  -4.43029852e-01 -1.91492154e-01]
 [-1.99802981e-04  1.39303733e-02  2.73353273e-02 ...  5.11353472e-02
  -7.01936759e-03  8.81389425e-02]
 ...
 [-1.29194283e-06  2.88464080e-03 -4.32261731e-03 ...  1.94522748e-02
   2.51595540e-03 -3.32188120e-02]
 [ 1.42095598e-06 -3.84636830e-03  5.76352044e-03 ...  2.56142822e-02
  -2.20891068e-02  1.30707114e-02]
 [-2.40421733e-07  5.55163757e-04 -8.31882509e-04 ...  3.79211212e-03
   4.42098318e-04 -6.46495184e-03]]
[2. 2. 2. 2. 2. 2. 2. 2. 2. 2. 2. 2. 2. 2. 2. 2. 2. 2. 2. 2. 2. 2. 2. 2.
 2. 2. 2. 2. 2. 2. 2. 2. 2. 2. 2. 2. 2. 2. 2. 2. 2. 2. 2. 2. 2. 2. 2. 2.
 2. 2. 2. 2. 2. 2. 2. 2. 2. 2. 2. 2. 2. 2. 2. 2. 0. 0. 0. 0. 0. 0. 0. 0.
 0. 0. 0. 0. 0. 0. 0. 0. 0. 0. 0. 0. 0. 0. 0. 0. 0. 0. 0. 0. 0. 0. 0. 0.
 0. 0. 0. 0. 0. 0. 0. 0. 0. 0. 0. 0. 0. 0. 0. 0. 0. 0. 0. 0. 0. 0. 0. 0.
 0. 0. 0. 0. 0. 0. 0. 0. 0. 0. 0. 0. 0. 0. 0. 0. 0. 0. 0. 0. 0. 0. 0. 0.
 0. 0. 0. 0. 0. 0. 0. 0. 0. 0. 0. 0. 0. 0. 0. 0. 0. 0. 0. 0. 0. 0. 0. 0.
 0. 0. 0. 0. 0. 0. 0. 0. 0. 0. 0. 0. 0. 0. 0. 0. 0. 0. 0. 0. 0. 0. 0. 0.
 0. 0. 0. 0. 0. 0. 0. 0. 0. 0. 0. 0. 0. 0. 0. 0. 0. 0. 0. 0. 0. 0. 0. 0.
 0. 0. 0. 0. 0. 0. 0. 0. 0. 0. 0. 0. 0. 0. 0. 0. 0. 0. 0. 0. 0. 0. 0. 0.
 0. 0. 0. 0. 0. 0. 0. 0. 0. 0. 0. 0. 0. 0. 0. 0. 0. 0. 0. 0. 0. 0. 0. 0.
 0. 0. 0. 0. 0. 0. 0. 0. 0. 0. 0. 0. 0. 0. 0. 0. 0. 0. 0. 0. 0. 0. 0. 0.
 0. 0. 0. 0. 0. 0. 0. 0. 0. 0. 0. 0. 0. 0. 0. 0. 0. 0. 0. 0. 0. 0. 0. 0.
 0. 0. 0. 0. 0. 0. 0. 0. 0. 0. 0. 0. 0. 0. 0. 0. 0. 0. 0. 0. 0. 0. 0. 0.
 0. 0. 0. 0. 0. 0. 0. 0. 0. 0. 0. 0. 0. 0. 0. 0. 0. 0. 0. 0. 0. 0. 0. 0.
 0. 0. 0. 0. 0. 0. 0. 0. 0. 0. 0. 0. 0. 0. 0. 0. 0. 0. 0. 0. 0. 0. 0. 0.
 0. 0. 0. 0. 0. 0. 0. 0. 0. 0. 0. 0. 0. 0. 0. 0. 0. 0. 0. 0. 0. 0. 0. 0.
 0. 0. 0. 0. 0. 0. 0. 0.]
start SG
end SG -->  79.9291934967041


******** <class 'pyscf.pbc.dft.rks.RKS'> ********
method = RKS
initial guess = minao
damping factor = 0
level_shift factor = 0
DIIS = <class 'pyscf.scf.diis.CDIIS'>
diis_start_cycle = 1
diis_space = 8
diis_damp = 0
SCF conv_tol = 1e-08
SCF conv_tol_grad = None
SCF max_cycles = 50
direct_scf = True
direct_scf_tol = 1e-13
chkfile to save SCF result = /central/scratch/yangjunjie/run-scf-spc-diamond-prim-2-2-4-fftdf-occri-1-100-/48098884/tmpg67iv1o5
max_memory 409600 MB (current use 2059 MB)
******** PBC SCF flags ********
kpt = [0. 0. 0.]
Exchange divergence treatment (exxdiv) = None
DF object = <isdfx.isdfx.ISDFX object at 0x7f253aefe490>
XC functionals = PBE0
small_rho_cutoff = 1e-07
Overwritten attributes  get_ovlp get_hcore  of <class 'pyscf.pbc.dft.rks.RKS'>
Set gradient conv threshold to 0.0001
nelec by numeric integration = 127.99999999877095
    CPU time for vxc     29.19 sec, wall time     29.25 sec
~/packages/PeriodicIntegrals/PeriodicIntegrals-junjie-benchmark/isdfx/isdfx.py +4733
[[ 5.70738271e-01 -1.89831071e-02  1.02682180e-02 ...  2.30490284e-03
   3.04419755e-03 -4.94365030e-04]
 [-1.89831071e-02  8.00347423e-04 -1.18290095e-03 ... -1.73846139e-04
  -2.33518123e-04  4.01520070e-05]
 [ 1.02682180e-02 -1.18290095e-03  6.31689594e-01 ...  5.65338545e-04
   1.76254066e-03  3.59248716e-04]
 ...
 [ 2.30490284e-03 -1.73846139e-04  5.65338545e-04 ...  2.07985339e-03
   1.27471421e-04  1.62456765e-04]
 [ 3.04419755e-03 -2.33518123e-04  1.76254066e-03 ...  1.27471421e-04
   1.73734309e-03 -1.64593536e-04]
 [-4.94365030e-04  4.01520070e-05  3.59248716e-04 ...  1.62456765e-04
  -1.64593536e-04  2.16235114e-03]]
[[ 1.21107261e-01 -1.47323942e-01  2.84549794e-02 ...  3.50213029e-01
  -5.49398335e-01 -2.38896283e-01]
 [-4.74997513e-03  3.09198139e-03 -7.42398029e-04 ...  2.82480667e-01
  -4.43029852e-01 -1.91492154e-01]
 [-1.99802981e-04  1.39303733e-02  2.73353273e-02 ...  5.11353472e-02
  -7.01936759e-03  8.81389425e-02]
 ...
 [-1.29194283e-06  2.88464080e-03 -4.32261731e-03 ...  1.94522748e-02
   2.51595540e-03 -3.32188120e-02]
 [ 1.42095598e-06 -3.84636830e-03  5.76352044e-03 ...  2.56142822e-02
  -2.20891068e-02  1.30707114e-02]
 [-2.40421733e-07  5.55163757e-04 -8.31882509e-04 ...  3.79211212e-03
   4.42098318e-04 -6.46495184e-03]]
[2. 2. 2. 2. 2. 2. 2. 2. 2. 2. 2. 2. 2. 2. 2. 2. 2. 2. 2. 2. 2. 2. 2. 2.
 2. 2. 2. 2. 2. 2. 2. 2. 2. 2. 2. 2. 2. 2. 2. 2. 2. 2. 2. 2. 2. 2. 2. 2.
 2. 2. 2. 2. 2. 2. 2. 2. 2. 2. 2. 2. 2. 2. 2. 2. 0. 0. 0. 0. 0. 0. 0. 0.
 0. 0. 0. 0. 0. 0. 0. 0. 0. 0. 0. 0. 0. 0. 0. 0. 0. 0. 0. 0. 0. 0. 0. 0.
 0. 0. 0. 0. 0. 0. 0. 0. 0. 0. 0. 0. 0. 0. 0. 0. 0. 0. 0. 0. 0. 0. 0. 0.
 0. 0. 0. 0. 0. 0. 0. 0. 0. 0. 0. 0. 0. 0. 0. 0. 0. 0. 0. 0. 0. 0. 0. 0.
 0. 0. 0. 0. 0. 0. 0. 0. 0. 0. 0. 0. 0. 0. 0. 0. 0. 0. 0. 0. 0. 0. 0. 0.
 0. 0. 0. 0. 0. 0. 0. 0. 0. 0. 0. 0. 0. 0. 0. 0. 0. 0. 0. 0. 0. 0. 0. 0.
 0. 0. 0. 0. 0. 0. 0. 0. 0. 0. 0. 0. 0. 0. 0. 0. 0. 0. 0. 0. 0. 0. 0. 0.
 0. 0. 0. 0. 0. 0. 0. 0. 0. 0. 0. 0. 0. 0. 0. 0. 0. 0. 0. 0. 0. 0. 0. 0.
 0. 0. 0. 0. 0. 0. 0. 0. 0. 0. 0. 0. 0. 0. 0. 0. 0. 0. 0. 0. 0. 0. 0. 0.
 0. 0. 0. 0. 0. 0. 0. 0. 0. 0. 0. 0. 0. 0. 0. 0. 0. 0. 0. 0. 0. 0. 0. 0.
 0. 0. 0. 0. 0. 0. 0. 0. 0. 0. 0. 0. 0. 0. 0. 0. 0. 0. 0. 0. 0. 0. 0. 0.
 0. 0. 0. 0. 0. 0. 0. 0. 0. 0. 0. 0. 0. 0. 0. 0. 0. 0. 0. 0. 0. 0. 0. 0.
 0. 0. 0. 0. 0. 0. 0. 0. 0. 0. 0. 0. 0. 0. 0. 0. 0. 0. 0. 0. 0. 0. 0. 0.
 0. 0. 0. 0. 0. 0. 0. 0. 0. 0. 0. 0. 0. 0. 0. 0. 0. 0. 0. 0. 0. 0. 0. 0.
 0. 0. 0. 0. 0. 0. 0. 0. 0. 0. 0. 0. 0. 0. 0. 0. 0. 0. 0. 0. 0. 0. 0. 0.
 0. 0. 0. 0. 0. 0. 0. 0.]
start SG
end SG -->  79.93589401245117
    CPU time for vj and vk    110.37 sec, wall time    110.64 sec
E1 = 64.4587330558688  Ecoul = 17.69689136836028  Exc = -54.28606554154739
init E= -177.072410685096
    CPU time for initialize scf    139.63 sec, wall time    139.96 sec
  HOMO = 0.535292353092692  LUMO = 0.84233244315811
  mo_energy =
[-3.14632981e-01 -2.58251400e-01 -2.58251234e-01 -1.01597352e-01
 -1.00474738e-01 -1.00474501e-01 -1.00474298e-01 -9.30605176e-02
 -9.30600838e-02 -9.30510620e-02 -9.30502758e-02 -9.30416212e-02
 -9.30411975e-02 -3.54768942e-03 -3.54762348e-03 -3.54760068e-03
 -2.59433032e-03  1.24692990e-02  1.24693297e-02  1.24694282e-02
  1.42091966e-02  1.42092126e-02  1.42093155e-02  9.82183855e-02
  9.82185894e-02  9.82252482e-02  9.82258228e-02  9.82324639e-02
  9.82326280e-02  2.63616535e-01  2.63616557e-01  2.63623712e-01
  2.63623817e-01  2.63630437e-01  2.63630528e-01  2.70420339e-01
  2.70420346e-01  2.71769706e-01  2.71769942e-01  2.71770208e-01
  2.79292942e-01  2.79293302e-01  2.79293479e-01  3.30137846e-01
  3.30138150e-01  3.30138738e-01  3.30139391e-01  3.30140736e-01
  3.30141057e-01  4.08084938e-01  4.08084969e-01  4.13012025e-01
  4.13012287e-01  4.13012605e-01  4.18494406e-01  4.18494422e-01
  4.18494561e-01  4.52628889e-01  4.52629008e-01  4.52629076e-01
  4.52629119e-01  5.24309693e-01  5.24309751e-01  5.35292353e-01
  8.42332443e-01  8.44809567e-01  8.44809737e-01  8.68450349e-01
  8.68450469e-01  8.68450512e-01  8.71723278e-01  8.71723445e-01
  8.71723446e-01  8.91880740e-01  8.91880944e-01  8.91881044e-01
  8.91881216e-01  8.91881400e-01  8.91881562e-01  9.32293531e-01
  9.32293717e-01  9.32293726e-01  9.32293835e-01  9.56088850e-01
  9.56088996e-01  9.64191444e-01  9.64191447e-01  9.64191501e-01
  9.65666071e-01  9.65666187e-01  9.67574330e-01  9.67574591e-01
  9.67574939e-01  9.91978115e-01  9.95513010e-01  9.95513223e-01
  9.95513491e-01  1.12489351e+00  1.12489363e+00  1.12490558e+00
  1.12490590e+00  1.12491723e+00  1.12491757e+00  1.13123588e+00
  1.13123608e+00  1.13124311e+00  1.13124342e+00  1.13125152e+00
  1.13125172e+00  1.18034696e+00  1.18557383e+00  1.18557391e+00
  1.18557899e+00  1.18557926e+00  1.18558367e+00  1.18558377e+00
  1.24489028e+00  1.24489028e+00  1.27958278e+00  1.27958341e+00
  1.27958385e+00  1.28102867e+00  1.28102902e+00  1.28102960e+00
  1.34123374e+00  1.34123388e+00  1.34123393e+00  1.34217254e+00
  1.59057391e+00  1.59057396e+00  1.59058901e+00  1.59058931e+00
  1.59060522e+00  1.59060552e+00  1.70885066e+00  1.70901674e+00
  1.70901682e+00  1.70901699e+00  1.71609282e+00  1.71609349e+00
  1.71609427e+00  1.71614806e+00  1.71614868e+00  1.71614941e+00
  1.74117604e+00  1.74117610e+00  1.74117615e+00  1.74117623e+00
  1.75271609e+00  1.75271618e+00  1.75272583e+00  1.75272640e+00
  1.75273746e+00  1.75273783e+00  1.75762707e+00  1.75762718e+00
  1.90320228e+00  1.90320247e+00  1.90320280e+00  1.90505089e+00
  1.90505089e+00  1.90505098e+00  1.90560843e+00  1.90560860e+00
  1.91038719e+00  1.91038766e+00  1.92028868e+00  1.92028877e+00
  1.92030253e+00  1.92030264e+00  1.92031698e+00  1.92031705e+00
  2.04099163e+00  2.04099184e+00  2.04099196e+00  2.04103682e+00
  2.04103695e+00  2.04103720e+00  2.06257520e+00  2.06257532e+00
  2.06257532e+00  2.06319163e+00  2.06319176e+00  2.06319200e+00
  2.06369393e+00  2.06369414e+00  2.16388719e+00  2.16388729e+00
  2.16389327e+00  2.16389368e+00  2.16390031e+00  2.16390043e+00
  2.29026556e+00  2.29026566e+00  2.29027188e+00  2.29027203e+00
  2.29027733e+00  2.29027779e+00  2.34084028e+00  2.34084028e+00
  2.34084049e+00  2.34084071e+00  2.34639166e+00  2.34639198e+00
  2.34639228e+00  2.34713015e+00  2.34713047e+00  2.34713078e+00
  2.40702495e+00  2.40976327e+00  2.40976335e+00  2.47383075e+00
  2.47383108e+00  2.47433561e+00  2.48566878e+00  2.48566897e+00
  2.56837654e+00  2.56837660e+00  2.56838846e+00  2.56838849e+00
  2.56840086e+00  2.56840090e+00  2.61242569e+00  2.61242576e+00
  2.61242578e+00  2.61242582e+00  2.65336014e+00  2.65421551e+00
  2.65421568e+00  2.65421571e+00  2.76816613e+00  2.76816622e+00
  2.76818468e+00  2.76818480e+00  2.76820471e+00  2.76820482e+00
  2.78874163e+00  2.78874249e+00  2.78874295e+00  2.78942974e+00
  2.78942991e+00  2.78943057e+00  2.81816675e+00  2.81816710e+00
  2.81817020e+00  2.81817052e+00  2.81817492e+00  2.81817529e+00
  2.89594083e+00  2.89594110e+00  2.89594147e+00  2.89700605e+00
  2.90212748e+00  2.90212758e+00  2.90212942e+00  2.90212982e+00
  2.90213103e+00  2.90213115e+00  2.92669060e+00  2.92669065e+00
  2.92669077e+00  2.92744109e+00  2.92744132e+00  2.92797642e+00
  2.92797678e+00  2.92797747e+00  2.95491220e+00  2.95491238e+00
  2.95491366e+00  2.95491379e+00  2.95491484e+00  2.95491492e+00
  2.97662625e+00  2.97662637e+00  2.97817317e+00  2.97817323e+00
  2.97817339e+00  2.97835221e+00  2.97835278e+00  2.97835345e+00
  2.98051471e+00  2.98051504e+00  2.98051519e+00  2.98201475e+00
  2.98201483e+00  2.98201533e+00  3.02190942e+00  3.02190969e+00
  3.02191868e+00  3.02191889e+00  3.02192835e+00  3.02192857e+00
  3.02229887e+00  3.02229891e+00  3.02229951e+00  3.02277991e+00
  3.02278048e+00  3.02278050e+00  3.18278681e+00  3.18278684e+00
  3.18278707e+00  3.18278727e+00  3.18278771e+00  3.18278836e+00
  3.26814543e+00  3.27094408e+00  3.27094527e+00  3.27094551e+00
  3.32396132e+00  3.32396141e+00  3.32398536e+00  3.32398544e+00
  3.32401018e+00  3.32401024e+00  3.35511921e+00  3.35511927e+00
  3.35511949e+00  3.35511954e+00  3.35617413e+00  3.35617488e+00
  3.42961569e+00  3.42961590e+00  3.42961600e+00  3.42984751e+00
  3.42984773e+00  3.42984790e+00  3.56315005e+00  3.56315021e+00
  3.59057084e+00  3.59057087e+00  3.59057421e+00  3.59057452e+00
  3.59057841e+00  3.59057857e+00  3.61304679e+00  3.61304700e+00
  3.61304740e+00  3.61342786e+00  3.61342796e+00  3.61342826e+00
  3.61351553e+00  3.61351581e+00  3.62156644e+00  3.62156658e+00
  3.62156675e+00  3.62156680e+00  3.63202617e+00  3.63202700e+00
  3.73264786e+00  3.73264824e+00  3.73334285e+00  4.34644199e+00
  4.34644211e+00  4.34644970e+00  4.34645002e+00  4.34645710e+00
  4.34645721e+00  4.50523774e+00  4.50523790e+00  4.50523816e+00
  4.50608519e+00  4.50608530e+00  4.50608560e+00  4.50697397e+00
  4.50697406e+00  4.59821637e+00  4.59821658e+00  4.59821662e+00
  4.59821681e+00  4.60438223e+00  4.60438258e+00  4.60439599e+00
  4.60439659e+00  4.60440999e+00  4.60441033e+00  4.62226796e+00
  4.62354242e+00  4.62354280e+00  4.72431334e+00  4.72431378e+00
  4.72431438e+00  4.72553223e+00  4.72553243e+00  4.72553284e+00
  8.67475888e+00  8.86127704e+00  8.86135594e+00  9.00394025e+00
  9.01161331e+00  9.01161572e+00  9.01205330e+00  9.01206685e+00
  9.01290685e+00  9.01291328e+00  9.01638917e+00  9.01640388e+00
  9.01642930e+00  9.01678261e+00  9.01682469e+00  9.01687148e+00
  9.01697327e+00  9.01772564e+00  9.01798139e+00  9.01823952e+00
  9.02635323e+00  9.02646737e+00  9.04300454e+00  9.04300921e+00
  9.04341078e+00  9.04341796e+00  9.04444171e+00  9.04445637e+00
  9.06187619e+00  9.06210279e+00  9.06221813e+00  9.06240513e+00]
nelec by numeric integration = 127.99999999877093
    CPU time for vxc     25.81 sec, wall time     25.86 sec
~/packages/PeriodicIntegrals/PeriodicIntegrals-junjie-benchmark/isdfx/isdfx.py +4733
[[ 5.70735266e-01 -1.89827073e-02  1.02679482e-02 ...  2.30480143e-03
   3.04426638e-03 -4.94376215e-04]
 [-1.89827073e-02  8.00327752e-04 -1.18284365e-03 ... -1.73838798e-04
  -2.33524075e-04  4.01525524e-05]
 [ 1.02679482e-02 -1.18284365e-03  6.31688998e-01 ...  5.65277320e-04
   1.76256137e-03  3.59241687e-04]
 ...
 [ 2.30480143e-03 -1.73838798e-04  5.65277320e-04 ...  2.07984873e-03
   1.27438426e-04  1.62459056e-04]
 [ 3.04426638e-03 -2.33524075e-04  1.76256137e-03 ...  1.27438426e-04
   1.73737286e-03 -1.64588665e-04]
 [-4.94376215e-04  4.01525524e-05  3.59241687e-04 ...  1.62459056e-04
  -1.64588665e-04  2.16233106e-03]]
[[ 1.21106076e-01  2.84482799e-02 -1.47320658e-01 ... -3.50013552e-01
  -5.74740799e-01 -1.67805393e-01]
 [-4.74991146e-03 -7.42125637e-04  3.09179583e-03 ... -2.82495566e-01
  -4.63608206e-01 -1.34255200e-01]
 [-1.98483770e-04  2.73353067e-02  1.39297822e-02 ... -5.10363044e-02
   4.10117472e-03  8.81539490e-02]
 ...
 [-1.49132302e-06 -4.32271871e-03  2.88459333e-03 ... -1.94415357e-02
  -1.67424336e-03 -3.32486665e-02]
 [ 1.63976991e-06  5.76368580e-03 -3.84641911e-03 ... -2.55949611e-02
  -2.02581948e-02  1.57298408e-02]
 [-2.84398394e-07 -8.31905903e-04  5.55143371e-04 ... -3.79115959e-03
  -3.73986445e-04 -6.46541436e-03]]
[2. 2. 2. 2. 2. 2. 2. 2. 2. 2. 2. 2. 2. 2. 2. 2. 2. 2. 2. 2. 2. 2. 2. 2.
 2. 2. 2. 2. 2. 2. 2. 2. 2. 2. 2. 2. 2. 2. 2. 2. 2. 2. 2. 2. 2. 2. 2. 2.
 2. 2. 2. 2. 2. 2. 2. 2. 2. 2. 2. 2. 2. 2. 2. 2. 0. 0. 0. 0. 0. 0. 0. 0.
 0. 0. 0. 0. 0. 0. 0. 0. 0. 0. 0. 0. 0. 0. 0. 0. 0. 0. 0. 0. 0. 0. 0. 0.
 0. 0. 0. 0. 0. 0. 0. 0. 0. 0. 0. 0. 0. 0. 0. 0. 0. 0. 0. 0. 0. 0. 0. 0.
 0. 0. 0. 0. 0. 0. 0. 0. 0. 0. 0. 0. 0. 0. 0. 0. 0. 0. 0. 0. 0. 0. 0. 0.
 0. 0. 0. 0. 0. 0. 0. 0. 0. 0. 0. 0. 0. 0. 0. 0. 0. 0. 0. 0. 0. 0. 0. 0.
 0. 0. 0. 0. 0. 0. 0. 0. 0. 0. 0. 0. 0. 0. 0. 0. 0. 0. 0. 0. 0. 0. 0. 0.
 0. 0. 0. 0. 0. 0. 0. 0. 0. 0. 0. 0. 0. 0. 0. 0. 0. 0. 0. 0. 0. 0. 0. 0.
 0. 0. 0. 0. 0. 0. 0. 0. 0. 0. 0. 0. 0. 0. 0. 0. 0. 0. 0. 0. 0. 0. 0. 0.
 0. 0. 0. 0. 0. 0. 0. 0. 0. 0. 0. 0. 0. 0. 0. 0. 0. 0. 0. 0. 0. 0. 0. 0.
 0. 0. 0. 0. 0. 0. 0. 0. 0. 0. 0. 0. 0. 0. 0. 0. 0. 0. 0. 0. 0. 0. 0. 0.
 0. 0. 0. 0. 0. 0. 0. 0. 0. 0. 0. 0. 0. 0. 0. 0. 0. 0. 0. 0. 0. 0. 0. 0.
 0. 0. 0. 0. 0. 0. 0. 0. 0. 0. 0. 0. 0. 0. 0. 0. 0. 0. 0. 0. 0. 0. 0. 0.
 0. 0. 0. 0. 0. 0. 0. 0. 0. 0. 0. 0. 0. 0. 0. 0. 0. 0. 0. 0. 0. 0. 0. 0.
 0. 0. 0. 0. 0. 0. 0. 0. 0. 0. 0. 0. 0. 0. 0. 0. 0. 0. 0. 0. 0. 0. 0. 0.
 0. 0. 0. 0. 0. 0. 0. 0. 0. 0. 0. 0. 0. 0. 0. 0. 0. 0. 0. 0. 0. 0. 0. 0.
 0. 0. 0. 0. 0. 0. 0. 0.]
start SG
end SG -->  80.02337288856506
    CPU time for vj and vk    110.56 sec, wall time    110.83 sec
E1 = 64.45873413695755  Ecoul = 17.696886426733673  Exc = -54.286061681047414
cycle= 1 E= -177.072410685134  delta_E= -3.79e-11  |g|= 4.76e-05  |ddm|= 6.88e-05
    CPU time for cycle= 1    136.41 sec, wall time    136.74 sec
  HOMO = 0.535292471515975  LUMO = 0.842332349619155
  mo_energy =
[-3.14633004e-01 -2.58251448e-01 -2.58251250e-01 -1.01597464e-01
 -1.00475024e-01 -1.00474478e-01 -1.00473970e-01 -9.30615152e-02
 -9.30609047e-02 -9.30517275e-02 -9.30505979e-02 -9.30403042e-02
 -9.30396616e-02 -3.54789142e-03 -3.54771965e-03 -3.54758933e-03
 -2.59422916e-03  1.24689003e-02  1.24692372e-02  1.24696402e-02
  1.42089346e-02  1.42092824e-02  1.42097184e-02  9.82174249e-02
  9.82177690e-02  9.82250179e-02  9.82258064e-02  9.82330807e-02
  9.82334635e-02  2.63615781e-01  2.63615796e-01  2.63623143e-01
  2.63623181e-01  2.63632015e-01  2.63632074e-01  2.70420385e-01
  2.70420392e-01  2.71769796e-01  2.71769891e-01  2.71770017e-01
  2.79293100e-01  2.79293283e-01  2.79293285e-01  3.30137679e-01
  3.30138077e-01  3.30138738e-01  3.30139987e-01  3.30140344e-01
  3.30140735e-01  4.08084902e-01  4.08084932e-01  4.13012144e-01
  4.13012201e-01  4.13012315e-01  4.18493863e-01  4.18494461e-01
  4.18495183e-01  4.52628787e-01  4.52628832e-01  4.52629087e-01
  4.52629205e-01  5.24309621e-01  5.24309679e-01  5.35292472e-01
  8.42332350e-01  8.44809573e-01  8.44809743e-01  8.68450175e-01
  8.68450355e-01  8.68450457e-01  8.71723277e-01  8.71723512e-01
  8.71723578e-01  8.91880546e-01  8.91880570e-01  8.91880781e-01
  8.91881014e-01  8.91881422e-01  8.91881856e-01  9.32293450e-01
  9.32293569e-01  9.32293722e-01  9.32293918e-01  9.56088800e-01
  9.56088938e-01  9.64190953e-01  9.64191344e-01  9.64191781e-01
  9.65666004e-01  9.65666121e-01  9.67574616e-01  9.67574660e-01
  9.67574791e-01  9.91978019e-01  9.95512922e-01  9.95513275e-01
  9.95513681e-01  1.12489240e+00  1.12489259e+00  1.12490512e+00
  1.12490544e+00  1.12491917e+00  1.12491920e+00  1.13123584e+00
  1.13123605e+00  1.13124321e+00  1.13124415e+00  1.13125120e+00
  1.13125141e+00  1.18034693e+00  1.18557334e+00  1.18557341e+00
  1.18557901e+00  1.18557907e+00  1.18558423e+00  1.18558434e+00
  1.24489030e+00  1.24489034e+00  1.27958313e+00  1.27958338e+00
  1.27958343e+00  1.28102900e+00  1.28102903e+00  1.28102919e+00
  1.34123343e+00  1.34123386e+00  1.34123406e+00  1.34217261e+00
  1.59057275e+00  1.59057292e+00  1.59058912e+00  1.59058944e+00
  1.59060612e+00  1.59060620e+00  1.70885067e+00  1.70901650e+00
  1.70901698e+00  1.70901703e+00  1.71609278e+00  1.71609348e+00
  1.71609428e+00  1.71614799e+00  1.71614862e+00  1.71614937e+00
  1.74117601e+00  1.74117609e+00  1.74117617e+00  1.74117624e+00
  1.75271544e+00  1.75271553e+00  1.75272606e+00  1.75272630e+00
  1.75273793e+00  1.75273813e+00  1.75762705e+00  1.75762715e+00
  1.90320238e+00  1.90320240e+00  1.90320250e+00  1.90505086e+00
  1.90505090e+00  1.90505103e+00  1.90560842e+00  1.90560859e+00
  1.91038739e+00  1.91038750e+00  1.92028861e+00  1.92028871e+00
  1.92030263e+00  1.92030304e+00  1.92031658e+00  1.92031670e+00
  2.04099159e+00  2.04099183e+00  2.04099198e+00  2.04103680e+00
  2.04103691e+00  2.04103712e+00  2.06257495e+00  2.06257531e+00
  2.06257554e+00  2.06319164e+00  2.06319170e+00  2.06319186e+00
  2.06369397e+00  2.06369417e+00  2.16388674e+00  2.16388690e+00
  2.16389347e+00  2.16389389e+00  2.16390029e+00  2.16390044e+00
  2.29026445e+00  2.29026486e+00  2.29027115e+00  2.29027189e+00
  2.29027891e+00  2.29027895e+00  2.34084019e+00  2.34084034e+00
  2.34084040e+00  2.34084077e+00  2.34639187e+00  2.34639191e+00
  2.34639193e+00  2.34713045e+00  2.34713049e+00  2.34713051e+00
  2.40702486e+00  2.40976325e+00  2.40976333e+00  2.47383070e+00
  2.47383104e+00  2.47433562e+00  2.48566881e+00  2.48566887e+00
  2.56837565e+00  2.56837569e+00  2.56838817e+00  2.56838826e+00
  2.56840194e+00  2.56840201e+00  2.61242562e+00  2.61242568e+00
  2.61242574e+00  2.61242584e+00  2.65336011e+00  2.65421530e+00
  2.65421567e+00  2.65421581e+00  2.76816597e+00  2.76816602e+00
  2.76818480e+00  2.76818524e+00  2.76820458e+00  2.76820461e+00
  2.78874197e+00  2.78874246e+00  2.78874254e+00  2.78942987e+00
  2.78942997e+00  2.78943026e+00  2.81816653e+00  2.81816679e+00
  2.81817003e+00  2.81817147e+00  2.81817486e+00  2.81817513e+00
  2.89594079e+00  2.89594103e+00  2.89594137e+00  2.89700610e+00
  2.90212712e+00  2.90212740e+00  2.90212929e+00  2.90212983e+00
  2.90213141e+00  2.90213167e+00  2.92669013e+00  2.92669057e+00
  2.92669121e+00  2.92744104e+00  2.92744127e+00  2.92797678e+00
  2.92797679e+00  2.92797710e+00  2.95491191e+00  2.95491194e+00
  2.95491368e+00  2.95491393e+00  2.95491482e+00  2.95491503e+00
  2.97662615e+00  2.97662626e+00  2.97817304e+00  2.97817320e+00
  2.97817365e+00  2.97835245e+00  2.97835275e+00  2.97835315e+00
  2.98051464e+00  2.98051498e+00  2.98051515e+00  2.98201470e+00
  2.98201480e+00  2.98201532e+00  3.02190964e+00  3.02190991e+00
  3.02191810e+00  3.02191871e+00  3.02192837e+00  3.02192868e+00
  3.02229885e+00  3.02229908e+00  3.02229927e+00  3.02278008e+00
  3.02278029e+00  3.02278050e+00  3.18278655e+00  3.18278664e+00
  3.18278693e+00  3.18278703e+00  3.18278805e+00  3.18278860e+00
  3.26814532e+00  3.27094381e+00  3.27094526e+00  3.27094577e+00
  3.32396137e+00  3.32396149e+00  3.32398550e+00  3.32398586e+00
  3.32400959e+00  3.32400974e+00  3.35511911e+00  3.35511924e+00
  3.35511933e+00  3.35511957e+00  3.35617427e+00  3.35617474e+00
  3.42961570e+00  3.42961583e+00  3.42961586e+00  3.42984762e+00
  3.42984773e+00  3.42984779e+00  3.56315002e+00  3.56315018e+00
  3.59057049e+00  3.59057053e+00  3.59057432e+00  3.59057443e+00
  3.59057866e+00  3.59057884e+00  3.61304691e+00  3.61304696e+00
  3.61304721e+00  3.61342784e+00  3.61342794e+00  3.61342824e+00
  3.61351548e+00  3.61351576e+00  3.62156631e+00  3.62156647e+00
  3.62156667e+00  3.62156703e+00  3.63202612e+00  3.63202701e+00
  3.73264781e+00  3.73264819e+00  3.73334288e+00  4.34644102e+00
  4.34644106e+00  4.34644936e+00  4.34644937e+00  4.34645853e+00
  4.34645856e+00  4.50523738e+00  4.50523786e+00  4.50523844e+00
  4.50608497e+00  4.50608527e+00  4.50608576e+00  4.50697394e+00
  4.50697404e+00  4.59821630e+00  4.59821653e+00  4.59821657e+00
  4.59821682e+00  4.60438205e+00  4.60438230e+00  4.60439614e+00
  4.60439716e+00  4.60440985e+00  4.60441011e+00  4.62226794e+00
  4.62354238e+00  4.62354276e+00  4.72431358e+00  4.72431374e+00
  4.72431405e+00  4.72553222e+00  4.72553228e+00  4.72553296e+00
  8.67475882e+00  8.86127728e+00  8.86135559e+00  9.00393987e+00
  9.01161162e+00  9.01161333e+00  9.01205186e+00  9.01206497e+00
  9.01290942e+00  9.01291428e+00  9.01638889e+00  9.01640235e+00
  9.01642620e+00  9.01678118e+00  9.01682480e+00  9.01686938e+00
  9.01697292e+00  9.01773159e+00  9.01798451e+00  9.01824086e+00
  9.02635372e+00  9.02646757e+00  9.04300324e+00  9.04300725e+00
  9.04341025e+00  9.04341622e+00  9.04444408e+00  9.04445996e+00
  9.06187499e+00  9.06210290e+00  9.06221969e+00  9.06240524e+00]
nelec by numeric integration = 127.99999999877096
    CPU time for vxc     25.73 sec, wall time     25.78 sec
~/packages/PeriodicIntegrals/PeriodicIntegrals-junjie-benchmark/isdfx/isdfx.py +4733
[[ 5.70736901e-01 -1.89829231e-02  1.02691671e-02 ...  2.30486574e-03
   3.04421420e-03 -4.94368795e-04]
 [-1.89829231e-02  8.00343395e-04 -1.18302415e-03 ... -1.73844662e-04
  -2.33519578e-04  4.01518613e-05]
 [ 1.02691671e-02 -1.18302415e-03  6.31688532e-01 ...  5.65317116e-04
   1.76254842e-03  3.59244911e-04]
 ...
 [ 2.30486574e-03 -1.73844662e-04  5.65317116e-04 ...  2.07988705e-03
   1.27476757e-04  1.62456381e-04]
 [ 3.04421420e-03 -2.33519578e-04  1.76254842e-03 ...  1.27476757e-04
   1.73736616e-03 -1.64601749e-04]
 [-4.94368795e-04  4.01518613e-05  3.59244911e-04 ...  1.62456381e-04
  -1.64601749e-04  2.16237498e-03]]
[[ 1.21105971e-01 -1.47323749e-01  2.84634905e-02 ...  3.49991883e-01
  -5.73835949e-01 -1.70490992e-01]
 [-4.74992738e-03  3.09192904e-03 -7.42715958e-04 ...  2.82473881e-01
  -4.62875781e-01 -1.36412370e-01]
 [-2.01441403e-04  1.39309465e-02  2.73352059e-02 ...  5.10345636e-02
   3.68528755e-03  8.81689528e-02]
 ...
 [-1.06380279e-06  2.88462678e-03 -4.32261693e-03 ...  1.94380433e-02
  -1.51996925e-03 -3.32538972e-02]
 [ 1.15893197e-06 -3.84628593e-03  5.76350511e-03 ...  2.55951391e-02
  -2.03312470e-02  1.56352807e-02]
 [-1.93895013e-07  5.55166197e-04 -8.31881806e-04 ...  3.79088750e-03
  -3.43213074e-04 -6.46750688e-03]]
[2. 2. 2. 2. 2. 2. 2. 2. 2. 2. 2. 2. 2. 2. 2. 2. 2. 2. 2. 2. 2. 2. 2. 2.
 2. 2. 2. 2. 2. 2. 2. 2. 2. 2. 2. 2. 2. 2. 2. 2. 2. 2. 2. 2. 2. 2. 2. 2.
 2. 2. 2. 2. 2. 2. 2. 2. 2. 2. 2. 2. 2. 2. 2. 2. 0. 0. 0. 0. 0. 0. 0. 0.
 0. 0. 0. 0. 0. 0. 0. 0. 0. 0. 0. 0. 0. 0. 0. 0. 0. 0. 0. 0. 0. 0. 0. 0.
 0. 0. 0. 0. 0. 0. 0. 0. 0. 0. 0. 0. 0. 0. 0. 0. 0. 0. 0. 0. 0. 0. 0. 0.
 0. 0. 0. 0. 0. 0. 0. 0. 0. 0. 0. 0. 0. 0. 0. 0. 0. 0. 0. 0. 0. 0. 0. 0.
 0. 0. 0. 0. 0. 0. 0. 0. 0. 0. 0. 0. 0. 0. 0. 0. 0. 0. 0. 0. 0. 0. 0. 0.
 0. 0. 0. 0. 0. 0. 0. 0. 0. 0. 0. 0. 0. 0. 0. 0. 0. 0. 0. 0. 0. 0. 0. 0.
 0. 0. 0. 0. 0. 0. 0. 0. 0. 0. 0. 0. 0. 0. 0. 0. 0. 0. 0. 0. 0. 0. 0. 0.
 0. 0. 0. 0. 0. 0. 0. 0. 0. 0. 0. 0. 0. 0. 0. 0. 0. 0. 0. 0. 0. 0. 0. 0.
 0. 0. 0. 0. 0. 0. 0. 0. 0. 0. 0. 0. 0. 0. 0. 0. 0. 0. 0. 0. 0. 0. 0. 0.
 0. 0. 0. 0. 0. 0. 0. 0. 0. 0. 0. 0. 0. 0. 0. 0. 0. 0. 0. 0. 0. 0. 0. 0.
 0. 0. 0. 0. 0. 0. 0. 0. 0. 0. 0. 0. 0. 0. 0. 0. 0. 0. 0. 0. 0. 0. 0. 0.
 0. 0. 0. 0. 0. 0. 0. 0. 0. 0. 0. 0. 0. 0. 0. 0. 0. 0. 0. 0. 0. 0. 0. 0.
 0. 0. 0. 0. 0. 0. 0. 0. 0. 0. 0. 0. 0. 0. 0. 0. 0. 0. 0. 0. 0. 0. 0. 0.
 0. 0. 0. 0. 0. 0. 0. 0. 0. 0. 0. 0. 0. 0. 0. 0. 0. 0. 0. 0. 0. 0. 0. 0.
 0. 0. 0. 0. 0. 0. 0. 0. 0. 0. 0. 0. 0. 0. 0. 0. 0. 0. 0. 0. 0. 0. 0. 0.
 0. 0. 0. 0. 0. 0. 0. 0.]
start SG
end SG -->  80.90274310112
    CPU time for vj and vk    111.39 sec, wall time    111.66 sec
E1 = 64.45873476756344  Ecoul = 17.696885258340245  Exc = -54.28606114232933
Extra cycle  E= -177.072410684203  delta_E= 9.31e-10  |g|= 8.21e-05  |ddm|= 9.04e-05
    CPU time for scf_cycle    413.21 sec, wall time    414.20 sec
    CPU time for SCF    413.29 sec, wall time    414.28 sec
converged SCF energy = -177.072410684203
Successfully saved all results to /central/scratch/yangjunjie//run-scf-spc-diamond-prim-2-2-4-fftdf-occri-1-100-/48098884/scf.h5
