SLURMD_NODENAME = hpc-54-25
Start time = Mon Mar 17 04:17:47 PM PDT 2025
OMP_NUM_THREADS = 1
MKL_NUM_THREADS = 1
PYSCF_MAX_MEMORY = 409600
TMPDIR = /central/scratch/yangjunjie//run-scf-spc-diamond-prim-2-2-4-fftdf-occri-1-100-/48050877/
PYSCF_TMPDIR = /central/scratch/yangjunjie//run-scf-spc-diamond-prim-2-2-4-fftdf-occri-1-100-/48050877/

/home/junjiey/anaconda3/envs/fftisdf/bin/python
2.8.0
1.13.1
2.0.2
fft_engine = NUMPY+BLAS
name = diamond-prim
ke_cutoff =  1.00e+02
exxdiv = None
df = fftdf-occri
chk_path = ../../gdf-32/tmp/scf.h5
mesh = 2,2,4

Discarded 6 diffused primitive functions, 0 contracted functions
ke_cutoff = 100.0
None

******** <class 'ISDFX'> ********
lin_dep_thresh: 1e-10
alpha_cutoff: 2.8
rcut_epsilon: 1e-05
ke_epsilon: 1e-05
isdf_thresh: 0.0001
grid_vol_cutoff: 0.05
ke_step: 2.0
ao_tol: 1e-12
multigrid_on: False
direct_j: True
iterative_build: True
occRI: True
voronoi: True
fit_sparse_grid: False
fit_dense_grid: False
direct_k_sparse: True
direct_k: False
use_kpt_symm: False
kmesh: [1, 1, 1]
isdf_pts_from_q0: True
isdf_pts_from_gamma_point: False
alpha: None
do_real_isdf: False
N_xi: None
use_cell_periodic: False
isdf_thresh_sparse: None
ncopy: [1, 1, 1]
j_grid_mesh: None
k_grid_mesh: None
num_j_grids: 100
get_ao_from_pyscf: False
nuc_pp_version: 0
vppnl_ver: 0
universal_dense_grid: None
same_jk_grids: None
coulomb_only: False
max_memory   409600 MB (current use       92 MB)

Exchange function: getK_occRI  

cell mesh: [47 47 93]
nbas:  384
Grid     keMax    keMin    keGrid   expMax   expMin   nexp     lmax     PWs      mesh        
0        100.0    100.0    100.0    5.6      0.3      4        2        205437   [47 47 93]  

ISDF

atm      grid     Ng       NI       Nxi      sharp    on_grid  diffuse  maxexp   minexp   lmax     lmin    
-        1        205437   205437   205437   1152     1152     1152     5.61     0.35     2        0       
ISDF-pts:       0.00
ISDF-vec:       0.00
Fit dense grids ISDF:       0.00
Fit sparse grids ISDF:       0.00

Grid     PWs      Ng_i     N_xi     N_mu    
0        205437   205437   205437   1152    
1        205437   205437   205437   1152    

nTHC: 410874
Mem Required (MB):       0.00
Curent RAM Use (MB) :       2030 

Build W
ISDF-fft dense grids (sec):       0.00
Curent RAM Use (MB) :       2030 
ISDF-fft:       0.00

Initial guess from minao.
Successfully loaded dm0 from ../../gdf-32/tmp/scf.h5
~/packages/PeriodicIntegrals/PeriodicIntegrals-junjie-benchmark/isdfx/isdfx.py +4733
[[ 5.70738271e-01 -1.89831071e-02  1.02682180e-02 ...  2.30490284e-03
   3.04419755e-03 -4.94365030e-04]
 [-1.89831071e-02  8.00347423e-04 -1.18290095e-03 ... -1.73846139e-04
  -2.33518123e-04  4.01520070e-05]
 [ 1.02682180e-02 -1.18290095e-03  6.31689594e-01 ...  5.65338545e-04
   1.76254066e-03  3.59248716e-04]
 ...
 [ 2.30490284e-03 -1.73846139e-04  5.65338545e-04 ...  2.07985339e-03
   1.27471421e-04  1.62456765e-04]
 [ 3.04419755e-03 -2.33518123e-04  1.76254066e-03 ...  1.27471421e-04
   1.73734309e-03 -1.64593536e-04]
 [-4.94365030e-04  4.01520070e-05  3.59248716e-04 ...  1.62456765e-04
  -1.64593536e-04  2.16235114e-03]]
[[ 1.21107261e-01 -1.47323942e-01  2.84549799e-02 ...  3.50213029e-01
  -5.49398335e-01 -2.38896283e-01]
 [-4.74997513e-03  3.09198139e-03 -7.42398038e-04 ...  2.82480667e-01
  -4.43029852e-01 -1.91492154e-01]
 [-1.99802981e-04  1.39303734e-02  2.73353272e-02 ...  5.11353472e-02
  -7.01936759e-03  8.81389425e-02]
 ...
 [-1.29194283e-06  2.88464078e-03 -4.32261732e-03 ...  1.94522748e-02
   2.51595540e-03 -3.32188120e-02]
 [ 1.42095598e-06 -3.84636829e-03  5.76352045e-03 ...  2.56142822e-02
  -2.20891068e-02  1.30707114e-02]
 [-2.40421733e-07  5.55163755e-04 -8.31882510e-04 ...  3.79211212e-03
   4.42098318e-04 -6.46495184e-03]]
[2. 2. 2. 2. 2. 2. 2. 2. 2. 2. 2. 2. 2. 2. 2. 2. 2. 2. 2. 2. 2. 2. 2. 2.
 2. 2. 2. 2. 2. 2. 2. 2. 2. 2. 2. 2. 2. 2. 2. 2. 2. 2. 2. 2. 2. 2. 2. 2.
 2. 2. 2. 2. 2. 2. 2. 2. 2. 2. 2. 2. 2. 2. 2. 2. 0. 0. 0. 0. 0. 0. 0. 0.
 0. 0. 0. 0. 0. 0. 0. 0. 0. 0. 0. 0. 0. 0. 0. 0. 0. 0. 0. 0. 0. 0. 0. 0.
 0. 0. 0. 0. 0. 0. 0. 0. 0. 0. 0. 0. 0. 0. 0. 0. 0. 0. 0. 0. 0. 0. 0. 0.
 0. 0. 0. 0. 0. 0. 0. 0. 0. 0. 0. 0. 0. 0. 0. 0. 0. 0. 0. 0. 0. 0. 0. 0.
 0. 0. 0. 0. 0. 0. 0. 0. 0. 0. 0. 0. 0. 0. 0. 0. 0. 0. 0. 0. 0. 0. 0. 0.
 0. 0. 0. 0. 0. 0. 0. 0. 0. 0. 0. 0. 0. 0. 0. 0. 0. 0. 0. 0. 0. 0. 0. 0.
 0. 0. 0. 0. 0. 0. 0. 0. 0. 0. 0. 0. 0. 0. 0. 0. 0. 0. 0. 0. 0. 0. 0. 0.
 0. 0. 0. 0. 0. 0. 0. 0. 0. 0. 0. 0. 0. 0. 0. 0. 0. 0. 0. 0. 0. 0. 0. 0.
 0. 0. 0. 0. 0. 0. 0. 0. 0. 0. 0. 0. 0. 0. 0. 0. 0. 0. 0. 0. 0. 0. 0. 0.
 0. 0. 0. 0. 0. 0. 0. 0. 0. 0. 0. 0. 0. 0. 0. 0. 0. 0. 0. 0. 0. 0. 0. 0.
 0. 0. 0. 0. 0. 0. 0. 0. 0. 0. 0. 0. 0. 0. 0. 0. 0. 0. 0. 0. 0. 0. 0. 0.
 0. 0. 0. 0. 0. 0. 0. 0. 0. 0. 0. 0. 0. 0. 0. 0. 0. 0. 0. 0. 0. 0. 0. 0.
 0. 0. 0. 0. 0. 0. 0. 0. 0. 0. 0. 0. 0. 0. 0. 0. 0. 0. 0. 0. 0. 0. 0. 0.
 0. 0. 0. 0. 0. 0. 0. 0. 0. 0. 0. 0. 0. 0. 0. 0. 0. 0. 0. 0. 0. 0. 0. 0.
 0. 0. 0. 0. 0. 0. 0. 0. 0. 0. 0. 0. 0. 0. 0. 0. 0. 0. 0. 0. 0. 0. 0. 0.
 0. 0. 0. 0. 0. 0. 0. 0.]
~/packages/PeriodicIntegrals/PeriodicIntegrals-junjie-benchmark/isdfx/isdfx.py +4733
[[ 5.70738271e-01 -1.89831071e-02  1.02682180e-02 ...  2.30490284e-03
   3.04419755e-03 -4.94365030e-04]
 [-1.89831071e-02  8.00347423e-04 -1.18290095e-03 ... -1.73846139e-04
  -2.33518123e-04  4.01520070e-05]
 [ 1.02682180e-02 -1.18290095e-03  6.31689594e-01 ...  5.65338545e-04
   1.76254066e-03  3.59248716e-04]
 ...
 [ 2.30490284e-03 -1.73846139e-04  5.65338545e-04 ...  2.07985339e-03
   1.27471421e-04  1.62456765e-04]
 [ 3.04419755e-03 -2.33518123e-04  1.76254066e-03 ...  1.27471421e-04
   1.73734309e-03 -1.64593536e-04]
 [-4.94365030e-04  4.01520070e-05  3.59248716e-04 ...  1.62456765e-04
  -1.64593536e-04  2.16235114e-03]]
[[ 1.21107261e-01 -1.47323942e-01  2.84549799e-02 ...  3.50213029e-01
  -5.49398335e-01 -2.38896283e-01]
 [-4.74997513e-03  3.09198139e-03 -7.42398038e-04 ...  2.82480667e-01
  -4.43029852e-01 -1.91492154e-01]
 [-1.99802981e-04  1.39303734e-02  2.73353272e-02 ...  5.11353472e-02
  -7.01936759e-03  8.81389425e-02]
 ...
 [-1.29194283e-06  2.88464078e-03 -4.32261732e-03 ...  1.94522748e-02
   2.51595540e-03 -3.32188120e-02]
 [ 1.42095598e-06 -3.84636829e-03  5.76352045e-03 ...  2.56142822e-02
  -2.20891068e-02  1.30707114e-02]
 [-2.40421733e-07  5.55163755e-04 -8.31882510e-04 ...  3.79211212e-03
   4.42098318e-04 -6.46495184e-03]]
[2. 2. 2. 2. 2. 2. 2. 2. 2. 2. 2. 2. 2. 2. 2. 2. 2. 2. 2. 2. 2. 2. 2. 2.
 2. 2. 2. 2. 2. 2. 2. 2. 2. 2. 2. 2. 2. 2. 2. 2. 2. 2. 2. 2. 2. 2. 2. 2.
 2. 2. 2. 2. 2. 2. 2. 2. 2. 2. 2. 2. 2. 2. 2. 2. 0. 0. 0. 0. 0. 0. 0. 0.
 0. 0. 0. 0. 0. 0. 0. 0. 0. 0. 0. 0. 0. 0. 0. 0. 0. 0. 0. 0. 0. 0. 0. 0.
 0. 0. 0. 0. 0. 0. 0. 0. 0. 0. 0. 0. 0. 0. 0. 0. 0. 0. 0. 0. 0. 0. 0. 0.
 0. 0. 0. 0. 0. 0. 0. 0. 0. 0. 0. 0. 0. 0. 0. 0. 0. 0. 0. 0. 0. 0. 0. 0.
 0. 0. 0. 0. 0. 0. 0. 0. 0. 0. 0. 0. 0. 0. 0. 0. 0. 0. 0. 0. 0. 0. 0. 0.
 0. 0. 0. 0. 0. 0. 0. 0. 0. 0. 0. 0. 0. 0. 0. 0. 0. 0. 0. 0. 0. 0. 0. 0.
 0. 0. 0. 0. 0. 0. 0. 0. 0. 0. 0. 0. 0. 0. 0. 0. 0. 0. 0. 0. 0. 0. 0. 0.
 0. 0. 0. 0. 0. 0. 0. 0. 0. 0. 0. 0. 0. 0. 0. 0. 0. 0. 0. 0. 0. 0. 0. 0.
 0. 0. 0. 0. 0. 0. 0. 0. 0. 0. 0. 0. 0. 0. 0. 0. 0. 0. 0. 0. 0. 0. 0. 0.
 0. 0. 0. 0. 0. 0. 0. 0. 0. 0. 0. 0. 0. 0. 0. 0. 0. 0. 0. 0. 0. 0. 0. 0.
 0. 0. 0. 0. 0. 0. 0. 0. 0. 0. 0. 0. 0. 0. 0. 0. 0. 0. 0. 0. 0. 0. 0. 0.
 0. 0. 0. 0. 0. 0. 0. 0. 0. 0. 0. 0. 0. 0. 0. 0. 0. 0. 0. 0. 0. 0. 0. 0.
 0. 0. 0. 0. 0. 0. 0. 0. 0. 0. 0. 0. 0. 0. 0. 0. 0. 0. 0. 0. 0. 0. 0. 0.
 0. 0. 0. 0. 0. 0. 0. 0. 0. 0. 0. 0. 0. 0. 0. 0. 0. 0. 0. 0. 0. 0. 0. 0.
 0. 0. 0. 0. 0. 0. 0. 0. 0. 0. 0. 0. 0. 0. 0. 0. 0. 0. 0. 0. 0. 0. 0. 0.
 0. 0. 0. 0. 0. 0. 0. 0.]
start SG
end SG -->  62.367913484573364


******** <class 'pyscf.pbc.dft.rks.RKS'> ********
method = RKS
initial guess = minao
damping factor = 0
level_shift factor = 0
DIIS = <class 'pyscf.scf.diis.CDIIS'>
diis_start_cycle = 1
diis_space = 8
diis_damp = 0
SCF conv_tol = 1e-08
SCF conv_tol_grad = None
SCF max_cycles = 50
direct_scf = True
direct_scf_tol = 1e-13
chkfile to save SCF result = /central/scratch/yangjunjie/run-scf-spc-diamond-prim-2-2-4-fftdf-occri-1-100-/48050877/tmp452ioolb
max_memory 409600 MB (current use 2057 MB)
******** PBC SCF flags ********
kpt = [0. 0. 0.]
Exchange divergence treatment (exxdiv) = None
DF object = <isdfx.isdfx.ISDFX object at 0x7f2212cfe850>
XC functionals = PBE0
small_rho_cutoff = 1e-07
Set gradient conv threshold to 0.0001
nelec by numeric integration = 127.9999999987709
    CPU time for vxc     22.02 sec, wall time     22.08 sec
~/packages/PeriodicIntegrals/PeriodicIntegrals-junjie-benchmark/isdfx/isdfx.py +4733
[[ 5.70738271e-01 -1.89831071e-02  1.02682180e-02 ...  2.30490284e-03
   3.04419755e-03 -4.94365030e-04]
 [-1.89831071e-02  8.00347423e-04 -1.18290095e-03 ... -1.73846139e-04
  -2.33518123e-04  4.01520070e-05]
 [ 1.02682180e-02 -1.18290095e-03  6.31689594e-01 ...  5.65338545e-04
   1.76254066e-03  3.59248716e-04]
 ...
 [ 2.30490284e-03 -1.73846139e-04  5.65338545e-04 ...  2.07985339e-03
   1.27471421e-04  1.62456765e-04]
 [ 3.04419755e-03 -2.33518123e-04  1.76254066e-03 ...  1.27471421e-04
   1.73734309e-03 -1.64593536e-04]
 [-4.94365030e-04  4.01520070e-05  3.59248716e-04 ...  1.62456765e-04
  -1.64593536e-04  2.16235114e-03]]
[[ 1.21107261e-01 -1.47323942e-01  2.84549799e-02 ...  3.50213029e-01
  -5.49398335e-01 -2.38896283e-01]
 [-4.74997513e-03  3.09198139e-03 -7.42398038e-04 ...  2.82480667e-01
  -4.43029852e-01 -1.91492154e-01]
 [-1.99802981e-04  1.39303734e-02  2.73353272e-02 ...  5.11353472e-02
  -7.01936759e-03  8.81389425e-02]
 ...
 [-1.29194283e-06  2.88464078e-03 -4.32261732e-03 ...  1.94522748e-02
   2.51595540e-03 -3.32188120e-02]
 [ 1.42095598e-06 -3.84636829e-03  5.76352045e-03 ...  2.56142822e-02
  -2.20891068e-02  1.30707114e-02]
 [-2.40421733e-07  5.55163755e-04 -8.31882510e-04 ...  3.79211212e-03
   4.42098318e-04 -6.46495184e-03]]
[2. 2. 2. 2. 2. 2. 2. 2. 2. 2. 2. 2. 2. 2. 2. 2. 2. 2. 2. 2. 2. 2. 2. 2.
 2. 2. 2. 2. 2. 2. 2. 2. 2. 2. 2. 2. 2. 2. 2. 2. 2. 2. 2. 2. 2. 2. 2. 2.
 2. 2. 2. 2. 2. 2. 2. 2. 2. 2. 2. 2. 2. 2. 2. 2. 0. 0. 0. 0. 0. 0. 0. 0.
 0. 0. 0. 0. 0. 0. 0. 0. 0. 0. 0. 0. 0. 0. 0. 0. 0. 0. 0. 0. 0. 0. 0. 0.
 0. 0. 0. 0. 0. 0. 0. 0. 0. 0. 0. 0. 0. 0. 0. 0. 0. 0. 0. 0. 0. 0. 0. 0.
 0. 0. 0. 0. 0. 0. 0. 0. 0. 0. 0. 0. 0. 0. 0. 0. 0. 0. 0. 0. 0. 0. 0. 0.
 0. 0. 0. 0. 0. 0. 0. 0. 0. 0. 0. 0. 0. 0. 0. 0. 0. 0. 0. 0. 0. 0. 0. 0.
 0. 0. 0. 0. 0. 0. 0. 0. 0. 0. 0. 0. 0. 0. 0. 0. 0. 0. 0. 0. 0. 0. 0. 0.
 0. 0. 0. 0. 0. 0. 0. 0. 0. 0. 0. 0. 0. 0. 0. 0. 0. 0. 0. 0. 0. 0. 0. 0.
 0. 0. 0. 0. 0. 0. 0. 0. 0. 0. 0. 0. 0. 0. 0. 0. 0. 0. 0. 0. 0. 0. 0. 0.
 0. 0. 0. 0. 0. 0. 0. 0. 0. 0. 0. 0. 0. 0. 0. 0. 0. 0. 0. 0. 0. 0. 0. 0.
 0. 0. 0. 0. 0. 0. 0. 0. 0. 0. 0. 0. 0. 0. 0. 0. 0. 0. 0. 0. 0. 0. 0. 0.
 0. 0. 0. 0. 0. 0. 0. 0. 0. 0. 0. 0. 0. 0. 0. 0. 0. 0. 0. 0. 0. 0. 0. 0.
 0. 0. 0. 0. 0. 0. 0. 0. 0. 0. 0. 0. 0. 0. 0. 0. 0. 0. 0. 0. 0. 0. 0. 0.
 0. 0. 0. 0. 0. 0. 0. 0. 0. 0. 0. 0. 0. 0. 0. 0. 0. 0. 0. 0. 0. 0. 0. 0.
 0. 0. 0. 0. 0. 0. 0. 0. 0. 0. 0. 0. 0. 0. 0. 0. 0. 0. 0. 0. 0. 0. 0. 0.
 0. 0. 0. 0. 0. 0. 0. 0. 0. 0. 0. 0. 0. 0. 0. 0. 0. 0. 0. 0. 0. 0. 0. 0.
 0. 0. 0. 0. 0. 0. 0. 0.]
start SG
end SG -->  62.028578758239746
    CPU time for vj and vk     85.28 sec, wall time     85.58 sec
E1 = 64.4587329491724  Ecoul = 17.696891368360284  Exc = -54.28606554154737
init E= -177.072410791792
    CPU time for initialize scf    131.38 sec, wall time    131.82 sec
  HOMO = 0.535292352041843  LUMO = 0.842332446852587
  mo_energy =
[-3.14632992e-01 -2.58251402e-01 -2.58251235e-01 -1.01597352e-01
 -1.00474737e-01 -1.00474502e-01 -1.00474298e-01 -9.30605173e-02
 -9.30600835e-02 -9.30510617e-02 -9.30502755e-02 -9.30416211e-02
 -9.30411973e-02 -3.54768950e-03 -3.54762419e-03 -3.54760063e-03
 -2.59433042e-03  1.24692979e-02  1.24693286e-02  1.24694268e-02
  1.42091955e-02  1.42092114e-02  1.42093141e-02  9.82183853e-02
  9.82185892e-02  9.82252482e-02  9.82258227e-02  9.82324636e-02
  9.82326277e-02  2.63616535e-01  2.63616557e-01  2.63623712e-01
  2.63623817e-01  2.63630437e-01  2.63630528e-01  2.70420339e-01
  2.70420347e-01  2.71769705e-01  2.71769942e-01  2.71770207e-01
  2.79292942e-01  2.79293301e-01  2.79293479e-01  3.30137845e-01
  3.30138149e-01  3.30138737e-01  3.30139390e-01  3.30140735e-01
  3.30141056e-01  4.08084937e-01  4.08084967e-01  4.13012023e-01
  4.13012286e-01  4.13012603e-01  4.18494405e-01  4.18494421e-01
  4.18494560e-01  4.52628889e-01  4.52629005e-01  4.52629073e-01
  4.52629119e-01  5.24309692e-01  5.24309748e-01  5.35292352e-01
  8.42332447e-01  8.44809570e-01  8.44809739e-01  8.68450346e-01
  8.68450467e-01  8.68450509e-01  8.71723276e-01  8.71723443e-01
  8.71723444e-01  8.91880740e-01  8.91880945e-01  8.91881044e-01
  8.91881217e-01  8.91881401e-01  8.91881562e-01  9.32293531e-01
  9.32293717e-01  9.32293725e-01  9.32293835e-01  9.56088850e-01
  9.56088996e-01  9.64191443e-01  9.64191446e-01  9.64191500e-01
  9.65666069e-01  9.65666184e-01  9.67574327e-01  9.67574589e-01
  9.67574936e-01  9.91978108e-01  9.95513003e-01  9.95513216e-01
  9.95513484e-01  1.12489351e+00  1.12489363e+00  1.12490558e+00
  1.12490590e+00  1.12491723e+00  1.12491756e+00  1.13123587e+00
  1.13123608e+00  1.13124310e+00  1.13124342e+00  1.13125151e+00
  1.13125172e+00  1.18034693e+00  1.18557383e+00  1.18557391e+00
  1.18557899e+00  1.18557926e+00  1.18558367e+00  1.18558377e+00
  1.24489028e+00  1.24489029e+00  1.27958278e+00  1.27958340e+00
  1.27958384e+00  1.28102866e+00  1.28102902e+00  1.28102960e+00
  1.34123374e+00  1.34123388e+00  1.34123392e+00  1.34217253e+00
  1.59057390e+00  1.59057395e+00  1.59058901e+00  1.59058931e+00
  1.59060522e+00  1.59060552e+00  1.70885066e+00  1.70901673e+00
  1.70901682e+00  1.70901699e+00  1.71609281e+00  1.71609348e+00
  1.71609426e+00  1.71614806e+00  1.71614868e+00  1.71614941e+00
  1.74117604e+00  1.74117610e+00  1.74117615e+00  1.74117623e+00
  1.75271608e+00  1.75271618e+00  1.75272583e+00  1.75272639e+00
  1.75273746e+00  1.75273783e+00  1.75762707e+00  1.75762718e+00
  1.90320228e+00  1.90320247e+00  1.90320280e+00  1.90505088e+00
  1.90505089e+00  1.90505098e+00  1.90560842e+00  1.90560860e+00
  1.91038718e+00  1.91038765e+00  1.92028868e+00  1.92028877e+00
  1.92030253e+00  1.92030264e+00  1.92031698e+00  1.92031705e+00
  2.04099163e+00  2.04099184e+00  2.04099196e+00  2.04103681e+00
  2.04103696e+00  2.04103720e+00  2.06257519e+00  2.06257532e+00
  2.06257532e+00  2.06319163e+00  2.06319176e+00  2.06319200e+00
  2.06369393e+00  2.06369413e+00  2.16388719e+00  2.16388729e+00
  2.16389327e+00  2.16389368e+00  2.16390031e+00  2.16390043e+00
  2.29026556e+00  2.29026566e+00  2.29027188e+00  2.29027202e+00
  2.29027733e+00  2.29027779e+00  2.34084029e+00  2.34084029e+00
  2.34084050e+00  2.34084072e+00  2.34639166e+00  2.34639198e+00
  2.34639228e+00  2.34713015e+00  2.34713047e+00  2.34713078e+00
  2.40702495e+00  2.40976327e+00  2.40976334e+00  2.47383076e+00
  2.47383109e+00  2.47433562e+00  2.48566879e+00  2.48566898e+00
  2.56837654e+00  2.56837660e+00  2.56838846e+00  2.56838849e+00
  2.56840086e+00  2.56840089e+00  2.61242569e+00  2.61242576e+00
  2.61242578e+00  2.61242582e+00  2.65336013e+00  2.65421550e+00
  2.65421567e+00  2.65421569e+00  2.76816612e+00  2.76816622e+00
  2.76818467e+00  2.76818479e+00  2.76820470e+00  2.76820482e+00
  2.78874163e+00  2.78874249e+00  2.78874295e+00  2.78942973e+00
  2.78942991e+00  2.78943056e+00  2.81816674e+00  2.81816709e+00
  2.81817020e+00  2.81817051e+00  2.81817492e+00  2.81817529e+00
  2.89594083e+00  2.89594110e+00  2.89594147e+00  2.89700605e+00
  2.90212748e+00  2.90212759e+00  2.90212942e+00  2.90212983e+00
  2.90213103e+00  2.90213115e+00  2.92669060e+00  2.92669064e+00
  2.92669077e+00  2.92744109e+00  2.92744131e+00  2.92797641e+00
  2.92797678e+00  2.92797747e+00  2.95491220e+00  2.95491238e+00
  2.95491366e+00  2.95491379e+00  2.95491484e+00  2.95491492e+00
  2.97662624e+00  2.97662636e+00  2.97817316e+00  2.97817323e+00
  2.97817338e+00  2.97835220e+00  2.97835278e+00  2.97835345e+00
  2.98051467e+00  2.98051500e+00  2.98051516e+00  2.98201472e+00
  2.98201479e+00  2.98201530e+00  3.02190941e+00  3.02190968e+00
  3.02191867e+00  3.02191888e+00  3.02192834e+00  3.02192857e+00
  3.02229886e+00  3.02229891e+00  3.02229950e+00  3.02277990e+00
  3.02278047e+00  3.02278049e+00  3.18278684e+00  3.18278687e+00
  3.18278710e+00  3.18278729e+00  3.18278774e+00  3.18278838e+00
  3.26814539e+00  3.27094404e+00  3.27094523e+00  3.27094547e+00
  3.32396131e+00  3.32396140e+00  3.32398536e+00  3.32398543e+00
  3.32401017e+00  3.32401024e+00  3.35511920e+00  3.35511927e+00
  3.35511948e+00  3.35511953e+00  3.35617414e+00  3.35617488e+00
  3.42961570e+00  3.42961590e+00  3.42961601e+00  3.42984751e+00
  3.42984773e+00  3.42984790e+00  3.56315004e+00  3.56315020e+00
  3.59057083e+00  3.59057087e+00  3.59057421e+00  3.59057452e+00
  3.59057840e+00  3.59057857e+00  3.61304680e+00  3.61304701e+00
  3.61304741e+00  3.61342787e+00  3.61342797e+00  3.61342827e+00
  3.61351554e+00  3.61351581e+00  3.62156644e+00  3.62156658e+00
  3.62156674e+00  3.62156679e+00  3.63202617e+00  3.63202700e+00
  3.73264785e+00  3.73264822e+00  3.73334284e+00  4.34644199e+00
  4.34644211e+00  4.34644970e+00  4.34645002e+00  4.34645710e+00
  4.34645721e+00  4.50523774e+00  4.50523790e+00  4.50523817e+00
  4.50608519e+00  4.50608530e+00  4.50608560e+00  4.50697397e+00
  4.50697406e+00  4.59821641e+00  4.59821662e+00  4.59821666e+00
  4.59821684e+00  4.60438220e+00  4.60438255e+00  4.60439597e+00
  4.60439656e+00  4.60440996e+00  4.60441030e+00  4.62226804e+00
  4.62354250e+00  4.62354288e+00  4.72431323e+00  4.72431367e+00
  4.72431427e+00  4.72553212e+00  4.72553231e+00  4.72553272e+00
  8.67475893e+00  8.86127710e+00  8.86135599e+00  9.00394031e+00
  9.01161337e+00  9.01161579e+00  9.01205336e+00  9.01206691e+00
  9.01290691e+00  9.01291334e+00  9.01638923e+00  9.01640394e+00
  9.01642936e+00  9.01678267e+00  9.01682475e+00  9.01687154e+00
  9.01697333e+00  9.01772570e+00  9.01798144e+00  9.01823958e+00
  9.02635329e+00  9.02646743e+00  9.04300460e+00  9.04300927e+00
  9.04341084e+00  9.04341802e+00  9.04444177e+00  9.04445643e+00
  9.06187624e+00  9.06210285e+00  9.06221819e+00  9.06240519e+00]
nelec by numeric integration = 127.999999998771
    CPU time for vxc     19.42 sec, wall time     19.48 sec
~/packages/PeriodicIntegrals/PeriodicIntegrals-junjie-benchmark/isdfx/isdfx.py +4733
[[ 5.70735266e-01 -1.89827088e-02  1.02679479e-02 ...  2.30480128e-03
   3.04426679e-03 -4.94376252e-04]
 [-1.89827088e-02  8.00327845e-04 -1.18284378e-03 ... -1.73838797e-04
  -2.33524082e-04  4.01525546e-05]
 [ 1.02679479e-02 -1.18284378e-03  6.31688999e-01 ...  5.65277319e-04
   1.76256145e-03  3.59241558e-04]
 ...
 [ 2.30480128e-03 -1.73838797e-04  5.65277319e-04 ...  2.07984870e-03
   1.27438423e-04  1.62459048e-04]
 [ 3.04426679e-03 -2.33524082e-04  1.76256145e-03 ...  1.27438423e-04
   1.73737284e-03 -1.64588673e-04]
 [-4.94376252e-04  4.01525546e-05  3.59241558e-04 ...  1.62459048e-04
  -1.64588673e-04  2.16233102e-03]]
[[ 1.21106076e-01  2.84489260e-02 -1.47320531e-01 ... -3.50013606e-01
  -5.74741380e-01 -1.67803915e-01]
 [-4.74991179e-03 -7.42139217e-04  3.09179263e-03 ... -2.82495617e-01
  -4.63608686e-01 -1.34254016e-01]
 [-1.98483789e-04  2.73352460e-02  1.39299026e-02 ... -5.10363038e-02
   4.10140742e-03  8.81539404e-02]
 ...
 [-1.49125386e-06 -4.32273159e-03  2.88457503e-03 ... -1.94415356e-02
  -1.67433113e-03 -3.32486611e-02]
 [ 1.63988862e-06  5.76370314e-03 -3.84639449e-03 ... -2.55949598e-02
  -2.02581537e-02  1.57298955e-02]
 [-2.84382426e-07 -8.31908390e-04  5.55139855e-04 ... -3.79115961e-03
  -3.74003192e-04 -6.46541271e-03]]
[2. 2. 2. 2. 2. 2. 2. 2. 2. 2. 2. 2. 2. 2. 2. 2. 2. 2. 2. 2. 2. 2. 2. 2.
 2. 2. 2. 2. 2. 2. 2. 2. 2. 2. 2. 2. 2. 2. 2. 2. 2. 2. 2. 2. 2. 2. 2. 2.
 2. 2. 2. 2. 2. 2. 2. 2. 2. 2. 2. 2. 2. 2. 2. 2. 0. 0. 0. 0. 0. 0. 0. 0.
 0. 0. 0. 0. 0. 0. 0. 0. 0. 0. 0. 0. 0. 0. 0. 0. 0. 0. 0. 0. 0. 0. 0. 0.
 0. 0. 0. 0. 0. 0. 0. 0. 0. 0. 0. 0. 0. 0. 0. 0. 0. 0. 0. 0. 0. 0. 0. 0.
 0. 0. 0. 0. 0. 0. 0. 0. 0. 0. 0. 0. 0. 0. 0. 0. 0. 0. 0. 0. 0. 0. 0. 0.
 0. 0. 0. 0. 0. 0. 0. 0. 0. 0. 0. 0. 0. 0. 0. 0. 0. 0. 0. 0. 0. 0. 0. 0.
 0. 0. 0. 0. 0. 0. 0. 0. 0. 0. 0. 0. 0. 0. 0. 0. 0. 0. 0. 0. 0. 0. 0. 0.
 0. 0. 0. 0. 0. 0. 0. 0. 0. 0. 0. 0. 0. 0. 0. 0. 0. 0. 0. 0. 0. 0. 0. 0.
 0. 0. 0. 0. 0. 0. 0. 0. 0. 0. 0. 0. 0. 0. 0. 0. 0. 0. 0. 0. 0. 0. 0. 0.
 0. 0. 0. 0. 0. 0. 0. 0. 0. 0. 0. 0. 0. 0. 0. 0. 0. 0. 0. 0. 0. 0. 0. 0.
 0. 0. 0. 0. 0. 0. 0. 0. 0. 0. 0. 0. 0. 0. 0. 0. 0. 0. 0. 0. 0. 0. 0. 0.
 0. 0. 0. 0. 0. 0. 0. 0. 0. 0. 0. 0. 0. 0. 0. 0. 0. 0. 0. 0. 0. 0. 0. 0.
 0. 0. 0. 0. 0. 0. 0. 0. 0. 0. 0. 0. 0. 0. 0. 0. 0. 0. 0. 0. 0. 0. 0. 0.
 0. 0. 0. 0. 0. 0. 0. 0. 0. 0. 0. 0. 0. 0. 0. 0. 0. 0. 0. 0. 0. 0. 0. 0.
 0. 0. 0. 0. 0. 0. 0. 0. 0. 0. 0. 0. 0. 0. 0. 0. 0. 0. 0. 0. 0. 0. 0. 0.
 0. 0. 0. 0. 0. 0. 0. 0. 0. 0. 0. 0. 0. 0. 0. 0. 0. 0. 0. 0. 0. 0. 0. 0.
 0. 0. 0. 0. 0. 0. 0. 0.]
start SG
end SG -->  61.29766654968262
    CPU time for vj and vk     84.49 sec, wall time     84.79 sec
E1 = 64.4587339827873  Ecoul = 17.69688649406839  Exc = -54.28606170090835
cycle= 1 E= -177.07241079183  delta_E= -3.8e-11  |g|= 4.76e-05  |ddm|= 6.88e-05
    CPU time for cycle= 1    103.95 sec, wall time    104.31 sec
  HOMO = 0.53529247102657  LUMO = 0.842332353806012
  mo_energy =
[-3.14633015e-01 -2.58251449e-01 -2.58251251e-01 -1.01597464e-01
 -1.00475024e-01 -1.00474479e-01 -1.00473970e-01 -9.30615141e-02
 -9.30609037e-02 -9.30517267e-02 -9.30505972e-02 -9.30403039e-02
 -9.30396613e-02 -3.54789092e-03 -3.54772008e-03 -3.54758900e-03
 -2.59422898e-03  1.24688994e-02  1.24692367e-02  1.24696395e-02
  1.42089337e-02  1.42092816e-02  1.42097177e-02  9.82174253e-02
  9.82177694e-02  9.82250183e-02  9.82258069e-02  9.82330806e-02
  9.82334635e-02  2.63615781e-01  2.63615797e-01  2.63623143e-01
  2.63623182e-01  2.63632016e-01  2.63632074e-01  2.70420386e-01
  2.70420392e-01  2.71769795e-01  2.71769891e-01  2.71770016e-01
  2.79293101e-01  2.79293283e-01  2.79293286e-01  3.30137678e-01
  3.30138077e-01  3.30138737e-01  3.30139986e-01  3.30140344e-01
  3.30140734e-01  4.08084902e-01  4.08084931e-01  4.13012142e-01
  4.13012201e-01  4.13012314e-01  4.18493862e-01  4.18494461e-01
  4.18495182e-01  4.52628785e-01  4.52628832e-01  4.52629087e-01
  4.52629203e-01  5.24309621e-01  5.24309677e-01  5.35292471e-01
  8.42332354e-01  8.44809578e-01  8.44809746e-01  8.68450173e-01
  8.68450353e-01  8.68450455e-01  8.71723275e-01  8.71723510e-01
  8.71723577e-01  8.91880547e-01  8.91880571e-01  8.91880782e-01
  8.91881015e-01  8.91881424e-01  8.91881857e-01  9.32293451e-01
  9.32293569e-01  9.32293724e-01  9.32293917e-01  9.56088801e-01
  9.56088939e-01  9.64190952e-01  9.64191343e-01  9.64191780e-01
  9.65666003e-01  9.65666119e-01  9.67574614e-01  9.67574659e-01
  9.67574789e-01  9.91978012e-01  9.95512916e-01  9.95513268e-01
  9.95513675e-01  1.12489240e+00  1.12489258e+00  1.12490512e+00
  1.12490543e+00  1.12491917e+00  1.12491920e+00  1.13123584e+00
  1.13123604e+00  1.13124320e+00  1.13124414e+00  1.13125120e+00
  1.13125140e+00  1.18034691e+00  1.18557334e+00  1.18557341e+00
  1.18557901e+00  1.18557907e+00  1.18558423e+00  1.18558434e+00
  1.24489030e+00  1.24489034e+00  1.27958313e+00  1.27958337e+00
  1.27958343e+00  1.28102899e+00  1.28102902e+00  1.28102919e+00
  1.34123343e+00  1.34123386e+00  1.34123406e+00  1.34217260e+00
  1.59057275e+00  1.59057292e+00  1.59058912e+00  1.59058944e+00
  1.59060612e+00  1.59060619e+00  1.70885067e+00  1.70901650e+00
  1.70901697e+00  1.70901703e+00  1.71609277e+00  1.71609347e+00
  1.71609428e+00  1.71614798e+00  1.71614861e+00  1.71614936e+00
  1.74117601e+00  1.74117609e+00  1.74117617e+00  1.74117624e+00
  1.75271544e+00  1.75271553e+00  1.75272606e+00  1.75272629e+00
  1.75273793e+00  1.75273812e+00  1.75762704e+00  1.75762715e+00
  1.90320238e+00  1.90320240e+00  1.90320249e+00  1.90505086e+00
  1.90505090e+00  1.90505103e+00  1.90560841e+00  1.90560859e+00
  1.91038738e+00  1.91038749e+00  1.92028861e+00  1.92028871e+00
  1.92030263e+00  1.92030304e+00  1.92031658e+00  1.92031669e+00
  2.04099159e+00  2.04099183e+00  2.04099199e+00  2.04103680e+00
  2.04103691e+00  2.04103712e+00  2.06257495e+00  2.06257531e+00
  2.06257553e+00  2.06319164e+00  2.06319170e+00  2.06319186e+00
  2.06369396e+00  2.06369417e+00  2.16388674e+00  2.16388690e+00
  2.16389347e+00  2.16389389e+00  2.16390029e+00  2.16390044e+00
  2.29026445e+00  2.29026485e+00  2.29027114e+00  2.29027189e+00
  2.29027890e+00  2.29027894e+00  2.34084020e+00  2.34084035e+00
  2.34084041e+00  2.34084078e+00  2.34639187e+00  2.34639191e+00
  2.34639193e+00  2.34713045e+00  2.34713049e+00  2.34713052e+00
  2.40702486e+00  2.40976325e+00  2.40976333e+00  2.47383071e+00
  2.47383104e+00  2.47433563e+00  2.48566882e+00  2.48566887e+00
  2.56837564e+00  2.56837569e+00  2.56838816e+00  2.56838826e+00
  2.56840193e+00  2.56840201e+00  2.61242561e+00  2.61242567e+00
  2.61242574e+00  2.61242583e+00  2.65336010e+00  2.65421529e+00
  2.65421565e+00  2.65421580e+00  2.76816597e+00  2.76816601e+00
  2.76818479e+00  2.76818523e+00  2.76820458e+00  2.76820460e+00
  2.78874197e+00  2.78874245e+00  2.78874254e+00  2.78942987e+00
  2.78942996e+00  2.78943025e+00  2.81816653e+00  2.81816679e+00
  2.81817002e+00  2.81817146e+00  2.81817486e+00  2.81817512e+00
  2.89594079e+00  2.89594103e+00  2.89594137e+00  2.89700610e+00
  2.90212712e+00  2.90212740e+00  2.90212929e+00  2.90212984e+00
  2.90213141e+00  2.90213168e+00  2.92669012e+00  2.92669056e+00
  2.92669121e+00  2.92744104e+00  2.92744126e+00  2.92797678e+00
  2.92797678e+00  2.92797709e+00  2.95491191e+00  2.95491194e+00
  2.95491368e+00  2.95491393e+00  2.95491482e+00  2.95491503e+00
  2.97662614e+00  2.97662626e+00  2.97817304e+00  2.97817320e+00
  2.97817364e+00  2.97835244e+00  2.97835275e+00  2.97835314e+00
  2.98051461e+00  2.98051495e+00  2.98051512e+00  2.98201467e+00
  2.98201477e+00  2.98201529e+00  3.02190964e+00  3.02190990e+00
  3.02191809e+00  3.02191870e+00  3.02192836e+00  3.02192868e+00
  3.02229885e+00  3.02229907e+00  3.02229926e+00  3.02278008e+00
  3.02278029e+00  3.02278049e+00  3.18278658e+00  3.18278666e+00
  3.18278696e+00  3.18278706e+00  3.18278808e+00  3.18278863e+00
  3.26814528e+00  3.27094377e+00  3.27094522e+00  3.27094573e+00
  3.32396137e+00  3.32396149e+00  3.32398549e+00  3.32398585e+00
  3.32400958e+00  3.32400973e+00  3.35511910e+00  3.35511923e+00
  3.35511932e+00  3.35511955e+00  3.35617427e+00  3.35617474e+00
  3.42961571e+00  3.42961583e+00  3.42961586e+00  3.42984762e+00
  3.42984773e+00  3.42984779e+00  3.56315001e+00  3.56315017e+00
  3.59057049e+00  3.59057053e+00  3.59057432e+00  3.59057443e+00
  3.59057866e+00  3.59057884e+00  3.61304691e+00  3.61304697e+00
  3.61304722e+00  3.61342785e+00  3.61342795e+00  3.61342825e+00
  3.61351549e+00  3.61351577e+00  3.62156630e+00  3.62156646e+00
  3.62156666e+00  3.62156702e+00  3.63202612e+00  3.63202701e+00
  3.73264780e+00  3.73264817e+00  3.73334287e+00  4.34644103e+00
  4.34644106e+00  4.34644936e+00  4.34644938e+00  4.34645853e+00
  4.34645856e+00  4.50523738e+00  4.50523786e+00  4.50523844e+00
  4.50608497e+00  4.50608527e+00  4.50608576e+00  4.50697395e+00
  4.50697404e+00  4.59821634e+00  4.59821657e+00  4.59821661e+00
  4.59821686e+00  4.60438202e+00  4.60438227e+00  4.60439611e+00
  4.60439714e+00  4.60440982e+00  4.60441008e+00  4.62226802e+00
  4.62354246e+00  4.62354284e+00  4.72431347e+00  4.72431363e+00
  4.72431394e+00  4.72553211e+00  4.72553217e+00  4.72553284e+00
  8.67475887e+00  8.86127734e+00  8.86135565e+00  9.00393993e+00
  9.01161169e+00  9.01161339e+00  9.01205192e+00  9.01206503e+00
  9.01290948e+00  9.01291434e+00  9.01638895e+00  9.01640241e+00
  9.01642627e+00  9.01678123e+00  9.01682487e+00  9.01686945e+00
  9.01697298e+00  9.01773164e+00  9.01798456e+00  9.01824092e+00
  9.02635378e+00  9.02646763e+00  9.04300330e+00  9.04300731e+00
  9.04341031e+00  9.04341628e+00  9.04444414e+00  9.04446002e+00
  9.06187505e+00  9.06210297e+00  9.06221975e+00  9.06240530e+00]
