SLURMD_NODENAME = hpc-54-25
Start time = Mon Mar 17 04:17:47 PM PDT 2025
OMP_NUM_THREADS = 1
MKL_NUM_THREADS = 1
PYSCF_MAX_MEMORY = 409600
TMPDIR = /central/scratch/yangjunjie//run-scf-spc-diamond-prim-2-2-4-fftdf-occri-1-100-/48050877/
PYSCF_TMPDIR = /central/scratch/yangjunjie//run-scf-spc-diamond-prim-2-2-4-fftdf-occri-1-100-/48050877/

/home/junjiey/anaconda3/envs/fftisdf/bin/python
2.8.0
1.13.1
2.0.2
fft_engine = NUMPY+BLAS
name = diamond-prim
ke_cutoff =  1.00e+02
exxdiv = None
df = fftdf-occri
chk_path = ../../gdf-32/tmp/scf.h5
mesh = 2,2,4

Discarded 6 diffused primitive functions, 0 contracted functions
ke_cutoff = 100.0
None

******** <class 'ISDFX'> ********
lin_dep_thresh: 1e-10
alpha_cutoff: 2.8
rcut_epsilon: 1e-05
ke_epsilon: 1e-05
isdf_thresh: 0.0001
grid_vol_cutoff: 0.05
ke_step: 2.0
ao_tol: 1e-12
multigrid_on: False
direct_j: True
iterative_build: True
occRI: True
voronoi: True
fit_sparse_grid: False
fit_dense_grid: False
direct_k_sparse: True
direct_k: False
use_kpt_symm: False
kmesh: [1, 1, 1]
isdf_pts_from_q0: True
isdf_pts_from_gamma_point: False
alpha: None
do_real_isdf: False
N_xi: None
use_cell_periodic: False
isdf_thresh_sparse: None
ncopy: [1, 1, 1]
j_grid_mesh: None
k_grid_mesh: None
num_j_grids: 100
get_ao_from_pyscf: False
nuc_pp_version: 0
vppnl_ver: 0
universal_dense_grid: None
same_jk_grids: None
coulomb_only: False
max_memory   409600 MB (current use       92 MB)

Exchange function: getK_occRI  

cell mesh: [47 47 93]
nbas:  384
Grid     keMax    keMin    keGrid   expMax   expMin   nexp     lmax     PWs      mesh        
0        100.0    100.0    100.0    5.6      0.3      4        2        205437   [47 47 93]  

ISDF

atm      grid     Ng       NI       Nxi      sharp    on_grid  diffuse  maxexp   minexp   lmax     lmin    
-        1        205437   205437   205437   1152     1152     1152     5.61     0.35     2        0       
ISDF-pts:       0.00
ISDF-vec:       0.00
Fit dense grids ISDF:       0.00
Fit sparse grids ISDF:       0.00

Grid     PWs      Ng_i     N_xi     N_mu    
0        205437   205437   205437   1152    
1        205437   205437   205437   1152    

nTHC: 410874
Mem Required (MB):       0.00
Curent RAM Use (MB) :       2030 

Build W
ISDF-fft dense grids (sec):       0.00
Curent RAM Use (MB) :       2030 
ISDF-fft:       0.00

Initial guess from minao.
Successfully loaded dm0 from ../../gdf-32/tmp/scf.h5
~/packages/PeriodicIntegrals/PeriodicIntegrals-junjie-benchmark/isdfx/isdfx.py +4733
[[ 5.70738271e-01 -1.89831071e-02  1.02682180e-02 ...  2.30490284e-03
   3.04419755e-03 -4.94365030e-04]
 [-1.89831071e-02  8.00347423e-04 -1.18290095e-03 ... -1.73846139e-04
  -2.33518123e-04  4.01520070e-05]
 [ 1.02682180e-02 -1.18290095e-03  6.31689594e-01 ...  5.65338545e-04
   1.76254066e-03  3.59248716e-04]
 ...
 [ 2.30490284e-03 -1.73846139e-04  5.65338545e-04 ...  2.07985339e-03
   1.27471421e-04  1.62456765e-04]
 [ 3.04419755e-03 -2.33518123e-04  1.76254066e-03 ...  1.27471421e-04
   1.73734309e-03 -1.64593536e-04]
 [-4.94365030e-04  4.01520070e-05  3.59248716e-04 ...  1.62456765e-04
  -1.64593536e-04  2.16235114e-03]]
[[ 1.21107261e-01 -1.47323942e-01  2.84549799e-02 ...  3.50213029e-01
  -5.49398335e-01 -2.38896283e-01]
 [-4.74997513e-03  3.09198139e-03 -7.42398038e-04 ...  2.82480667e-01
  -4.43029852e-01 -1.91492154e-01]
 [-1.99802981e-04  1.39303734e-02  2.73353272e-02 ...  5.11353472e-02
  -7.01936759e-03  8.81389425e-02]
 ...
 [-1.29194283e-06  2.88464078e-03 -4.32261732e-03 ...  1.94522748e-02
   2.51595540e-03 -3.32188120e-02]
 [ 1.42095598e-06 -3.84636829e-03  5.76352045e-03 ...  2.56142822e-02
  -2.20891068e-02  1.30707114e-02]
 [-2.40421733e-07  5.55163755e-04 -8.31882510e-04 ...  3.79211212e-03
   4.42098318e-04 -6.46495184e-03]]
[2. 2. 2. 2. 2. 2. 2. 2. 2. 2. 2. 2. 2. 2. 2. 2. 2. 2. 2. 2. 2. 2. 2. 2.
 2. 2. 2. 2. 2. 2. 2. 2. 2. 2. 2. 2. 2. 2. 2. 2. 2. 2. 2. 2. 2. 2. 2. 2.
 2. 2. 2. 2. 2. 2. 2. 2. 2. 2. 2. 2. 2. 2. 2. 2. 0. 0. 0. 0. 0. 0. 0. 0.
 0. 0. 0. 0. 0. 0. 0. 0. 0. 0. 0. 0. 0. 0. 0. 0. 0. 0. 0. 0. 0. 0. 0. 0.
 0. 0. 0. 0. 0. 0. 0. 0. 0. 0. 0. 0. 0. 0. 0. 0. 0. 0. 0. 0. 0. 0. 0. 0.
 0. 0. 0. 0. 0. 0. 0. 0. 0. 0. 0. 0. 0. 0. 0. 0. 0. 0. 0. 0. 0. 0. 0. 0.
 0. 0. 0. 0. 0. 0. 0. 0. 0. 0. 0. 0. 0. 0. 0. 0. 0. 0. 0. 0. 0. 0. 0. 0.
 0. 0. 0. 0. 0. 0. 0. 0. 0. 0. 0. 0. 0. 0. 0. 0. 0. 0. 0. 0. 0. 0. 0. 0.
 0. 0. 0. 0. 0. 0. 0. 0. 0. 0. 0. 0. 0. 0. 0. 0. 0. 0. 0. 0. 0. 0. 0. 0.
 0. 0. 0. 0. 0. 0. 0. 0. 0. 0. 0. 0. 0. 0. 0. 0. 0. 0. 0. 0. 0. 0. 0. 0.
 0. 0. 0. 0. 0. 0. 0. 0. 0. 0. 0. 0. 0. 0. 0. 0. 0. 0. 0. 0. 0. 0. 0. 0.
 0. 0. 0. 0. 0. 0. 0. 0. 0. 0. 0. 0. 0. 0. 0. 0. 0. 0. 0. 0. 0. 0. 0. 0.
 0. 0. 0. 0. 0. 0. 0. 0. 0. 0. 0. 0. 0. 0. 0. 0. 0. 0. 0. 0. 0. 0. 0. 0.
 0. 0. 0. 0. 0. 0. 0. 0. 0. 0. 0. 0. 0. 0. 0. 0. 0. 0. 0. 0. 0. 0. 0. 0.
 0. 0. 0. 0. 0. 0. 0. 0. 0. 0. 0. 0. 0. 0. 0. 0. 0. 0. 0. 0. 0. 0. 0. 0.
 0. 0. 0. 0. 0. 0. 0. 0. 0. 0. 0. 0. 0. 0. 0. 0. 0. 0. 0. 0. 0. 0. 0. 0.
 0. 0. 0. 0. 0. 0. 0. 0. 0. 0. 0. 0. 0. 0. 0. 0. 0. 0. 0. 0. 0. 0. 0. 0.
 0. 0. 0. 0. 0. 0. 0. 0.]
~/packages/PeriodicIntegrals/PeriodicIntegrals-junjie-benchmark/isdfx/isdfx.py +4733
[[ 5.70738271e-01 -1.89831071e-02  1.02682180e-02 ...  2.30490284e-03
   3.04419755e-03 -4.94365030e-04]
 [-1.89831071e-02  8.00347423e-04 -1.18290095e-03 ... -1.73846139e-04
  -2.33518123e-04  4.01520070e-05]
 [ 1.02682180e-02 -1.18290095e-03  6.31689594e-01 ...  5.65338545e-04
   1.76254066e-03  3.59248716e-04]
 ...
 [ 2.30490284e-03 -1.73846139e-04  5.65338545e-04 ...  2.07985339e-03
   1.27471421e-04  1.62456765e-04]
 [ 3.04419755e-03 -2.33518123e-04  1.76254066e-03 ...  1.27471421e-04
   1.73734309e-03 -1.64593536e-04]
 [-4.94365030e-04  4.01520070e-05  3.59248716e-04 ...  1.62456765e-04
  -1.64593536e-04  2.16235114e-03]]
[[ 1.21107261e-01 -1.47323942e-01  2.84549799e-02 ...  3.50213029e-01
  -5.49398335e-01 -2.38896283e-01]
 [-4.74997513e-03  3.09198139e-03 -7.42398038e-04 ...  2.82480667e-01
  -4.43029852e-01 -1.91492154e-01]
 [-1.99802981e-04  1.39303734e-02  2.73353272e-02 ...  5.11353472e-02
  -7.01936759e-03  8.81389425e-02]
 ...
 [-1.29194283e-06  2.88464078e-03 -4.32261732e-03 ...  1.94522748e-02
   2.51595540e-03 -3.32188120e-02]
 [ 1.42095598e-06 -3.84636829e-03  5.76352045e-03 ...  2.56142822e-02
  -2.20891068e-02  1.30707114e-02]
 [-2.40421733e-07  5.55163755e-04 -8.31882510e-04 ...  3.79211212e-03
   4.42098318e-04 -6.46495184e-03]]
[2. 2. 2. 2. 2. 2. 2. 2. 2. 2. 2. 2. 2. 2. 2. 2. 2. 2. 2. 2. 2. 2. 2. 2.
 2. 2. 2. 2. 2. 2. 2. 2. 2. 2. 2. 2. 2. 2. 2. 2. 2. 2. 2. 2. 2. 2. 2. 2.
 2. 2. 2. 2. 2. 2. 2. 2. 2. 2. 2. 2. 2. 2. 2. 2. 0. 0. 0. 0. 0. 0. 0. 0.
 0. 0. 0. 0. 0. 0. 0. 0. 0. 0. 0. 0. 0. 0. 0. 0. 0. 0. 0. 0. 0. 0. 0. 0.
 0. 0. 0. 0. 0. 0. 0. 0. 0. 0. 0. 0. 0. 0. 0. 0. 0. 0. 0. 0. 0. 0. 0. 0.
 0. 0. 0. 0. 0. 0. 0. 0. 0. 0. 0. 0. 0. 0. 0. 0. 0. 0. 0. 0. 0. 0. 0. 0.
 0. 0. 0. 0. 0. 0. 0. 0. 0. 0. 0. 0. 0. 0. 0. 0. 0. 0. 0. 0. 0. 0. 0. 0.
 0. 0. 0. 0. 0. 0. 0. 0. 0. 0. 0. 0. 0. 0. 0. 0. 0. 0. 0. 0. 0. 0. 0. 0.
 0. 0. 0. 0. 0. 0. 0. 0. 0. 0. 0. 0. 0. 0. 0. 0. 0. 0. 0. 0. 0. 0. 0. 0.
 0. 0. 0. 0. 0. 0. 0. 0. 0. 0. 0. 0. 0. 0. 0. 0. 0. 0. 0. 0. 0. 0. 0. 0.
 0. 0. 0. 0. 0. 0. 0. 0. 0. 0. 0. 0. 0. 0. 0. 0. 0. 0. 0. 0. 0. 0. 0. 0.
 0. 0. 0. 0. 0. 0. 0. 0. 0. 0. 0. 0. 0. 0. 0. 0. 0. 0. 0. 0. 0. 0. 0. 0.
 0. 0. 0. 0. 0. 0. 0. 0. 0. 0. 0. 0. 0. 0. 0. 0. 0. 0. 0. 0. 0. 0. 0. 0.
 0. 0. 0. 0. 0. 0. 0. 0. 0. 0. 0. 0. 0. 0. 0. 0. 0. 0. 0. 0. 0. 0. 0. 0.
 0. 0. 0. 0. 0. 0. 0. 0. 0. 0. 0. 0. 0. 0. 0. 0. 0. 0. 0. 0. 0. 0. 0. 0.
 0. 0. 0. 0. 0. 0. 0. 0. 0. 0. 0. 0. 0. 0. 0. 0. 0. 0. 0. 0. 0. 0. 0. 0.
 0. 0. 0. 0. 0. 0. 0. 0. 0. 0. 0. 0. 0. 0. 0. 0. 0. 0. 0. 0. 0. 0. 0. 0.
 0. 0. 0. 0. 0. 0. 0. 0.]
start SG
end SG -->  62.367913484573364


******** <class 'pyscf.pbc.dft.rks.RKS'> ********
method = RKS
initial guess = minao
damping factor = 0
level_shift factor = 0
DIIS = <class 'pyscf.scf.diis.CDIIS'>
diis_start_cycle = 1
diis_space = 8
diis_damp = 0
SCF conv_tol = 1e-08
SCF conv_tol_grad = None
SCF max_cycles = 50
direct_scf = True
direct_scf_tol = 1e-13
chkfile to save SCF result = /central/scratch/yangjunjie/run-scf-spc-diamond-prim-2-2-4-fftdf-occri-1-100-/48050877/tmp452ioolb
max_memory 409600 MB (current use 2057 MB)
******** PBC SCF flags ********
kpt = [0. 0. 0.]
Exchange divergence treatment (exxdiv) = None
DF object = <isdfx.isdfx.ISDFX object at 0x7f2212cfe850>
XC functionals = PBE0
small_rho_cutoff = 1e-07
Set gradient conv threshold to 0.0001
nelec by numeric integration = 127.9999999987709
    CPU time for vxc     22.02 sec, wall time     22.08 sec
