SLURMD_NODENAME = hpc-35-04
Start time = Fri Mar 14 11:41:27 AM PDT 2025
OMP_NUM_THREADS = 1
MKL_NUM_THREADS = 1
PYSCF_MAX_MEMORY = 81920
TMPDIR = /central/scratch/yangjunjie//run-scf-spc-diamond-prim-1-2-2-fftisdf-ks-1-100-rcut_epsilon-1e-05-ke_epsilon-0.05-isdf_thresh-5e-05/48015094/
PYSCF_TMPDIR = /central/scratch/yangjunjie//run-scf-spc-diamond-prim-1-2-2-fftisdf-ks-1-100-rcut_epsilon-1e-05-ke_epsilon-0.05-isdf_thresh-5e-05/48015094/

/home/junjiey/anaconda3/envs/fftisdf/bin/python
2.8.0
1.13.1
2.0.2
fft_engine = NUMPY+BLAS
name = diamond-prim
ke_cutoff =  1.00e+02
exxdiv = None
df = fftisdf-ks
chk_path = ../../../gdf-32/tmp/scf.h5
mesh = 1,2,2
rcut_epsilon =  1.00e-05
ke_epsilon =  5.00e-02
isdf_thresh =  5.00e-05

Discarded 6 diffused primitive functions, 0 contracted functions
ke_cutoff = 100.0
None

******** <class 'ISDFX'> ********
lin_dep_thresh: 1e-10
alpha_cutoff: 2.8
rcut_epsilon: 1e-05
ke_epsilon: 0.05
isdf_thresh: 5e-05
grid_vol_cutoff: 0.05
ke_step: 2.0
ao_tol: 1e-12
multigrid_on: True
direct_j: True
iterative_build: True
occRI: True
voronoi: True
fit_sparse_grid: False
fit_dense_grid: True
direct_k_sparse: True
direct_k: False
use_kpt_symm: False
kmesh: [1, 1, 1]
isdf_pts_from_q0: True
isdf_pts_from_gamma_point: False
alpha: None
do_real_isdf: False
N_xi: None
use_cell_periodic: False
isdf_thresh_sparse: None
ncopy: [1, 1, 1]
j_grid_mesh: None
k_grid_mesh: None
num_j_grids: 100
get_ao_from_pyscf: False
nuc_pp_version: 0
vppnl_ver: 0
universal_dense_grid: None
same_jk_grids: None
coulomb_only: False
max_memory    81920 MB (current use       90 MB)

Exchange function: getK_occRI  

cell mesh: [23 47 47]
nbas:  96
Grid     keMax    keMin    keGrid   expMax   expMin   nexp     lmax     PWs      mesh        
0        33.6     33.6     105.5    5.6      5.6      1        2        50807    [23 47 47]
1        12.7     2.1      12.7     2.1      0.3      3        2        2601     [ 9 17 17]
0        59.4     52.8     105.5    5.6      5.6      1        2        50807    [23 47 47]
1        22.4     11.2     22.4     2.1      2.1      1        2        6877     [13 23 23]
2        8.2      3.7      8.2      0.8      0.3      2        2        2025     [ 9 15 15]

ISDF

atm      grid     Ng       NI       Nxi      sharp    on_grid  diffuse  maxexp   minexp   lmax     lmin    
0        0        50807    2050     108      9        180      171      5.61     5.61     2        0       
1        0        50807    2060     112      9        180      171      5.61     5.61     2        0       
2        0        50807    2065     109      9        180      171      5.61     5.61     2        0       
3        0        50807    2065     109      9        180      171      5.61     5.61     2        0       
4        0        50807    2065     109      9        180      171      5.61     5.61     2        0       
5        0        50807    2065     109      9        180      171      5.61     5.61     2        0       
6        0        50807    2060     112      9        180      171      5.61     5.61     2        0       
7        0        50807    2050     108      9        180      171      5.61     5.61     2        0       
-        1        2601     2601     2601     216      216      216      2.11     0.35     2        0       
ISDF-pts:       1.34
ISDF-vec:       0.11
Fit dense grids ISDF:       1.45
Fit sparse grids ISDF:       0.00

Grid     PWs      Ng_i     N_xi     N_mu    
0        50807    16480    876      1440    
1        2601     2601     2601     216     

nTHC: 3477
Mem Required (MB):      21.68
Curent RAM Use (MB) :        148 

Build W
ISDF-fft dense grids (sec):       4.57
Curent RAM Use (MB) :        152 
ISDF-fft:       4.57

Initial guess from minao.
Big error detected in the electron number of initial guess density matrix (Ne/cell = 32.1244)!
  This can cause huge error in Fock matrix and lead to instability in SCF for low-dimensional systems.
  DM is normalized wrt the number of electrons 32
Successfully loaded dm0 from ../../../gdf-32/tmp/scf.h5
~/packages/PeriodicIntegrals/PeriodicIntegrals-junjie-benchmark/isdfx/isdfx.py +4733
[[ 5.10829564e-01 -1.37789682e-02 -2.25945214e-03 ...  4.53891936e-05
  -9.46650009e-03 -1.08570539e-02]
 [-1.37789682e-02  4.27285789e-04  7.14882829e-04 ... -7.09765086e-07
   2.72690080e-04  3.10240234e-04]
 [-2.25945214e-03  7.14882829e-04  7.33591631e-01 ... -2.81085758e-02
   8.04812038e-04  1.66000927e-02]
 ...
 [ 4.53891936e-05 -7.09765086e-07 -2.81085758e-02 ...  2.44820851e-03
  -2.69404595e-04  5.35606099e-04]
 [-9.46650009e-03  2.72690080e-04  8.04812038e-04 ... -2.69404595e-04
   2.48677716e-03  1.42503184e-04]
 [-1.08570539e-02  3.10240234e-04  1.66000927e-02 ...  5.35606099e-04
   1.42503184e-04  3.05186751e-03]]
[[ 2.42393032e-01  3.23160163e-01 -1.92359013e-03 ... -1.87138756e-01
   1.47258212e-04 -1.00429284e+00]
 [-9.27570260e-03 -9.62159400e-03  5.72723120e-05 ... -2.04594493e-01
   1.19300319e-04 -8.13426778e-01]
 [-1.50376240e-04 -3.51363209e-02 -3.40374893e-02 ... -1.25189788e-02
   7.25982881e-02 -7.22623066e-02]
 ...
 [ 5.37275965e-06  1.00201284e-04  1.51983125e-02 ... -3.02588471e-03
  -5.48403339e-02  1.13113659e-05]
 [ 7.25693740e-05 -9.92610970e-03 -1.00735653e-02 ...  1.71500679e-02
   3.65639729e-02 -3.59649949e-02]
 [ 9.31453267e-05 -1.12886613e-02  1.46924050e-02 ...  1.45508980e-02
  -5.27623043e-02 -4.15038509e-02]]
[2. 2. 2. 2. 2. 2. 2. 2. 2. 2. 2. 2. 2. 2. 2. 2. 0. 0. 0. 0. 0. 0. 0. 0.
 0. 0. 0. 0. 0. 0. 0. 0. 0. 0. 0. 0. 0. 0. 0. 0. 0. 0. 0. 0. 0. 0. 0. 0.
 0. 0. 0. 0. 0. 0. 0. 0. 0. 0. 0. 0. 0. 0. 0. 0. 0. 0. 0. 0. 0. 0. 0. 0.
 0. 0. 0. 0. 0. 0. 0. 0. 0. 0. 0. 0. 0. 0. 0. 0. 0. 0. 0. 0. 0. 0. 0. 0.
 0. 0. 0. 0. 0. 0. 0. 0.]
~/packages/PeriodicIntegrals/PeriodicIntegrals-junjie-benchmark/isdfx/isdfx.py +4733
[[ 5.10829564e-01 -1.37789682e-02 -2.25945214e-03 ...  4.53891936e-05
  -9.46650009e-03 -1.08570539e-02]
 [-1.37789682e-02  4.27285789e-04  7.14882829e-04 ... -7.09765086e-07
   2.72690080e-04  3.10240234e-04]
 [-2.25945214e-03  7.14882829e-04  7.33591631e-01 ... -2.81085758e-02
   8.04812038e-04  1.66000927e-02]
 ...
 [ 4.53891936e-05 -7.09765086e-07 -2.81085758e-02 ...  2.44820851e-03
  -2.69404595e-04  5.35606099e-04]
 [-9.46650009e-03  2.72690080e-04  8.04812038e-04 ... -2.69404595e-04
   2.48677716e-03  1.42503184e-04]
 [-1.08570539e-02  3.10240234e-04  1.66000927e-02 ...  5.35606099e-04
   1.42503184e-04  3.05186751e-03]]
[[ 2.42393032e-01  3.23160163e-01 -1.92359013e-03 ... -1.87138756e-01
   1.47258212e-04 -1.00429284e+00]
 [-9.27570260e-03 -9.62159400e-03  5.72723120e-05 ... -2.04594493e-01
   1.19300319e-04 -8.13426778e-01]
 [-1.50376240e-04 -3.51363209e-02 -3.40374893e-02 ... -1.25189788e-02
   7.25982881e-02 -7.22623066e-02]
 ...
 [ 5.37275965e-06  1.00201284e-04  1.51983125e-02 ... -3.02588471e-03
  -5.48403339e-02  1.13113659e-05]
 [ 7.25693740e-05 -9.92610970e-03 -1.00735653e-02 ...  1.71500679e-02
   3.65639729e-02 -3.59649949e-02]
 [ 9.31453267e-05 -1.12886613e-02  1.46924050e-02 ...  1.45508980e-02
  -5.27623043e-02 -4.15038509e-02]]
[2. 2. 2. 2. 2. 2. 2. 2. 2. 2. 2. 2. 2. 2. 2. 2. 0. 0. 0. 0. 0. 0. 0. 0.
 0. 0. 0. 0. 0. 0. 0. 0. 0. 0. 0. 0. 0. 0. 0. 0. 0. 0. 0. 0. 0. 0. 0. 0.
 0. 0. 0. 0. 0. 0. 0. 0. 0. 0. 0. 0. 0. 0. 0. 0. 0. 0. 0. 0. 0. 0. 0. 0.
 0. 0. 0. 0. 0. 0. 0. 0. 0. 0. 0. 0. 0. 0. 0. 0. 0. 0. 0. 0. 0. 0. 0. 0.
 0. 0. 0. 0. 0. 0. 0. 0.]
start SG
end SG -->  0.0384526252746582


******** <class 'pyscf.pbc.dft.rks.RKS'> ********
method = RKS
initial guess = minao
damping factor = 0
level_shift factor = 0
DIIS = <class 'pyscf.scf.diis.CDIIS'>
diis_start_cycle = 1
diis_space = 8
diis_damp = 0
SCF conv_tol = 1e-08
SCF conv_tol_grad = None
SCF max_cycles = 50
direct_scf = True
direct_scf_tol = 1e-13
chkfile to save SCF result = /central/scratch/yangjunjie/run-scf-spc-diamond-prim-1-2-2-fftisdf-ks-1-100-rcut_epsilon-1e-05-ke_epsilon-0.05-isdf_thresh-5e-05/48015094/tmpvhgcbhng
max_memory 81920 MB (current use 132 MB)
******** PBC SCF flags ********
kpt = [0. 0. 0.]
Exchange divergence treatment (exxdiv) = None
DF object = <isdfx.isdfx.ISDFX object at 0x7f48fdfbbb20>
XC functionals = PBE0
small_rho_cutoff = 1e-07
Set gradient conv threshold to 0.0001
nelec by numeric integration = 31.999999999294186
    CPU time for vxc      1.64 sec, wall time      1.64 sec
~/packages/PeriodicIntegrals/PeriodicIntegrals-junjie-benchmark/isdfx/isdfx.py +4733
[[ 5.10829564e-01 -1.37789682e-02 -2.25945214e-03 ...  4.53891936e-05
  -9.46650009e-03 -1.08570539e-02]
 [-1.37789682e-02  4.27285789e-04  7.14882829e-04 ... -7.09765086e-07
   2.72690080e-04  3.10240234e-04]
 [-2.25945214e-03  7.14882829e-04  7.33591631e-01 ... -2.81085758e-02
   8.04812038e-04  1.66000927e-02]
 ...
 [ 4.53891936e-05 -7.09765086e-07 -2.81085758e-02 ...  2.44820851e-03
  -2.69404595e-04  5.35606099e-04]
 [-9.46650009e-03  2.72690080e-04  8.04812038e-04 ... -2.69404595e-04
   2.48677716e-03  1.42503184e-04]
 [-1.08570539e-02  3.10240234e-04  1.66000927e-02 ...  5.35606099e-04
   1.42503184e-04  3.05186751e-03]]
[[ 2.42393032e-01  3.23160163e-01 -1.92359013e-03 ... -1.87138756e-01
   1.47258212e-04 -1.00429284e+00]
 [-9.27570260e-03 -9.62159400e-03  5.72723120e-05 ... -2.04594493e-01
   1.19300319e-04 -8.13426778e-01]
 [-1.50376240e-04 -3.51363209e-02 -3.40374893e-02 ... -1.25189788e-02
   7.25982881e-02 -7.22623066e-02]
 ...
 [ 5.37275965e-06  1.00201284e-04  1.51983125e-02 ... -3.02588471e-03
  -5.48403339e-02  1.13113659e-05]
 [ 7.25693740e-05 -9.92610970e-03 -1.00735653e-02 ...  1.71500679e-02
   3.65639729e-02 -3.59649949e-02]
 [ 9.31453267e-05 -1.12886613e-02  1.46924050e-02 ...  1.45508980e-02
  -5.27623043e-02 -4.15038509e-02]]
[2. 2. 2. 2. 2. 2. 2. 2. 2. 2. 2. 2. 2. 2. 2. 2. 0. 0. 0. 0. 0. 0. 0. 0.
 0. 0. 0. 0. 0. 0. 0. 0. 0. 0. 0. 0. 0. 0. 0. 0. 0. 0. 0. 0. 0. 0. 0. 0.
 0. 0. 0. 0. 0. 0. 0. 0. 0. 0. 0. 0. 0. 0. 0. 0. 0. 0. 0. 0. 0. 0. 0. 0.
 0. 0. 0. 0. 0. 0. 0. 0. 0. 0. 0. 0. 0. 0. 0. 0. 0. 0. 0. 0. 0. 0. 0. 0.
 0. 0. 0. 0. 0. 0. 0. 0.]
start SG
end SG -->  0.03786015510559082
    CPU time for vj and vk      2.67 sec, wall time      2.68 sec
E1 = 16.682090968380386  Ecoul = 4.928409005619501  Exc = -13.217171352771366
init E= -42.8421637707158
    CPU time for initialize scf      5.83 sec, wall time      5.85 sec
  HOMO = 0.575182514385599  LUMO = 0.855311598514234
  mo_energy =
[-0.26352499 -0.0488406  -0.04883052  0.04506084  0.04506157  0.06126987
  0.06325414  0.31614974  0.32368174  0.45213773  0.45214032  0.45934625
  0.45934727  0.56287331  0.57078885  0.57518251  0.8553116   0.8560849
  0.85845886  0.87670476  0.88224996  0.97647451  0.97647876  0.98046516
  0.98047212  1.00841135  1.00841588  1.19976269  1.2991824   1.30291163
  1.36187695  1.36187854  1.72620338  1.7262055   1.73427678  1.73525509
  1.76589582  1.76801356  1.9205624   1.92056876  1.9208557   1.92085886
  2.0527152   2.05388384  2.0733404   2.07334131  2.0750293   2.07503015
  2.35891354  2.3595355   2.420634    2.42363232  2.42530279  2.49171426
  2.49214804  2.4922913   2.66453631  2.66453749  2.80536806  2.80804409
  2.91298536  2.91299126  2.94447503  2.94447636  2.94673907  2.9467439
  2.99071047  2.99071332  2.99263814  2.99264876  2.99406987  2.99701345
  3.03683585  3.03686945  3.28424558  3.28425598  3.44384779  3.44461995
  3.57549524  3.5800542   3.62686147  3.62686657  3.62912353  3.62912705
  3.74846477  3.74878523  3.74892901  4.52250041  4.52255753  4.5231892
  4.52319209  4.63765056  4.64047528  4.64155741  4.73898194  4.74213617
  8.71226025  9.04054497  9.05329584  9.05330234  9.0535691   9.05425232
  9.09813248  9.09840844]
nelec by numeric integration = 31.99999999929421
    CPU time for vxc      1.47 sec, wall time      1.47 sec
~/packages/PeriodicIntegrals/PeriodicIntegrals-junjie-benchmark/isdfx/isdfx.py +4733
[[ 5.10845781e-01 -1.37788107e-02 -2.26158143e-03 ...  4.02780339e-05
  -9.46899260e-03 -1.08566810e-02]
 [-1.37788107e-02  4.27269001e-04  7.21210683e-04 ... -7.21690304e-07
   2.72591192e-04  3.10234056e-04]
 [-2.26158143e-03  7.21210683e-04  7.33564915e-01 ... -2.81097076e-02
   8.03187560e-04  1.65969211e-02]
 ...
 [ 4.02780339e-05 -7.21690304e-07 -2.81097076e-02 ...  2.44895807e-03
  -2.68932299e-04  5.36352010e-04]
 [-9.46899260e-03  2.72591192e-04  8.03187560e-04 ... -2.68932299e-04
   2.48863078e-03  1.43103310e-04]
 [-1.08566810e-02  3.10234056e-04  1.65969211e-02 ...  5.36352010e-04
   1.43103310e-04  3.05245762e-03]]
[[ 2.42407221e-01  2.04683299e-03  3.23167321e-01 ... -1.61841043e-01
   1.43111769e-04 -1.00534937e+00]
 [-9.27581891e-03 -6.11263640e-05 -9.62150274e-03 ... -1.80879349e-01
   1.16017316e-04 -8.15046669e-01]
 [-1.53840426e-04 -3.44652456e-02 -3.47175148e-02 ... -1.31631917e-02
   7.24538160e-02 -7.21719506e-02]
 ...
 [-4.07880691e-07  1.51992535e-02 -9.40795081e-05 ... -3.10874599e-03
  -5.47955405e-02  4.40843270e-06]
 [ 7.19143113e-05 -1.01947548e-02 -9.80427827e-03 ...  1.86166207e-02
   3.65309765e-02 -3.60244097e-02]
 [ 9.65583623e-05  1.45527133e-02 -1.14645901e-02 ...  1.61085004e-02
  -5.27158777e-02 -4.15794794e-02]]
[2. 2. 2. 2. 2. 2. 2. 2. 2. 2. 2. 2. 2. 2. 2. 2. 0. 0. 0. 0. 0. 0. 0. 0.
 0. 0. 0. 0. 0. 0. 0. 0. 0. 0. 0. 0. 0. 0. 0. 0. 0. 0. 0. 0. 0. 0. 0. 0.
 0. 0. 0. 0. 0. 0. 0. 0. 0. 0. 0. 0. 0. 0. 0. 0. 0. 0. 0. 0. 0. 0. 0. 0.
 0. 0. 0. 0. 0. 0. 0. 0. 0. 0. 0. 0. 0. 0. 0. 0. 0. 0. 0. 0. 0. 0. 0. 0.
 0. 0. 0. 0. 0. 0. 0. 0.]
start SG
end SG -->  0.03724932670593262
    CPU time for vj and vk      2.65 sec, wall time      2.66 sec
E1 = 16.682009836398777  Ecoul = 4.928537071561475  Exc = -13.217218430431256
cycle= 1 E= -42.8421639144154  delta_E= -1.44e-07  |g|= 4.9e-05  |ddm|= 0.000632
    CPU time for cycle= 1      4.12 sec, wall time      4.14 sec
  HOMO = 0.575188226706226  LUMO = 0.855315772972118
  mo_energy =
[-0.26352197 -0.04883574 -0.04882988  0.04506409  0.04506479  0.0612716
  0.06325781  0.31615284  0.32368584  0.45214085  0.45214405  0.4593491
  0.4593514   0.56287674  0.57079095  0.57518823  0.85531577  0.85608668
  0.85846236  0.87670616  0.88225458  0.97647863  0.9764804   0.98047025
  0.98047383  1.00841533  1.00841696  1.19976772  1.29918636  1.30291691
  1.36188135  1.36188507  1.7262066   1.72621053  1.73428101  1.73525898
  1.76589897  1.76801489  1.92056759  1.92057137  1.92085978  1.92086326
  2.05271843  2.05388694  2.07334273  2.07334394  2.07503219  2.07503278
  2.35891591  2.35953661  2.42063705  2.42363581  2.42530709  2.49171765
  2.4921529   2.4922967   2.66453943  2.66453985  2.80537232  2.80804913
  2.91298985  2.91299611  2.94447983  2.9444801   2.94674632  2.94674649
  2.99071458  2.99071564  2.9926418   2.99265131  2.9940727   2.99701735
  3.03683977  3.03687419  3.28424794  3.28425992  3.4438523   3.4446238
  3.57550007  3.58005674  3.62686766  3.62686913  3.6291259   3.62913093
  3.74846712  3.74879033  3.74893363  4.52250333  4.52256417  4.52319409
  4.5231942   4.63765469  4.64048064  4.64156041  4.7389853   4.74214079
  8.71226964  9.04055427  9.05330499  9.05331135  9.05358245  9.05425685
  9.09814586  9.09841334]
nelec by numeric integration = 31.999999999294204
    CPU time for vxc      1.47 sec, wall time      1.47 sec
~/packages/PeriodicIntegrals/PeriodicIntegrals-junjie-benchmark/isdfx/isdfx.py +4733
[[ 5.10845039e-01 -1.37786055e-02 -2.26171533e-03 ...  3.99347402e-05
  -9.46905687e-03 -1.08565210e-02]
 [-1.37786055e-02  4.27259320e-04  7.21234654e-04 ... -7.15487339e-07
   2.72588383e-04  3.10227160e-04]
 [-2.26171533e-03  7.21234654e-04  7.33563623e-01 ... -2.81098550e-02
   8.02187938e-04  1.65963329e-02]
 ...
 [ 3.99347402e-05 -7.15487339e-07 -2.81098550e-02 ...  2.44894632e-03
  -2.68826758e-04  5.36390888e-04]
 [-9.46905687e-03  2.72588383e-04  8.02187938e-04 ... -2.68826758e-04
   2.48874159e-03  1.43078575e-04]
 [-1.08565210e-02  3.10227160e-04  1.65963329e-02 ...  5.36390888e-04
   1.43078575e-04  3.05242554e-03]]
[[ 2.42406055e-01  3.26127483e-03  3.23156546e-01 ... -1.59715145e-01
   1.53223575e-04 -1.00538027e+00]
 [-9.27576176e-03 -9.72849744e-05 -9.62108089e-03 ... -1.78874915e-01
   1.24204634e-04 -8.15075862e-01]
 [-1.53315570e-04 -3.45955763e-02 -3.45853127e-02 ... -1.32183216e-02
   7.24544231e-02 -7.21723267e-02]
 ...
 [-4.42054404e-07  1.51987536e-02 -1.51423731e-04 ... -3.11580345e-03
  -5.47955709e-02  3.79171130e-06]
 [ 7.19111376e-05 -1.02315904e-02 -9.76598826e-03 ...  1.87364283e-02
   3.65314076e-02 -3.60255785e-02]
 [ 9.66391519e-05  1.45095921e-02 -1.15190643e-02 ...  1.62352103e-02
  -5.27154923e-02 -4.15821867e-02]]
[2. 2. 2. 2. 2. 2. 2. 2. 2. 2. 2. 2. 2. 2. 2. 2. 0. 0. 0. 0. 0. 0. 0. 0.
 0. 0. 0. 0. 0. 0. 0. 0. 0. 0. 0. 0. 0. 0. 0. 0. 0. 0. 0. 0. 0. 0. 0. 0.
 0. 0. 0. 0. 0. 0. 0. 0. 0. 0. 0. 0. 0. 0. 0. 0. 0. 0. 0. 0. 0. 0. 0. 0.
 0. 0. 0. 0. 0. 0. 0. 0. 0. 0. 0. 0. 0. 0. 0. 0. 0. 0. 0. 0. 0. 0. 0. 0.
 0. 0. 0. 0. 0. 0. 0. 0.]
start SG
end SG -->  0.03640127182006836
    CPU time for vj and vk      2.64 sec, wall time      2.65 sec
E1 = 16.682020237155378  Ecoul = 4.928522139255567  Exc = -13.217213899431165
cycle= 2 E= -42.8421639149646  delta_E= -5.49e-10  |g|= 1.48e-05  |ddm|= 4.43e-05
    CPU time for cycle= 2      4.11 sec, wall time      4.13 sec
  HOMO = 0.575187636970788  LUMO = 0.855315419075264
  mo_energy =
[-0.26352231 -0.04883855 -0.04882763  0.04506358  0.04506441  0.06127145
  0.0632572   0.31615252  0.32368541  0.45214058  0.45214369  0.45934917
  0.4593502   0.56287643  0.57079032  0.57518764  0.85531542  0.85608631
  0.85846188  0.87670616  0.88225411  0.97647697  0.97648164  0.98046794
  0.9804752   1.00841323  1.00841821  1.19976706  1.29918563  1.30291623
  1.36188171  1.36188307  1.72620688  1.72620904  1.73428023  1.73525832
  1.76589878  1.76801461  1.92056569  1.92057228  1.92085937  1.92086265
  2.05271808  2.05388671  2.07334244  2.0733434   2.07503166  2.07503271
  2.35891546  2.35953637  2.42063664  2.42363534  2.42530662  2.49171708
  2.49215219  2.49229604  2.66453869  2.66453983  2.80537169  2.80804856
  2.91298951  2.91299525  2.9444785   2.9444802   2.94674319  2.94674844
  2.9907131   2.99071617  2.99264065  2.99265173  2.99407227  2.99701688
  3.03683943  3.03687362  3.28424834  3.28425855  3.44385173  3.44462342
  3.57549969  3.58005624  3.62686524  3.6268707   3.62912614  3.62912977
  3.7484666   3.74878979  3.748933    4.52250489  4.52256159  4.52319214
  4.52319513  4.63765414  4.64048018  4.64155981  4.73898479  4.74214026
  8.71226813  9.04055262  9.05330347  9.05330996  9.05357652  9.05426002
  9.09814004  9.09841628]
nelec by numeric integration = 31.999999999294197
    CPU time for vxc      1.47 sec, wall time      1.47 sec
~/packages/PeriodicIntegrals/PeriodicIntegrals-junjie-benchmark/isdfx/isdfx.py +4733
[[ 5.10844573e-01 -1.37785734e-02 -2.26211483e-03 ...  3.99842391e-05
  -9.46912509e-03 -1.08565753e-02]
 [-1.37785734e-02  4.27258446e-04  7.21281720e-04 ... -7.17354197e-07
   2.72589251e-04  3.10228545e-04]
 [-2.26211483e-03  7.21281720e-04  7.33562808e-01 ... -2.81096508e-02
   8.02369280e-04  1.65962614e-02]
 ...
 [ 3.99842391e-05 -7.17354197e-07 -2.81096508e-02 ...  2.44893793e-03
  -2.68849362e-04  5.36402117e-04]
 [-9.46912509e-03  2.72589251e-04  8.02369280e-04 ... -2.68849362e-04
   2.48874374e-03  1.43086408e-04]
 [-1.08565753e-02  3.10228545e-04  1.65962614e-02 ...  5.36402117e-04
   1.43086408e-04  3.05242849e-03]]
[[ 2.42406413e-01  1.78276749e-03  3.23168523e-01 ... -1.61992528e-01
  -1.48630642e-04 -1.00534897e+00]
 [-9.27576278e-03 -5.32648750e-05 -9.62141188e-03 ... -1.81023376e-01
  -1.20549588e-04 -8.15046530e-01]
 [-1.53095059e-04 -3.44367123e-02 -3.47438179e-02 ... -1.31584360e-02
  -7.24541846e-02 -7.21714329e-02]
 ...
 [-4.41230288e-07  1.51992502e-02 -8.18572430e-05 ... -3.10896019e-03
   5.47954291e-02  4.24834023e-06]
 [ 7.19360464e-05 -1.01867795e-02 -9.81274341e-03 ...  1.86088650e-02
  -3.65311118e-02 -3.60241568e-02]
 [ 9.66252731e-05  1.45621064e-02 -1.14526361e-02 ...  1.60994692e-02
   5.27155853e-02 -4.15797692e-02]]
[2. 2. 2. 2. 2. 2. 2. 2. 2. 2. 2. 2. 2. 2. 2. 2. 0. 0. 0. 0. 0. 0. 0. 0.
 0. 0. 0. 0. 0. 0. 0. 0. 0. 0. 0. 0. 0. 0. 0. 0. 0. 0. 0. 0. 0. 0. 0. 0.
 0. 0. 0. 0. 0. 0. 0. 0. 0. 0. 0. 0. 0. 0. 0. 0. 0. 0. 0. 0. 0. 0. 0. 0.
 0. 0. 0. 0. 0. 0. 0. 0. 0. 0. 0. 0. 0. 0. 0. 0. 0. 0. 0. 0. 0. 0. 0. 0.
 0. 0. 0. 0. 0. 0. 0. 0.]
start SG
end SG -->  0.037116289138793945
    CPU time for vj and vk      2.66 sec, wall time      2.67 sec
E1 = 16.682018692955047  Ecoul = 4.928524439218213  Exc = -13.217214655184344
Extra cycle  E= -42.8421639149554  delta_E= 9.14e-12  |g|= 1.63e-05  |ddm|= 2.49e-05
    CPU time for scf_cycle     18.20 sec, wall time     18.26 sec
    CPU time for SCF     18.35 sec, wall time     18.41 sec
converged SCF energy = -42.8421639149554
Successfully saved all results to /central/scratch/yangjunjie//run-scf-spc-diamond-prim-1-2-2-fftisdf-ks-1-100-rcut_epsilon-1e-05-ke_epsilon-0.05-isdf_thresh-5e-05/48015094/scf.h5
