SLURMD_NODENAME = hpc-52-33
Start time = Fri Mar 14 11:41:27 AM PDT 2025
OMP_NUM_THREADS = 1
MKL_NUM_THREADS = 1
PYSCF_MAX_MEMORY = 81920
TMPDIR = /central/scratch/yangjunjie//run-scf-spc-diamond-conv-1-1-2-fftisdf-ks-1-100-rcut_epsilon-1e-05-ke_epsilon-0.05-isdf_thresh-5e-05/48015100/
PYSCF_TMPDIR = /central/scratch/yangjunjie//run-scf-spc-diamond-conv-1-1-2-fftisdf-ks-1-100-rcut_epsilon-1e-05-ke_epsilon-0.05-isdf_thresh-5e-05/48015100/

/home/junjiey/anaconda3/envs/fftisdf/bin/python
2.8.0
1.13.1
2.0.2
fft_engine = NUMPY+BLAS
name = diamond-conv
ke_cutoff =  1.00e+02
exxdiv = None
df = fftisdf-ks
chk_path = ../../../gdf-32/tmp/scf.h5
mesh = 1,1,2
rcut_epsilon =  1.00e-05
ke_epsilon =  5.00e-02
isdf_thresh =  5.00e-05

Discarded 24 diffused primitive functions, 0 contracted functions
ke_cutoff = 100.0
None

******** <class 'ISDFX'> ********
lin_dep_thresh: 1e-10
alpha_cutoff: 2.8
rcut_epsilon: 1e-05
ke_epsilon: 0.05
isdf_thresh: 5e-05
grid_vol_cutoff: 0.05
ke_step: 2.0
ao_tol: 1e-12
multigrid_on: True
direct_j: True
iterative_build: True
occRI: True
voronoi: True
fit_sparse_grid: False
fit_dense_grid: True
direct_k_sparse: True
direct_k: False
use_kpt_symm: False
kmesh: [1, 1, 1]
isdf_pts_from_q0: True
isdf_pts_from_gamma_point: False
alpha: None
do_real_isdf: False
N_xi: None
use_cell_periodic: False
isdf_thresh_sparse: None
ncopy: [1, 1, 1]
j_grid_mesh: None
k_grid_mesh: None
num_j_grids: 100
get_ao_from_pyscf: False
nuc_pp_version: 0
vppnl_ver: 0
universal_dense_grid: None
same_jk_grids: None
coulomb_only: False
max_memory    81920 MB (current use       90 MB)

Exchange function: getK_occRI  

cell mesh: [33 33 67]
nbas:  192
Grid     keMax    keMin    keGrid   expMax   expMin   nexp     lmax     PWs      mesh        
0        33.6     33.6     111.6    5.6      5.6      1        2        72963    [33 33 67]
1        12.7     2.1      12.7     2.1      0.3      3        2        3887     [13 13 23]
0        59.4     55.8     111.6    5.6      5.6      1        2        72963    [33 33 67]
1        22.4     11.2     22.4     2.1      2.1      1        2        8959     [17 17 31]
2        8.2      3.7      8.2      0.8      0.3      2        2        2299     [11 11 19]

ISDF

atm      grid     Ng       NI       Nxi      sharp    on_grid  diffuse  maxexp   minexp   lmax     lmin    
0        0        72963    1458     115      9        279      270      5.61     5.61     2        0       
1        0        72963    1474     112      9        279      270      5.61     5.61     2        0       
2        0        72963    1470     114      9        279      270      5.61     5.61     2        0       
3        0        72963    1487     114      9        279      270      5.61     5.61     2        0       
4        0        72963    1470     114      9        279      270      5.61     5.61     2        0       
5        0        72963    1487     114      9        279      270      5.61     5.61     2        0       
6        0        72963    1464     115      9        279      270      5.61     5.61     2        0       
7        0        72963    1474     112      9        279      270      5.61     5.61     2        0       
8        0        72963    1458     115      9        279      270      5.61     5.61     2        0       
9        0        72963    1487     114      9        279      270      5.61     5.61     2        0       
10       0        72963    1484     113      9        279      270      5.61     5.61     2        0       
11       0        72963    1474     112      9        279      270      5.61     5.61     2        0       
12       0        72963    1484     113      9        279      270      5.61     5.61     2        0       
13       0        72963    1474     112      9        279      270      5.61     5.61     2        0       
14       0        72963    1464     115      9        279      270      5.61     5.61     2        0       
15       0        72963    1487     114      9        279      270      5.61     5.61     2        0       
-        1        3887     3887     3887     432      432      432      2.11     0.35     2        0       
ISDF-pts:       0.99
ISDF-vec:       0.16
Fit dense grids ISDF:       1.15
Fit sparse grids ISDF:       0.00

Grid     PWs      Ng_i     N_xi     N_mu    
0        72963    23596    1818     4464    
1        3887     3887     3887     432     

nTHC: 5705
Mem Required (MB):      70.58
Curent RAM Use (MB) :        213 

Build W
ISDF-fft dense grids (sec):      11.61
Curent RAM Use (MB) :        236 
ISDF-fft:      11.61

Initial guess from minao.
Big error detected in the electron number of initial guess density matrix (Ne/cell = 63.9864)!
  This can cause huge error in Fock matrix and lead to instability in SCF for low-dimensional systems.
  DM is normalized wrt the number of electrons 64
Successfully loaded dm0 from ../../../gdf-32/tmp/scf.h5
~/packages/PeriodicIntegrals/PeriodicIntegrals-junjie-benchmark/isdfx/isdfx.py +4733
[[ 5.92609815e-01 -2.07733389e-02 -1.49374411e-10 ...  3.29312158e-03
  -3.30285561e-03  3.70086867e-13]
 [-2.07733389e-02  8.44685909e-04 -2.19531692e-13 ... -2.09902515e-04
   1.65272475e-04 -3.14121417e-14]
 [-1.49374411e-10 -2.19531692e-13  6.49906929e-01 ...  1.14960616e-04
   2.10995193e-03  3.14505479e-03]
 ...
 [ 3.29312158e-03 -2.09902515e-04  1.14960616e-04 ...  4.46214761e-04
   2.63029861e-08  5.06489513e-15]
 [-3.30285561e-03  1.65272475e-04  2.10995193e-03 ...  2.63029861e-08
   2.26887108e-03  4.99288212e-08]
 [ 3.70086867e-13 -3.14121417e-14  3.14505479e-03 ...  5.06489513e-15
   4.99288212e-08  6.71985021e-04]]
[[ 1.71226849e-01 -1.71868037e-05  2.07241950e-01 ...  2.53723403e-09
  -1.69503661e-11 -1.15456586e+00]
 [-6.74284167e-03  7.43617044e-06 -4.11327152e-03 ...  2.30836473e-09
  -1.52694452e-11 -1.06092267e+00]
 [-9.60288977e-11 -1.84902267e-10 -1.78613800e-11 ... -5.27918257e-02
   1.48520477e-11 -1.18363527e-10]
 ...
 [-6.95558329e-05  1.20762008e-03  1.20741071e-03 ... -1.84653773e-02
  -3.83714359e-12 -4.53892981e-03]
 [ 1.02250060e-07  6.87865355e-08  1.96724149e-07 ...  3.72783696e-05
  -5.79794753e-02 -4.16962067e-02]
 [ 1.72642797e-13 -1.25175997e-14 -4.37896978e-13 ... -2.06932479e-04
   8.52717544e-06 -2.00410681e-13]]
[2. 2. 2. 2. 2. 2. 2. 2. 2. 2. 2. 2. 2. 2. 2. 2. 2. 2. 2. 2. 2. 2. 2. 2.
 2. 2. 2. 2. 2. 2. 2. 2. 0. 0. 0. 0. 0. 0. 0. 0. 0. 0. 0. 0. 0. 0. 0. 0.
 0. 0. 0. 0. 0. 0. 0. 0. 0. 0. 0. 0. 0. 0. 0. 0. 0. 0. 0. 0. 0. 0. 0. 0.
 0. 0. 0. 0. 0. 0. 0. 0. 0. 0. 0. 0. 0. 0. 0. 0. 0. 0. 0. 0. 0. 0. 0. 0.
 0. 0. 0. 0. 0. 0. 0. 0. 0. 0. 0. 0. 0. 0. 0. 0. 0. 0. 0. 0. 0. 0. 0. 0.
 0. 0. 0. 0. 0. 0. 0. 0. 0. 0. 0. 0. 0. 0. 0. 0. 0. 0. 0. 0. 0. 0. 0. 0.
 0. 0. 0. 0. 0. 0. 0. 0. 0. 0. 0. 0. 0. 0. 0. 0. 0. 0. 0. 0. 0. 0. 0. 0.
 0. 0. 0. 0. 0. 0. 0. 0. 0. 0. 0. 0. 0. 0. 0. 0. 0. 0. 0. 0. 0. 0. 0. 0.
 0. 0. 0. 0. 0. 0. 0. 0. 0. 0. 0. 0. 0. 0. 0. 0.]
~/packages/PeriodicIntegrals/PeriodicIntegrals-junjie-benchmark/isdfx/isdfx.py +4733
[[ 5.92609815e-01 -2.07733389e-02 -1.49374411e-10 ...  3.29312158e-03
  -3.30285561e-03  3.70086867e-13]
 [-2.07733389e-02  8.44685909e-04 -2.19531692e-13 ... -2.09902515e-04
   1.65272475e-04 -3.14121417e-14]
 [-1.49374411e-10 -2.19531692e-13  6.49906929e-01 ...  1.14960616e-04
   2.10995193e-03  3.14505479e-03]
 ...
 [ 3.29312158e-03 -2.09902515e-04  1.14960616e-04 ...  4.46214761e-04
   2.63029861e-08  5.06489513e-15]
 [-3.30285561e-03  1.65272475e-04  2.10995193e-03 ...  2.63029861e-08
   2.26887108e-03  4.99288212e-08]
 [ 3.70086867e-13 -3.14121417e-14  3.14505479e-03 ...  5.06489513e-15
   4.99288212e-08  6.71985021e-04]]
[[ 1.71226849e-01 -1.71868037e-05  2.07241950e-01 ...  2.53723403e-09
  -1.69503661e-11 -1.15456586e+00]
 [-6.74284167e-03  7.43617044e-06 -4.11327152e-03 ...  2.30836473e-09
  -1.52694452e-11 -1.06092267e+00]
 [-9.60288977e-11 -1.84902267e-10 -1.78613800e-11 ... -5.27918257e-02
   1.48520477e-11 -1.18363527e-10]
 ...
 [-6.95558329e-05  1.20762008e-03  1.20741071e-03 ... -1.84653773e-02
  -3.83714359e-12 -4.53892981e-03]
 [ 1.02250060e-07  6.87865355e-08  1.96724149e-07 ...  3.72783696e-05
  -5.79794753e-02 -4.16962067e-02]
 [ 1.72642797e-13 -1.25175997e-14 -4.37896978e-13 ... -2.06932479e-04
   8.52717544e-06 -2.00410681e-13]]
[2. 2. 2. 2. 2. 2. 2. 2. 2. 2. 2. 2. 2. 2. 2. 2. 2. 2. 2. 2. 2. 2. 2. 2.
 2. 2. 2. 2. 2. 2. 2. 2. 0. 0. 0. 0. 0. 0. 0. 0. 0. 0. 0. 0. 0. 0. 0. 0.
 0. 0. 0. 0. 0. 0. 0. 0. 0. 0. 0. 0. 0. 0. 0. 0. 0. 0. 0. 0. 0. 0. 0. 0.
 0. 0. 0. 0. 0. 0. 0. 0. 0. 0. 0. 0. 0. 0. 0. 0. 0. 0. 0. 0. 0. 0. 0. 0.
 0. 0. 0. 0. 0. 0. 0. 0. 0. 0. 0. 0. 0. 0. 0. 0. 0. 0. 0. 0. 0. 0. 0. 0.
 0. 0. 0. 0. 0. 0. 0. 0. 0. 0. 0. 0. 0. 0. 0. 0. 0. 0. 0. 0. 0. 0. 0. 0.
 0. 0. 0. 0. 0. 0. 0. 0. 0. 0. 0. 0. 0. 0. 0. 0. 0. 0. 0. 0. 0. 0. 0. 0.
 0. 0. 0. 0. 0. 0. 0. 0. 0. 0. 0. 0. 0. 0. 0. 0. 0. 0. 0. 0. 0. 0. 0. 0.
 0. 0. 0. 0. 0. 0. 0. 0. 0. 0. 0. 0. 0. 0. 0. 0.]
start SG
end SG -->  0.2797548770904541


******** <class 'pyscf.pbc.dft.rks.RKS'> ********
method = RKS
initial guess = minao
damping factor = 0
level_shift factor = 0
DIIS = <class 'pyscf.scf.diis.CDIIS'>
diis_start_cycle = 1
diis_space = 8
diis_damp = 0
SCF conv_tol = 1e-08
SCF conv_tol_grad = None
SCF max_cycles = 50
direct_scf = True
direct_scf_tol = 1e-13
chkfile to save SCF result = /central/scratch/yangjunjie/run-scf-spc-diamond-conv-1-1-2-fftisdf-ks-1-100-rcut_epsilon-1e-05-ke_epsilon-0.05-isdf_thresh-5e-05/48015100/tmposg2dq5r
max_memory 81920 MB (current use 223 MB)
******** PBC SCF flags ********
kpt = [0. 0. 0.]
Exchange divergence treatment (exxdiv) = None
DF object = <isdfx.isdfx.ISDFX object at 0x7f5b60307ca0>
XC functionals = PBE0
small_rho_cutoff = 1e-07
Set gradient conv threshold to 0.0001
nelec by numeric integration = 63.999999995674415
    CPU time for vxc      4.11 sec, wall time      4.12 sec
~/packages/PeriodicIntegrals/PeriodicIntegrals-junjie-benchmark/isdfx/isdfx.py +4733
[[ 5.92609815e-01 -2.07733389e-02 -1.49374411e-10 ...  3.29312158e-03
  -3.30285561e-03  3.70086867e-13]
 [-2.07733389e-02  8.44685909e-04 -2.19531692e-13 ... -2.09902515e-04
   1.65272475e-04 -3.14121417e-14]
 [-1.49374411e-10 -2.19531692e-13  6.49906929e-01 ...  1.14960616e-04
   2.10995193e-03  3.14505479e-03]
 ...
 [ 3.29312158e-03 -2.09902515e-04  1.14960616e-04 ...  4.46214761e-04
   2.63029861e-08  5.06489513e-15]
 [-3.30285561e-03  1.65272475e-04  2.10995193e-03 ...  2.63029861e-08
   2.26887108e-03  4.99288212e-08]
 [ 3.70086867e-13 -3.14121417e-14  3.14505479e-03 ...  5.06489513e-15
   4.99288212e-08  6.71985021e-04]]
[[ 1.71226849e-01 -1.71868037e-05  2.07241950e-01 ...  2.53723403e-09
  -1.69503661e-11 -1.15456586e+00]
 [-6.74284167e-03  7.43617044e-06 -4.11327152e-03 ...  2.30836473e-09
  -1.52694452e-11 -1.06092267e+00]
 [-9.60288977e-11 -1.84902267e-10 -1.78613800e-11 ... -5.27918257e-02
   1.48520477e-11 -1.18363527e-10]
 ...
 [-6.95558329e-05  1.20762008e-03  1.20741071e-03 ... -1.84653773e-02
  -3.83714359e-12 -4.53892981e-03]
 [ 1.02250060e-07  6.87865355e-08  1.96724149e-07 ...  3.72783696e-05
  -5.79794753e-02 -4.16962067e-02]
 [ 1.72642797e-13 -1.25175997e-14 -4.37896978e-13 ... -2.06932479e-04
   8.52717544e-06 -2.00410681e-13]]
[2. 2. 2. 2. 2. 2. 2. 2. 2. 2. 2. 2. 2. 2. 2. 2. 2. 2. 2. 2. 2. 2. 2. 2.
 2. 2. 2. 2. 2. 2. 2. 2. 0. 0. 0. 0. 0. 0. 0. 0. 0. 0. 0. 0. 0. 0. 0. 0.
 0. 0. 0. 0. 0. 0. 0. 0. 0. 0. 0. 0. 0. 0. 0. 0. 0. 0. 0. 0. 0. 0. 0. 0.
 0. 0. 0. 0. 0. 0. 0. 0. 0. 0. 0. 0. 0. 0. 0. 0. 0. 0. 0. 0. 0. 0. 0. 0.
 0. 0. 0. 0. 0. 0. 0. 0. 0. 0. 0. 0. 0. 0. 0. 0. 0. 0. 0. 0. 0. 0. 0. 0.
 0. 0. 0. 0. 0. 0. 0. 0. 0. 0. 0. 0. 0. 0. 0. 0. 0. 0. 0. 0. 0. 0. 0. 0.
 0. 0. 0. 0. 0. 0. 0. 0. 0. 0. 0. 0. 0. 0. 0. 0. 0. 0. 0. 0. 0. 0. 0. 0.
 0. 0. 0. 0. 0. 0. 0. 0. 0. 0. 0. 0. 0. 0. 0. 0. 0. 0. 0. 0. 0. 0. 0. 0.
 0. 0. 0. 0. 0. 0. 0. 0. 0. 0. 0. 0. 0. 0. 0. 0.]
start SG
end SG -->  0.27985501289367676
    CPU time for vj and vk      1.77 sec, wall time      1.78 sec
E1 = 32.24977427473257  Ecoul = 8.781820871783511  Exc = -26.90094427879103
init E= -88.3403339161634
    CPU time for initialize scf     10.12 sec, wall time     10.15 sec
  HOMO = 0.536123048811743  LUMO = 0.809343109549253
  mo_energy =
[-0.30706198 -0.23040415 -0.23040274  0.01819099  0.01819108  0.01819125
  0.01819362  0.02069693  0.02069713  0.04981845  0.04981853  0.04981856
  0.0498212   0.20938335  0.2093835   0.20938437  0.20938591  0.27477847
  0.27477878  0.28466493  0.28466508  0.2846666   0.28466808  0.34992551
  0.3499257   0.36708251  0.36708275  0.36708393  0.36708436  0.53156642
  0.53612258  0.53612305  0.80934311  0.80934385  0.84197753  0.84357686
  0.84357689  0.86866928  0.86867067  0.86987535  0.86987601  0.86987653
  0.86987653  1.07974462  1.07974465  1.07974733  1.07974734  1.08808189
  1.0880819   1.08808551  1.08808825  1.1176915   1.11769366  1.11769384
  1.11769387  1.13487896  1.13487927  1.17879561  1.2782882   1.27828826
  1.27829501  1.27829984  1.27947061  1.27947066  1.59333643  1.59333786
  1.59333788  1.59334131  1.63359623  1.63359687  1.7137168   1.7137383
  1.71506513  1.71506943  1.71506944  1.71507522  1.75659766  1.75800331
  1.87294723  1.87294988  1.90148897  1.90149034  2.04007987  2.04007997
  2.04013014  2.04013029  2.04014886  2.04014894  2.06125472  2.06126016
  2.06126255  2.06126258  2.25910774  2.25910782  2.25911052  2.25911055
  2.34580876  2.34594435  2.34595675  2.34595675  2.34723442  2.34736802
  2.40762335  2.40762336  2.40794352  2.47192159  2.47278672  2.47278703
  2.49625322  2.49625331  2.49625916  2.49625967  2.53733678  2.53733687
  2.53734075  2.53734082  2.768607    2.76860712  2.76861487  2.7686175
  2.78758446  2.78758457  2.78759496  2.78759628  2.78783167  2.78783177
  2.79512207  2.79512218  2.88461034  2.88462305  2.88462307  2.88462397
  2.98044406  2.98045553  2.98045557  2.98045749  2.9811128   2.98113154
  3.0212156   3.02121594  3.02147216  3.02147504  3.02148438  3.02148467
  3.07450487  3.07450561  3.10635323  3.10635395  3.10636246  3.10636249
  3.26838037  3.26838467  3.26838481  3.26838774  3.28640622  3.28641175
  3.35184658  3.35185964  3.41733027  3.41733043  3.41733623  3.41733637
  3.42809395  3.42816589  3.42903958  3.42905232  3.42905237  3.42910125
  3.56148548  3.56383339  3.73134333  3.73180315  3.73180378  3.83432663
  3.83434181  4.33910185  4.33910186  4.33910196  4.33910935  4.62109903
  4.62109909  4.62252172  4.72255799  4.72255849  4.7230565   4.72305662
  4.72374642  4.72374646  4.72376625  4.72377253  4.72408722  4.724088
  8.67338783  8.85995054  8.8599826   9.00148026  9.01116147  9.01555057
  9.01555058  9.01564498  9.01568676  9.02215628  9.0287252   9.0323129
  9.03713611  9.03713613  9.03714863  9.04131614]
nelec by numeric integration = 63.99999999567534
    CPU time for vxc      3.97 sec, wall time      3.98 sec
~/packages/PeriodicIntegrals/PeriodicIntegrals-junjie-benchmark/isdfx/isdfx.py +4733
[[ 5.92678898e-01 -2.07779918e-02  1.30721349e-06 ...  3.28299556e-03
  -3.30216116e-03  3.03306191e-09]
 [-2.07779918e-02  8.45011593e-04  3.34185221e-07 ... -2.08708393e-04
   1.64790802e-04  2.96049078e-09]
 [ 1.30721349e-06  3.34185221e-07  6.49875993e-01 ...  1.12962882e-04
   2.11662881e-03  3.16147434e-03]
 ...
 [ 3.28299556e-03 -2.08708393e-04  1.12962882e-04 ...  4.45236208e-04
   1.51515689e-06 -1.60223167e-09]
 [-3.30216116e-03  1.64790802e-04  2.11662881e-03 ...  1.51515689e-06
   2.27037592e-03  2.72248885e-06]
 [ 3.03306191e-09  2.96049078e-09  3.16147434e-03 ... -1.60223167e-09
   2.72248885e-06  6.71132162e-04]]
[[ 1.71208892e-01  4.87275484e-03 -2.07165289e-01 ... -8.04643291e-07
  -1.45820595e-06 -1.15351667e+00]
 [-6.73961142e-03 -1.05319818e-04  4.10858463e-03 ... -6.96605276e-07
  -1.32457549e-06 -1.05954719e+00]
 [ 6.76407613e-08 -1.25258251e-07 -1.54313024e-07 ... -4.76867221e-02
   3.39578012e-05  2.00645438e-07]
 ...
 [-1.12094085e-04  1.27109258e-03 -1.22516687e-03 ... -3.48061339e-06
  -5.81713521e-07 -4.61431220e-03]
 [ 1.55147584e-06 -4.23439915e-06 -9.32437546e-07 ... -8.16140233e-05
  -5.35849791e-02 -4.22959553e-02]
 [-1.05125999e-08  1.77076124e-08 -1.15723492e-08 ...  1.72196249e-03
   1.13725866e-05 -1.36802824e-10]]
[2. 2. 2. 2. 2. 2. 2. 2. 2. 2. 2. 2. 2. 2. 2. 2. 2. 2. 2. 2. 2. 2. 2. 2.
 2. 2. 2. 2. 2. 2. 2. 2. 0. 0. 0. 0. 0. 0. 0. 0. 0. 0. 0. 0. 0. 0. 0. 0.
 0. 0. 0. 0. 0. 0. 0. 0. 0. 0. 0. 0. 0. 0. 0. 0. 0. 0. 0. 0. 0. 0. 0. 0.
 0. 0. 0. 0. 0. 0. 0. 0. 0. 0. 0. 0. 0. 0. 0. 0. 0. 0. 0. 0. 0. 0. 0. 0.
 0. 0. 0. 0. 0. 0. 0. 0. 0. 0. 0. 0. 0. 0. 0. 0. 0. 0. 0. 0. 0. 0. 0. 0.
 0. 0. 0. 0. 0. 0. 0. 0. 0. 0. 0. 0. 0. 0. 0. 0. 0. 0. 0. 0. 0. 0. 0. 0.
 0. 0. 0. 0. 0. 0. 0. 0. 0. 0. 0. 0. 0. 0. 0. 0. 0. 0. 0. 0. 0. 0. 0. 0.
 0. 0. 0. 0. 0. 0. 0. 0. 0. 0. 0. 0. 0. 0. 0. 0. 0. 0. 0. 0. 0. 0. 0. 0.
 0. 0. 0. 0. 0. 0. 0. 0. 0. 0. 0. 0. 0. 0. 0. 0.]
start SG
end SG -->  0.2837238311767578
    CPU time for vj and vk      1.76 sec, wall time      1.76 sec
E1 = 32.249326169605396  Ecoul = 8.782479246872908  Exc = -26.901161063858503
cycle= 1 E= -88.3403404312687  delta_E= -6.52e-06  |g|= 0.000812  |ddm|= 0.00545
    CPU time for cycle= 1      5.74 sec, wall time      5.75 sec
  HOMO = 0.536139025895693  LUMO = 0.80935374331199
  mo_energy =
[-0.30705361 -0.23039697 -0.23039411  0.01819925  0.01820045  0.01820063
  0.018204    0.02070412  0.02070425  0.04982754  0.04982909  0.04982929
  0.04983227  0.20938956  0.20938976  0.20939065  0.20939322  0.27479028
  0.2747906   0.28467135  0.28467159  0.2846717   0.2846755   0.34992855
  0.34992985  0.36709534  0.36709563  0.36709696  0.36709712  0.53156419
  0.53613851  0.53613903  0.80935374  0.80935616  0.8419907   0.84358388
  0.84358391  0.86868029  0.8686819   0.86987922  0.8698805   0.86988089
  0.86988093  1.07975551  1.07975556  1.07975831  1.0797584   1.0880875
  1.08808759  1.08808945  1.08809406  1.11770199  1.11770416  1.11770426
  1.11770509  1.13489435  1.13489601  1.17881103  1.2783034   1.27830346
  1.27830858  1.27831685  1.27948509  1.27948515  1.59335194  1.59335198
  1.59335199  1.59335793  1.63360453  1.63360493  1.71372822  1.71374677
  1.71508303  1.7150859   1.71508592  1.7150928   1.75661282  1.75800473
  1.87295593  1.87296124  1.90149005  1.90149288  2.04007863  2.04007868
  2.04013494  2.04013727  2.04016387  2.040164    2.06127213  2.06127735
  2.06128069  2.06128074  2.25911959  2.25911963  2.25912154  2.25912162
  2.34582356  2.3459567   2.34597362  2.34597372  2.34723792  2.3473687
  2.40763233  2.40763234  2.40795158  2.47193231  2.47280208  2.47280238
  2.49626037  2.49626043  2.49626466  2.49626689  2.53734875  2.5373488
  2.53735283  2.53735294  2.76861787  2.76861805  2.76862382  2.76862886
  2.78759563  2.78759587  2.78760605  2.78761041  2.78784707  2.78784717
  2.79513206  2.79513432  2.88462461  2.88463732  2.8846387   2.88463877
  2.98045428  2.98046478  2.98046632  2.98046635  2.98112873  2.98115083
  3.02122372  3.02122406  3.02147995  3.02148464  3.02149706  3.02149726
  3.07450902  3.07451079  3.10636532  3.10636604  3.10637534  3.10637544
  3.26838593  3.26839233  3.26839256  3.26839434  3.28642801  3.28643516
  3.35186243  3.35187313  3.41734448  3.41734474  3.4173492   3.41734926
  3.42810498  3.42818171  3.42905052  3.42906371  3.42906372  3.42911375
  3.56151264  3.5638392   3.73135354  3.73181708  3.73181771  3.83434145
  3.8343565   4.33911104  4.33911176  4.33911196  4.33911628  4.62110552
  4.62110557  4.6225323   4.72252487  4.72252645  4.72306621  4.72306638
  4.72376179  4.72376181  4.72377727  4.72378221  4.72413046  4.72413223
  8.67341477  8.85997798  8.86000931  9.0014894   9.0111659   9.01557994
  9.01558001  9.01567561  9.01572903  9.02221627  9.02873206  9.03232757
  9.03712979  9.03717643  9.0371771   9.04136868]
nelec by numeric integration = 63.99999999567558
    CPU time for vxc      3.90 sec, wall time      3.91 sec
~/packages/PeriodicIntegrals/PeriodicIntegrals-junjie-benchmark/isdfx/isdfx.py +4733
[[ 5.92642000e-01 -2.07731070e-02  1.39390532e-06 ...  3.28312455e-03
  -3.30193132e-03  2.44703301e-09]
 [-2.07731070e-02  8.44680024e-04  3.31030617e-07 ... -2.08720465e-04
   1.64728590e-04  2.99935933e-09]
 [ 1.39390532e-06  3.31030617e-07  6.49830700e-01 ...  1.12829369e-04
   2.11498577e-03  3.16162054e-03]
 ...
 [ 3.28312455e-03 -2.08720465e-04  1.12829369e-04 ...  4.45097974e-04
   1.51699414e-06 -1.63083922e-09]
 [-3.30193132e-03  1.64728590e-04  2.11498577e-03 ...  1.51699414e-06
   2.27085635e-03  2.75353754e-06]
 [ 2.44703301e-09  2.99935933e-09  3.16162054e-03 ... -1.63083922e-09
   2.75353754e-06  6.71273716e-04]]
[[ 1.71193938e-01  6.56069343e-03 -2.07092241e-01 ...  2.28769793e-05
  -1.44468149e-05 -1.15350837e+00]
 [-6.73883408e-03 -1.44498048e-04  4.10573681e-03 ...  2.02125451e-05
  -1.27816221e-05 -1.05958293e+00]
 [ 5.51903366e-08 -1.85864415e-07 -1.43601129e-07 ... -5.51466366e-02
  -4.75907264e-02 -5.32283037e-07]
 ...
 [-1.11335678e-04  1.27575230e-03 -1.21513041e-03 ... -1.90005475e-02
   3.17437653e-07 -4.61198780e-03]
 [ 1.43842442e-06 -4.62427791e-06 -1.71575367e-06 ...  3.58935772e-05
  -3.27289907e-05 -4.22658816e-02]
 [-6.62737024e-09  1.41764645e-08 -6.39757789e-09 ...  3.16928340e-08
   1.75832841e-03  3.28013426e-08]]
[2. 2. 2. 2. 2. 2. 2. 2. 2. 2. 2. 2. 2. 2. 2. 2. 2. 2. 2. 2. 2. 2. 2. 2.
 2. 2. 2. 2. 2. 2. 2. 2. 0. 0. 0. 0. 0. 0. 0. 0. 0. 0. 0. 0. 0. 0. 0. 0.
 0. 0. 0. 0. 0. 0. 0. 0. 0. 0. 0. 0. 0. 0. 0. 0. 0. 0. 0. 0. 0. 0. 0. 0.
 0. 0. 0. 0. 0. 0. 0. 0. 0. 0. 0. 0. 0. 0. 0. 0. 0. 0. 0. 0. 0. 0. 0. 0.
 0. 0. 0. 0. 0. 0. 0. 0. 0. 0. 0. 0. 0. 0. 0. 0. 0. 0. 0. 0. 0. 0. 0. 0.
 0. 0. 0. 0. 0. 0. 0. 0. 0. 0. 0. 0. 0. 0. 0. 0. 0. 0. 0. 0. 0. 0. 0. 0.
 0. 0. 0. 0. 0. 0. 0. 0. 0. 0. 0. 0. 0. 0. 0. 0. 0. 0. 0. 0. 0. 0. 0. 0.
 0. 0. 0. 0. 0. 0. 0. 0. 0. 0. 0. 0. 0. 0. 0. 0. 0. 0. 0. 0. 0. 0. 0. 0.
 0. 0. 0. 0. 0. 0. 0. 0. 0. 0. 0. 0. 0. 0. 0. 0.]
start SG
end SG -->  0.28400206565856934
    CPU time for vj and vk      1.74 sec, wall time      1.75 sec
E1 = 32.24938516260861  Ecoul = 8.782392828454816  Exc = -26.90113363155026
cycle= 2 E= -88.3403404243753  delta_E= 6.89e-09  |g|= 0.000919  |ddm|= 0.00124
    CPU time for cycle= 2      5.66 sec, wall time      5.68 sec
  HOMO = 0.536138583093206  LUMO = 0.809354128394468
  mo_energy =
[-0.30705389 -0.23039708 -0.23039506  0.01819997  0.01820041  0.01820055
  0.01820316  0.02070345  0.02070359  0.04982747  0.04982821  0.04982832
  0.04983119  0.20938925  0.20938943  0.20939019  0.20939234  0.27478998
  0.2747903   0.28467044  0.28467065  0.28467171  0.28467434  0.34992796
  0.34992863  0.36709508  0.36709535  0.36709624  0.36709663  0.53156284
  0.53613806  0.53613858  0.80935413  0.80935563  0.8419903   0.84358326
  0.84358329  0.86868017  0.86868168  0.86987895  0.86987974  0.86988038
  0.86988041  1.07975483  1.07975485  1.07975752  1.07975757  1.08808662
  1.08808668  1.088089    1.08809331  1.11770129  1.11770357  1.11770359
  1.11770365  1.13489437  1.13489508  1.17881006  1.27830288  1.27830289
  1.27830846  1.27831558  1.27948354  1.2794836   1.59335127  1.59335208
  1.59335209  1.5933565   1.6336038   1.63360441  1.7137265   1.71374652
  1.71508172  1.71508524  1.71508526  1.71509178  1.75661276  1.75800425
  1.87295547  1.87296002  1.90148999  1.90149177  2.04008242  2.04008249
  2.04013495  2.04013615  2.04015956  2.04015966  2.06127204  2.06127647
  2.06128023  2.06128025  2.25911882  2.25911886  2.25912115  2.25912122
  2.34582188  2.34595636  2.34597287  2.34597293  2.3472369   2.34737121
  2.40763176  2.40763178  2.40795089  2.47193145  2.47280127  2.47280158
  2.49625949  2.49625953  2.49626481  2.49626571  2.5373479   2.53734798
  2.5373522   2.53735229  2.76861695  2.7686171   2.76862367  2.76862767
  2.78759596  2.78759613  2.78760553  2.78760875  2.78784557  2.78784567
  2.79513185  2.7951331   2.88462442  2.88463681  2.8846383   2.88463833
  2.98045425  2.98046489  2.98046492  2.98046568  2.9811283   2.98115024
  3.02122498  3.02122532  3.02147978  3.02148333  3.02149456  3.02149481
  3.07450871  3.07450951  3.10636502  3.10636508  3.10637454  3.10637461
  3.2683862   3.26839139  3.26839157  3.26839324  3.28642653  3.28643576
  3.35186173  3.35187246  3.41734349  3.41734368  3.41734884  3.41734895
  3.4281057   3.42818156  3.42904966  3.42906311  3.42906314  3.42911156
  3.5615128   3.56383835  3.73135266  3.73181634  3.73181697  3.83434117
  3.83435562  4.33911002  4.33911082  4.33911097  4.33911644  4.6211049
  4.62110494  4.62253147  4.72253867  4.72253923  4.72306347  4.72306362
  4.72375973  4.72375975  4.72377608  4.72378166  4.72411927  4.72412008
  8.67341329  8.85997716  8.86000617  9.0015008   9.0111761   9.01558773
  9.01558786  9.01567997  9.01570959  9.02218541  9.02874162  9.03233084
  9.03715013  9.03716286  9.03716309  9.04134407]
nelec by numeric integration = 63.99999999567557
    CPU time for vxc      3.93 sec, wall time      3.94 sec
~/packages/PeriodicIntegrals/PeriodicIntegrals-junjie-benchmark/isdfx/isdfx.py +4733
[[ 5.92657966e-01 -2.07750747e-02  1.40040682e-06 ...  3.28337002e-03
  -3.30222642e-03  3.69834946e-09]
 [-2.07750747e-02  8.44803428e-04  3.29890163e-07 ... -2.08770161e-04
   1.64794763e-04  2.87517914e-09]
 [ 1.40040682e-06  3.29890163e-07  6.49846012e-01 ...  1.12906366e-04
   2.11502062e-03  3.16168536e-03]
 ...
 [ 3.28337002e-03 -2.08770161e-04  1.12906366e-04 ...  4.45036324e-04
   1.55453998e-06 -1.55447567e-09]
 [-3.30222642e-03  1.64794763e-04  2.11502062e-03 ...  1.55453998e-06
   2.27054851e-03  2.80617867e-06]
 [ 3.69834946e-09  2.87517914e-09  3.16168536e-03 ... -1.55447567e-09
   2.80617867e-06  6.71138691e-04]]
[[ 1.71201775e-01  5.83118724e-03 -2.07128652e-01 ...  8.71567470e-06
  -6.90005598e-06  1.15354233e+00]
 [-6.73928708e-03 -1.25565204e-04  4.10718157e-03 ...  7.61531041e-06
  -6.08928011e-06  1.05958263e+00]
 [ 5.64489232e-08 -1.56041652e-07 -1.43070900e-07 ... -5.50188194e-02
  -4.77461632e-02  1.69970684e-07]
 ...
 [-1.10045685e-04  1.27300670e-03 -1.22023351e-03 ... -1.90447815e-02
   1.98972416e-06  4.62427478e-03]
 [ 1.58160794e-06 -4.54285169e-06 -1.24778095e-06 ...  3.39601178e-05
  -8.97397657e-06  4.22880439e-02]
 [-5.14214220e-09  1.23686855e-08 -6.19878121e-09 ...  1.74662064e-07
   1.68820383e-03 -1.70522547e-08]]
[2. 2. 2. 2. 2. 2. 2. 2. 2. 2. 2. 2. 2. 2. 2. 2. 2. 2. 2. 2. 2. 2. 2. 2.
 2. 2. 2. 2. 2. 2. 2. 2. 0. 0. 0. 0. 0. 0. 0. 0. 0. 0. 0. 0. 0. 0. 0. 0.
 0. 0. 0. 0. 0. 0. 0. 0. 0. 0. 0. 0. 0. 0. 0. 0. 0. 0. 0. 0. 0. 0. 0. 0.
 0. 0. 0. 0. 0. 0. 0. 0. 0. 0. 0. 0. 0. 0. 0. 0. 0. 0. 0. 0. 0. 0. 0. 0.
 0. 0. 0. 0. 0. 0. 0. 0. 0. 0. 0. 0. 0. 0. 0. 0. 0. 0. 0. 0. 0. 0. 0. 0.
 0. 0. 0. 0. 0. 0. 0. 0. 0. 0. 0. 0. 0. 0. 0. 0. 0. 0. 0. 0. 0. 0. 0. 0.
 0. 0. 0. 0. 0. 0. 0. 0. 0. 0. 0. 0. 0. 0. 0. 0. 0. 0. 0. 0. 0. 0. 0. 0.
 0. 0. 0. 0. 0. 0. 0. 0. 0. 0. 0. 0. 0. 0. 0. 0. 0. 0. 0. 0. 0. 0. 0. 0.
 0. 0. 0. 0. 0. 0. 0. 0. 0. 0. 0. 0. 0. 0. 0. 0.]
start SG
end SG -->  0.27736926078796387
    CPU time for vj and vk      1.76 sec, wall time      1.77 sec
E1 = 32.24938087415943  Ecoul = 8.782399316688725  Exc = -26.90113598127132
cycle= 3 E= -88.3403405743116  delta_E= -1.5e-07  |g|= 0.000406  |ddm|= 0.000911
    CPU time for cycle= 3      5.71 sec, wall time      5.72 sec
  HOMO = 0.536138303743707  LUMO = 0.809354117615183
  mo_energy =
[-0.30705431 -0.23039733 -0.23039555  0.01819977  0.01819992  0.01820005
  0.01820273  0.02070293  0.02070311  0.04982732  0.0498279   0.04982801
  0.04983069  0.20938879  0.20938896  0.20938993  0.20939182  0.27478965
  0.27478997  0.28466996  0.28467015  0.28467115  0.28467365  0.34992721
  0.3499278   0.36709475  0.36709503  0.36709594  0.36709637  0.53156168
  0.53613778  0.5361383   0.80935412  0.80935545  0.84199003  0.84358271
  0.84358274  0.86868013  0.86868166  0.86987856  0.86987927  0.86987986
  0.86987989  1.07975419  1.07975422  1.07975687  1.07975692  1.08808592
  1.08808596  1.08808858  1.0880926   1.11770064  1.11770282  1.11770288
  1.11770293  1.1348941   1.13489464  1.17880936  1.27830236  1.27830237
  1.27830781  1.27831466  1.27948264  1.2794827   1.59335074  1.59335164
  1.59335165  1.59335611  1.63360339  1.63360387  1.71372568  1.71374568
  1.71508099  1.71508482  1.71508484  1.71509083  1.75661279  1.75800377
  1.87295477  1.87295917  1.90148963  1.90149116  2.04008294  2.04008301
  2.04013466  2.04013575  2.04015825  2.04015834  2.06127195  2.06127594
  2.06128008  2.06128008  2.25911824  2.25911829  2.25912077  2.25912084
  2.34582141  2.34595604  2.34597269  2.34597274  2.34723624  2.34737144
  2.40763122  2.40763124  2.40795031  2.4719307   2.47280063  2.47280094
  2.49625878  2.49625883  2.49626442  2.4962651   2.53734737  2.53734745
  2.53735164  2.53735172  2.76861639  2.76861654  2.76862317  2.76862715
  2.78759522  2.78759537  2.78760489  2.78760809  2.78784484  2.78784493
  2.79513135  2.79513248  2.88462466  2.88463616  2.88463797  2.88463798
  2.98045369  2.9804647   2.98046473  2.98046487  2.98112808  2.98114978
  3.02122487  3.02122521  3.02147925  3.02148279  3.02149361  3.02149386
  3.07450818  3.07450873  3.10636424  3.10636453  3.10637411  3.10637416
  3.2683857   3.26839073  3.2683909   3.26839269  3.28642616  3.28643558
  3.35186126  3.351872    3.41734287  3.41734305  3.41734838  3.4173485
  3.42810579  3.42818105  3.42904925  3.42906245  3.42906248  3.42911068
  3.56151282  3.56383764  3.73135193  3.73181581  3.73181644  3.83434053
  3.83435524  4.33910933  4.33911031  4.33911045  4.33911593  4.62110427
  4.62110432  4.62253079  4.72253874  4.72253968  4.72306356  4.7230637
  4.72375866  4.72375868  4.72377533  4.72378131  4.72411729  4.72411847
  8.67341133  8.85997513  8.86000454  9.00150063  9.01117815  9.01557871
  9.01557872  9.01567327  9.01571142  9.02217847  9.0287487   9.03232905
  9.0371453   9.03716823  9.0371685   9.04133833]
nelec by numeric integration = 63.999999995675566
    CPU time for vxc      3.91 sec, wall time      3.92 sec
~/packages/PeriodicIntegrals/PeriodicIntegrals-junjie-benchmark/isdfx/isdfx.py +4733
[[ 5.92661750e-01 -2.07755556e-02  1.40967500e-06 ...  3.28307285e-03
  -3.30208266e-03  4.05380755e-09]
 [-2.07755556e-02  8.44833148e-04  3.28426069e-07 ... -2.08736461e-04
   1.64772505e-04  2.83657872e-09]
 [ 1.40967500e-06  3.28426069e-07  6.49848729e-01 ...  1.12830059e-04
   2.11510880e-03  3.16184487e-03]
 ...
 [ 3.28307285e-03 -2.08736461e-04  1.12830059e-04 ...  4.45054770e-04
   1.56698297e-06 -1.53368241e-09]
 [-3.30208266e-03  1.64772505e-04  2.11510880e-03 ...  1.56698297e-06
   2.27071681e-03  2.82660342e-06]
 [ 4.05380755e-09  2.83657872e-09  3.16184487e-03 ... -1.53368241e-09
   2.82660342e-06  6.71206940e-04]]
[[ 1.71204625e-01  6.00541279e-03 -2.07126662e-01 ...  5.39572808e-06
  -5.15362374e-06 -1.15348222e+00]
 [-6.73940406e-03 -1.30687735e-04  4.10720736e-03 ...  4.66340279e-06
  -4.54535495e-06 -1.05952407e+00]
 [ 5.64371612e-08 -1.48108083e-07 -1.42286654e-07 ... -5.51074697e-02
  -4.76393784e-02 -8.49767304e-08]
 ...
 [-1.10454692e-04  1.27346439e-03 -1.21872337e-03 ... -1.90147156e-02
   1.69697652e-06 -4.61179741e-03]
 [ 1.61959998e-06 -4.51473986e-06 -1.13207791e-06 ...  3.41712133e-05
  -2.31855731e-05 -4.22889042e-02]
 [-4.52079445e-09  1.16308125e-08 -5.92489613e-09 ...  1.52081992e-07
   1.73519066e-03  1.22136173e-08]]
[2. 2. 2. 2. 2. 2. 2. 2. 2. 2. 2. 2. 2. 2. 2. 2. 2. 2. 2. 2. 2. 2. 2. 2.
 2. 2. 2. 2. 2. 2. 2. 2. 0. 0. 0. 0. 0. 0. 0. 0. 0. 0. 0. 0. 0. 0. 0. 0.
 0. 0. 0. 0. 0. 0. 0. 0. 0. 0. 0. 0. 0. 0. 0. 0. 0. 0. 0. 0. 0. 0. 0. 0.
 0. 0. 0. 0. 0. 0. 0. 0. 0. 0. 0. 0. 0. 0. 0. 0. 0. 0. 0. 0. 0. 0. 0. 0.
 0. 0. 0. 0. 0. 0. 0. 0. 0. 0. 0. 0. 0. 0. 0. 0. 0. 0. 0. 0. 0. 0. 0. 0.
 0. 0. 0. 0. 0. 0. 0. 0. 0. 0. 0. 0. 0. 0. 0. 0. 0. 0. 0. 0. 0. 0. 0. 0.
 0. 0. 0. 0. 0. 0. 0. 0. 0. 0. 0. 0. 0. 0. 0. 0. 0. 0. 0. 0. 0. 0. 0. 0.
 0. 0. 0. 0. 0. 0. 0. 0. 0. 0. 0. 0. 0. 0. 0. 0. 0. 0. 0. 0. 0. 0. 0. 0.
 0. 0. 0. 0. 0. 0. 0. 0. 0. 0. 0. 0. 0. 0. 0. 0.]
start SG
end SG -->  0.28301548957824707
    CPU time for vj and vk      1.75 sec, wall time      1.75 sec
E1 = 32.249377290235486  Ecoul = 8.782404706065998  Exc = -26.901137819692337
cycle= 4 E= -88.3403406072793  delta_E= -3.3e-08  |g|= 0.000114  |ddm|= 0.000347
    CPU time for cycle= 4      5.68 sec, wall time      5.70 sec
  HOMO = 0.53613831430949  LUMO = 0.809354031601963
  mo_energy =
[-0.30705437 -0.23039755 -0.23039547  0.01819955  0.01819992  0.01820006
  0.0182028   0.02070284  0.02070301  0.04982704  0.04982784  0.04982796
  0.04983079  0.2093887   0.20938889  0.20938976  0.20939183  0.27478963
  0.27478995  0.28466981  0.28467002  0.28467089  0.28467365  0.34992691
  0.34992769  0.36709477  0.36709504  0.3670959   0.36709629  0.53156134
  0.53613779  0.53613831  0.80935403  0.80935559  0.84199002  0.84358259
  0.84358262  0.86868019  0.86868172  0.86987841  0.86987915  0.86987976
  0.86987979  1.07975407  1.0797541   1.07975675  1.07975681  1.08808582
  1.08808587  1.08808824  1.08809247  1.11770046  1.11770269  1.11770276
  1.11770277  1.13489398  1.13489474  1.17880925  1.27830211  1.27830213
  1.27830752  1.27831471  1.2794826   1.27948266  1.59335074  1.5933515
  1.59335151  1.59335615  1.63360331  1.63360379  1.7137256   1.71374536
  1.71508101  1.71508462  1.71508463  1.71509092  1.75661288  1.75800365
  1.87295449  1.87295914  1.90148935  1.90149119  2.04008176  2.04008183
  2.04013444  2.04013579  2.04015931  2.04015941  2.06127193  2.0612761
  2.06128007  2.06128009  2.25911826  2.2591183   2.2591206   2.25912068
  2.34582199  2.34595607  2.34597279  2.34597285  2.34723618  2.34737052
  2.40763113  2.40763115  2.40795018  2.47193055  2.47280053  2.47280084
  2.49625873  2.49625876  2.49626405  2.49626508  2.53734726  2.53734734
  2.53735156  2.53735164  2.76861628  2.76861643  2.76862292  2.76862704
  2.78759495  2.78759512  2.78760461  2.78760808  2.78784489  2.78784499
  2.79513114  2.7951325   2.8846245   2.88463631  2.884638    2.88463802
  2.9804536   2.98046458  2.98046461  2.98046478  2.98112809  2.98114983
  3.0212243   3.02122464  3.02147903  3.02148277  3.02149401  3.02149425
  3.0745079   3.07450871  3.1063643   3.10636446  3.10637395  3.10637402
  3.26838542  3.26839065  3.26839083  3.26839261  3.28642623  3.28643564
  3.35186135  3.35187186  3.4173429   3.41734309  3.41734821  3.41734832
  3.42810536  3.42818097  3.42904923  3.42906234  3.42906237  3.42911083
  3.56151284  3.56383746  3.73135184  3.73181573  3.73181636  3.83434047
  3.83435506  4.33910934  4.3391102   4.33911035  4.3391157   4.62110411
  4.62110415  4.62253065  4.72253734  4.72253824  4.72306326  4.7230634
  4.72375901  4.72375902  4.72377536  4.72378107  4.72411828  4.72411941
  8.67341093  8.85997485  8.86000398  9.00149765  9.01117388  9.01558103
  9.0155811   9.0156748   9.01571067  9.02218487  9.02874204  9.03232781
  9.03714334  9.03716568  9.03716599  9.04134341]
nelec by numeric integration = 63.99999999567558
    CPU time for vxc      3.90 sec, wall time      3.91 sec
~/packages/PeriodicIntegrals/PeriodicIntegrals-junjie-benchmark/isdfx/isdfx.py +4733
[[ 5.92657262e-01 -2.07750138e-02  1.41541268e-06 ...  3.28307155e-03
  -3.30210130e-03  3.77785028e-09]
 [-2.07750138e-02  8.44798216e-04  3.27593084e-07 ... -2.08735148e-04
   1.64773114e-04  2.86021621e-09]
 [ 1.41541268e-06  3.27593084e-07  6.49843576e-01 ...  1.12835551e-04
   2.11520664e-03  3.16177595e-03]
 ...
 [ 3.28307155e-03 -2.08735148e-04  1.12835551e-04 ...  4.45039447e-04
   1.56031772e-06 -1.54970137e-09]
 [-3.30210130e-03  1.64773114e-04  2.11520664e-03 ...  1.56031772e-06
   2.27067907e-03  2.81821826e-06]
 [ 3.77785028e-09  2.86021621e-09  3.16177595e-03 ... -1.54970137e-09
   2.81821826e-06  6.71184655e-04]]
[[ 1.71202139e-01  5.94138153e-03 -2.07124938e-01 ...  9.06174591e-06
  -7.24050226e-06 -1.15350941e+00]
 [-6.73928040e-03 -1.29180097e-04  4.10704126e-03 ...  7.92404991e-06
  -6.39626070e-06 -1.05955512e+00]
 [ 5.58278308e-08 -1.55928039e-07 -1.41843719e-07 ... -5.50768705e-02
  -4.76760059e-02 -1.74702586e-07]
 ...
 [-1.10354334e-04  1.27315807e-03 -1.21917777e-03 ... -1.90248864e-02
   1.51855067e-06 -4.61683050e-03]
 [ 1.58189990e-06 -4.53552789e-06 -1.24697339e-06 ...  3.44411094e-05
  -2.29426853e-05 -4.22854946e-02]
 [-4.62224679e-09  1.17997250e-08 -5.75077600e-09 ...  1.35364004e-07
   1.71952774e-03  1.64908940e-08]]
[2. 2. 2. 2. 2. 2. 2. 2. 2. 2. 2. 2. 2. 2. 2. 2. 2. 2. 2. 2. 2. 2. 2. 2.
 2. 2. 2. 2. 2. 2. 2. 2. 0. 0. 0. 0. 0. 0. 0. 0. 0. 0. 0. 0. 0. 0. 0. 0.
 0. 0. 0. 0. 0. 0. 0. 0. 0. 0. 0. 0. 0. 0. 0. 0. 0. 0. 0. 0. 0. 0. 0. 0.
 0. 0. 0. 0. 0. 0. 0. 0. 0. 0. 0. 0. 0. 0. 0. 0. 0. 0. 0. 0. 0. 0. 0. 0.
 0. 0. 0. 0. 0. 0. 0. 0. 0. 0. 0. 0. 0. 0. 0. 0. 0. 0. 0. 0. 0. 0. 0. 0.
 0. 0. 0. 0. 0. 0. 0. 0. 0. 0. 0. 0. 0. 0. 0. 0. 0. 0. 0. 0. 0. 0. 0. 0.
 0. 0. 0. 0. 0. 0. 0. 0. 0. 0. 0. 0. 0. 0. 0. 0. 0. 0. 0. 0. 0. 0. 0. 0.
 0. 0. 0. 0. 0. 0. 0. 0. 0. 0. 0. 0. 0. 0. 0. 0. 0. 0. 0. 0. 0. 0. 0. 0.
 0. 0. 0. 0. 0. 0. 0. 0. 0. 0. 0. 0. 0. 0. 0. 0.]
start SG
end SG -->  0.27817797660827637
    CPU time for vj and vk      1.77 sec, wall time      1.77 sec
E1 = 32.249376540431534  Ecoul = 8.782405864568549  Exc = -26.90113823128998
cycle= 5 E= -88.3403406101784  delta_E= -2.9e-09  |g|= 1.18e-05  |ddm|= 8.9e-05
    CPU time for cycle= 5      5.69 sec, wall time      5.70 sec
  HOMO = 0.536138414613337  LUMO = 0.809354137767889
  mo_energy =
[-0.30705431 -0.23039745 -0.23039547  0.01819967  0.01819998  0.01820012
  0.01820282  0.02070288  0.02070305  0.04982717  0.04982791  0.04982802
  0.04983079  0.20938876  0.20938894  0.20938983  0.20939185  0.27478971
  0.27479002  0.28466986  0.28467006  0.28467097  0.28467366  0.34992698
  0.34992771  0.36709484  0.36709512  0.36709599  0.36709639  0.53156137
  0.53613789  0.53613841  0.80935414  0.80935563  0.84199009  0.84358264
  0.84358267  0.86868026  0.86868179  0.86987845  0.86987918  0.86987979
  0.86987982  1.07975415  1.07975418  1.07975684  1.07975689  1.08808584
  1.08808589  1.0880883   1.0880925   1.11770056  1.11770278  1.11770281
  1.11770285  1.13489412  1.1348948   1.17880935  1.27830226  1.27830227
  1.27830765  1.27831477  1.27948266  1.27948272  1.59335083  1.59335162
  1.59335163  1.59335622  1.63360337  1.63360387  1.71372567  1.71374546
  1.71508109  1.71508475  1.71508477  1.71509099  1.75661297  1.75800367
  1.87295459  1.87295919  1.90148943  1.90149116  2.04008211  2.04008218
  2.04013453  2.0401358   2.04015906  2.04015915  2.06127206  2.06127614
  2.06128019  2.0612802   2.2591183   2.25911834  2.25912071  2.25912078
  2.3458219   2.34595612  2.34597289  2.34597294  2.34723619  2.34737083
  2.40763119  2.40763121  2.40795024  2.47193063  2.47280062  2.47280093
  2.49625877  2.49625881  2.49626418  2.4962651   2.53734734  2.53734741
  2.53735164  2.53735172  2.76861635  2.7686165   2.76862302  2.76862711
  2.78759508  2.78759525  2.78760473  2.78760813  2.78784494  2.78784503
  2.79513125  2.79513254  2.88462465  2.88463635  2.88463811  2.88463813
  2.98045369  2.98046465  2.98046468  2.98046484  2.9811282   2.98114996
  3.02122452  3.02122486  3.02147913  3.0214828   3.02149392  3.02149417
  3.07450799  3.07450871  3.10636433  3.10636456  3.10637405  3.10637411
  3.26838552  3.26839068  3.26839087  3.26839263  3.28642634  3.28643586
  3.35186144  3.35187198  3.41734294  3.41734313  3.41734832  3.41734844
  3.42810553  3.4281811   3.4290493   3.42906242  3.42906245  3.42911085
  3.56151305  3.56383752  3.73135191  3.73181582  3.73181645  3.83434057
  3.83435519  4.33910936  4.33911026  4.33911041  4.33911579  4.62110414
  4.62110419  4.62253073  4.72253718  4.72253808  4.72306334  4.72306348
  4.72375899  4.723759    4.72377538  4.72378119  4.72411857  4.7241197
  8.67341111  8.85997504  8.86000419  9.0014986   9.01117519  9.01558083
  9.01558088  9.01567471  9.01571109  9.02218301  9.0287439   9.03232803
  9.03714352  9.03716614  9.03716643  9.04134185]
nelec by numeric integration = 63.99999999567557
    CPU time for vxc      3.97 sec, wall time      3.98 sec
