SLURMD_NODENAME = hpc-54-10
Start time = Mon Mar 17 04:17:47 PM PDT 2025
OMP_NUM_THREADS = 1
MKL_NUM_THREADS = 1
PYSCF_MAX_MEMORY = 409600
TMPDIR = /central/scratch/yangjunjie//run-scf-spc-diamond-prim-2-2-2-fftisdf-ks-1-100-rcut_epsilon-1e-05-ke_epsilon-0.01-isdf_thresh-0.0005/48050873/
PYSCF_TMPDIR = /central/scratch/yangjunjie//run-scf-spc-diamond-prim-2-2-2-fftisdf-ks-1-100-rcut_epsilon-1e-05-ke_epsilon-0.01-isdf_thresh-0.0005/48050873/

/home/junjiey/anaconda3/envs/fftisdf/bin/python
2.8.0
1.13.1
2.0.2
fft_engine = NUMPY+BLAS
name = diamond-prim
ke_cutoff =  1.00e+02
exxdiv = None
df = fftisdf-ks
chk_path = ../../../gdf-32/tmp/scf.h5
mesh = 2,2,2
rcut_epsilon =  1.00e-05
ke_epsilon =  1.00e-02
isdf_thresh =  5.00e-04

Discarded 6 diffused primitive functions, 0 contracted functions
ke_cutoff = 100.0
None

******** <class 'ISDFX'> ********
lin_dep_thresh: 1e-10
alpha_cutoff: 2.8
rcut_epsilon: 1e-05
ke_epsilon: 0.01
isdf_thresh: 0.0005
grid_vol_cutoff: 0.05
ke_step: 2.0
ao_tol: 1e-12
multigrid_on: True
direct_j: True
iterative_build: True
occRI: True
voronoi: True
fit_sparse_grid: False
fit_dense_grid: True
direct_k_sparse: True
direct_k: False
use_kpt_symm: False
kmesh: [1, 1, 1]
isdf_pts_from_q0: True
isdf_pts_from_gamma_point: False
alpha: None
do_real_isdf: False
N_xi: None
use_cell_periodic: False
isdf_thresh_sparse: None
ncopy: [1, 1, 1]
j_grid_mesh: None
k_grid_mesh: None
num_j_grids: 100
get_ao_from_pyscf: False
nuc_pp_version: 0
vppnl_ver: 0
universal_dense_grid: None
same_jk_grids: None
coulomb_only: False
max_memory   409600 MB (current use       90 MB)

Exchange function: getK_occRI  

cell mesh: [47 47 47]
nbas:  192
Grid     keMax    keMin    keGrid   expMax   expMin   nexp     lmax     PWs      mesh        
0        51.6     51.6     115.3    5.6      5.6      1        2        103823   [47 47 47]
1        19.5     3.2      19.5     2.1      0.3      3        2        9261     [21 21 21]
0        77.4     57.7     115.3    5.6      5.6      1        2        103823   [47 47 47]
1        29.2     14.6     29.2     2.1      2.1      1        2        15625    [25 25 25]
2        10.6     4.8      10.6     0.8      0.3      2        2        3375     [15 15 15]

ISDF

atm      grid     Ng       NI       Nxi      sharp    on_grid  diffuse  maxexp   minexp   lmax     lmin    
0        0        103823   2073     74       9        297      288      5.61     5.61     2        0       
1        0        103823   2105     78       9        297      288      5.61     5.61     2        0       
2        0        103823   2110     73       9        297      288      5.61     5.61     2        0       
3        0        103823   2095     75       9        297      288      5.61     5.61     2        0       
4        0        103823   2110     73       9        297      288      5.61     5.61     2        0       
5        0        103823   2095     75       9        297      288      5.61     5.61     2        0       
6        0        103823   2095     75       9        297      288      5.61     5.61     2        0       
7        0        103823   2110     73       9        297      288      5.61     5.61     2        0       
8        0        103823   2110     73       9        297      288      5.61     5.61     2        0       
9        0        103823   2095     75       9        297      288      5.61     5.61     2        0       
10       0        103823   2095     75       9        297      288      5.61     5.61     2        0       
11       0        103823   2110     73       9        297      288      5.61     5.61     2        0       
12       0        103823   2095     75       9        297      288      5.61     5.61     2        0       
13       0        103823   2110     73       9        297      288      5.61     5.61     2        0       
14       0        103823   2105     78       9        297      288      5.61     5.61     2        0       
15       0        103823   2073     74       9        297      288      5.61     5.61     2        0       
-        1        9261     9261     9261     432      432      432      2.11     0.35     2        0       
ISDF-pts:       1.54
ISDF-vec:       0.10
Fit dense grids ISDF:       1.63
Fit sparse grids ISDF:       0.00

Grid     PWs      Ng_i     N_xi     N_mu    
0        103823   33586    1192     4752    
1        9261     9261     9261     432     

nTHC: 10453
Mem Required (MB):      94.35
Curent RAM Use (MB) :        246 

Build W
ISDF-fft dense grids (sec):      10.67
Curent RAM Use (MB) :        331 
ISDF-fft:      10.67

Initial guess from minao.
Successfully loaded dm0 from ../../../gdf-32/tmp/scf.h5
~/packages/PeriodicIntegrals/PeriodicIntegrals-junjie-benchmark/isdfx/isdfx.py +4733
[[ 5.26855036e-01 -1.41882092e-02  7.56084978e-06 ... -7.27508003e-03
  -9.70010837e-03 -1.40009224e-03]
 [-1.41882092e-02  4.23422566e-04  9.74736857e-06 ...  2.16418229e-04
   2.88557836e-04  4.16500018e-05]
 [ 7.56084978e-06  9.74736857e-06  6.48895895e-01 ... -1.55812716e-02
   1.46099405e-03  8.00859935e-03]
 ...
 [-7.27508003e-03  2.16418229e-04 -1.55812716e-02 ...  1.80201864e-03
   5.58137812e-09  2.29128023e-04]
 [-9.70010837e-03  2.88557836e-04  1.46099405e-03 ...  5.58137812e-09
   1.66975589e-03 -2.23008497e-08]
 [-1.40009224e-03  4.16500018e-05  8.00859935e-03 ...  2.29128023e-04
  -2.23008497e-08  2.06661500e-03]]
[[ 1.71319019e-01  2.80739589e-01 -1.62116336e-01 ... -6.89782044e-05
   4.94184557e-01 -8.55712448e-01]
 [-6.66392695e-03 -8.75108711e-03  5.05561330e-03 ... -5.57270448e-05
   3.99134311e-01 -6.90974654e-01]
 [ 1.10507086e-06  2.05462122e-02  3.41153061e-02 ... -2.45709669e-02
   7.23699959e-02  4.13636790e-02]
 ...
 [-1.12724054e-07 -4.35204640e-03  7.48321802e-03 ...  3.42248269e-02
   2.70120176e-02 -1.51646802e-02]
 [-1.49262855e-07 -5.73838990e-03  9.97762844e-03 ... -2.27793710e-02
   3.60160468e-02 -2.02220260e-02]
 [-1.94183796e-08 -6.00506389e-04  1.44014593e-03 ...  4.49773607e-02
   5.19848209e-03 -2.92784360e-03]]
[2. 2. 2. 2. 2. 2. 2. 2. 2. 2. 2. 2. 2. 2. 2. 2. 2. 2. 2. 2. 2. 2. 2. 2.
 2. 2. 2. 2. 2. 2. 2. 2. 0. 0. 0. 0. 0. 0. 0. 0. 0. 0. 0. 0. 0. 0. 0. 0.
 0. 0. 0. 0. 0. 0. 0. 0. 0. 0. 0. 0. 0. 0. 0. 0. 0. 0. 0. 0. 0. 0. 0. 0.
 0. 0. 0. 0. 0. 0. 0. 0. 0. 0. 0. 0. 0. 0. 0. 0. 0. 0. 0. 0. 0. 0. 0. 0.
 0. 0. 0. 0. 0. 0. 0. 0. 0. 0. 0. 0. 0. 0. 0. 0. 0. 0. 0. 0. 0. 0. 0. 0.
 0. 0. 0. 0. 0. 0. 0. 0. 0. 0. 0. 0. 0. 0. 0. 0. 0. 0. 0. 0. 0. 0. 0. 0.
 0. 0. 0. 0. 0. 0. 0. 0. 0. 0. 0. 0. 0. 0. 0. 0. 0. 0. 0. 0. 0. 0. 0. 0.
 0. 0. 0. 0. 0. 0. 0. 0. 0. 0. 0. 0. 0. 0. 0. 0. 0. 0. 0. 0. 0. 0. 0. 0.
 0. 0. 0. 0. 0. 0. 0. 0. 0. 0. 0. 0. 0. 0. 0. 0.]
~/packages/PeriodicIntegrals/PeriodicIntegrals-junjie-benchmark/isdfx/isdfx.py +4733
[[ 5.26855036e-01 -1.41882092e-02  7.56084978e-06 ... -7.27508003e-03
  -9.70010837e-03 -1.40009224e-03]
 [-1.41882092e-02  4.23422566e-04  9.74736857e-06 ...  2.16418229e-04
   2.88557836e-04  4.16500018e-05]
 [ 7.56084978e-06  9.74736857e-06  6.48895895e-01 ... -1.55812716e-02
   1.46099405e-03  8.00859935e-03]
 ...
 [-7.27508003e-03  2.16418229e-04 -1.55812716e-02 ...  1.80201864e-03
   5.58137812e-09  2.29128023e-04]
 [-9.70010837e-03  2.88557836e-04  1.46099405e-03 ...  5.58137812e-09
   1.66975589e-03 -2.23008497e-08]
 [-1.40009224e-03  4.16500018e-05  8.00859935e-03 ...  2.29128023e-04
  -2.23008497e-08  2.06661500e-03]]
[[ 1.71319019e-01  2.80739589e-01 -1.62116336e-01 ... -6.89782044e-05
   4.94184557e-01 -8.55712448e-01]
 [-6.66392695e-03 -8.75108711e-03  5.05561330e-03 ... -5.57270448e-05
   3.99134311e-01 -6.90974654e-01]
 [ 1.10507086e-06  2.05462122e-02  3.41153061e-02 ... -2.45709669e-02
   7.23699959e-02  4.13636790e-02]
 ...
 [-1.12724054e-07 -4.35204640e-03  7.48321802e-03 ...  3.42248269e-02
   2.70120176e-02 -1.51646802e-02]
 [-1.49262855e-07 -5.73838990e-03  9.97762844e-03 ... -2.27793710e-02
   3.60160468e-02 -2.02220260e-02]
 [-1.94183796e-08 -6.00506389e-04  1.44014593e-03 ...  4.49773607e-02
   5.19848209e-03 -2.92784360e-03]]
[2. 2. 2. 2. 2. 2. 2. 2. 2. 2. 2. 2. 2. 2. 2. 2. 2. 2. 2. 2. 2. 2. 2. 2.
 2. 2. 2. 2. 2. 2. 2. 2. 0. 0. 0. 0. 0. 0. 0. 0. 0. 0. 0. 0. 0. 0. 0. 0.
 0. 0. 0. 0. 0. 0. 0. 0. 0. 0. 0. 0. 0. 0. 0. 0. 0. 0. 0. 0. 0. 0. 0. 0.
 0. 0. 0. 0. 0. 0. 0. 0. 0. 0. 0. 0. 0. 0. 0. 0. 0. 0. 0. 0. 0. 0. 0. 0.
 0. 0. 0. 0. 0. 0. 0. 0. 0. 0. 0. 0. 0. 0. 0. 0. 0. 0. 0. 0. 0. 0. 0. 0.
 0. 0. 0. 0. 0. 0. 0. 0. 0. 0. 0. 0. 0. 0. 0. 0. 0. 0. 0. 0. 0. 0. 0. 0.
 0. 0. 0. 0. 0. 0. 0. 0. 0. 0. 0. 0. 0. 0. 0. 0. 0. 0. 0. 0. 0. 0. 0. 0.
 0. 0. 0. 0. 0. 0. 0. 0. 0. 0. 0. 0. 0. 0. 0. 0. 0. 0. 0. 0. 0. 0. 0. 0.
 0. 0. 0. 0. 0. 0. 0. 0. 0. 0. 0. 0. 0. 0. 0. 0.]
start SG
end SG -->  0.3495047092437744


******** <class 'pyscf.pbc.dft.rks.RKS'> ********
method = RKS
initial guess = minao
damping factor = 0
level_shift factor = 0
DIIS = <class 'pyscf.scf.diis.CDIIS'>
diis_start_cycle = 1
diis_space = 8
diis_damp = 0
SCF conv_tol = 1e-08
SCF conv_tol_grad = None
SCF max_cycles = 50
direct_scf = True
direct_scf_tol = 1e-13
chkfile to save SCF result = /central/scratch/yangjunjie/run-scf-spc-diamond-prim-2-2-2-fftisdf-ks-1-100-rcut_epsilon-1e-05-ke_epsilon-0.01-isdf_thresh-0.0005/48050873/tmph1h9nsge
max_memory 409600 MB (current use 366 MB)
******** PBC SCF flags ********
kpt = [0. 0. 0.]
Exchange divergence treatment (exxdiv) = None
DF object = <isdfx.isdfx.ISDFX object at 0x7fdad8a5e850>
XC functionals = PBE0
small_rho_cutoff = 1e-07
Set gradient conv threshold to 0.0001
nelec by numeric integration = 63.99999999931137
    CPU time for vxc      5.18 sec, wall time      5.19 sec
~/packages/PeriodicIntegrals/PeriodicIntegrals-junjie-benchmark/isdfx/isdfx.py +4733
[[ 5.26855036e-01 -1.41882092e-02  7.56084978e-06 ... -7.27508003e-03
  -9.70010837e-03 -1.40009224e-03]
 [-1.41882092e-02  4.23422566e-04  9.74736857e-06 ...  2.16418229e-04
   2.88557836e-04  4.16500018e-05]
 [ 7.56084978e-06  9.74736857e-06  6.48895895e-01 ... -1.55812716e-02
   1.46099405e-03  8.00859935e-03]
 ...
 [-7.27508003e-03  2.16418229e-04 -1.55812716e-02 ...  1.80201864e-03
   5.58137812e-09  2.29128023e-04]
 [-9.70010837e-03  2.88557836e-04  1.46099405e-03 ...  5.58137812e-09
   1.66975589e-03 -2.23008497e-08]
 [-1.40009224e-03  4.16500018e-05  8.00859935e-03 ...  2.29128023e-04
  -2.23008497e-08  2.06661500e-03]]
[[ 1.71319019e-01  2.80739589e-01 -1.62116336e-01 ... -6.89782044e-05
   4.94184557e-01 -8.55712448e-01]
 [-6.66392695e-03 -8.75108711e-03  5.05561330e-03 ... -5.57270448e-05
   3.99134311e-01 -6.90974654e-01]
 [ 1.10507086e-06  2.05462122e-02  3.41153061e-02 ... -2.45709669e-02
   7.23699959e-02  4.13636790e-02]
 ...
 [-1.12724054e-07 -4.35204640e-03  7.48321802e-03 ...  3.42248269e-02
   2.70120176e-02 -1.51646802e-02]
 [-1.49262855e-07 -5.73838990e-03  9.97762844e-03 ... -2.27793710e-02
   3.60160468e-02 -2.02220260e-02]
 [-1.94183796e-08 -6.00506389e-04  1.44014593e-03 ...  4.49773607e-02
   5.19848209e-03 -2.92784360e-03]]
[2. 2. 2. 2. 2. 2. 2. 2. 2. 2. 2. 2. 2. 2. 2. 2. 2. 2. 2. 2. 2. 2. 2. 2.
 2. 2. 2. 2. 2. 2. 2. 2. 0. 0. 0. 0. 0. 0. 0. 0. 0. 0. 0. 0. 0. 0. 0. 0.
 0. 0. 0. 0. 0. 0. 0. 0. 0. 0. 0. 0. 0. 0. 0. 0. 0. 0. 0. 0. 0. 0. 0. 0.
 0. 0. 0. 0. 0. 0. 0. 0. 0. 0. 0. 0. 0. 0. 0. 0. 0. 0. 0. 0. 0. 0. 0. 0.
 0. 0. 0. 0. 0. 0. 0. 0. 0. 0. 0. 0. 0. 0. 0. 0. 0. 0. 0. 0. 0. 0. 0. 0.
 0. 0. 0. 0. 0. 0. 0. 0. 0. 0. 0. 0. 0. 0. 0. 0. 0. 0. 0. 0. 0. 0. 0. 0.
 0. 0. 0. 0. 0. 0. 0. 0. 0. 0. 0. 0. 0. 0. 0. 0. 0. 0. 0. 0. 0. 0. 0. 0.
 0. 0. 0. 0. 0. 0. 0. 0. 0. 0. 0. 0. 0. 0. 0. 0. 0. 0. 0. 0. 0. 0. 0. 0.
 0. 0. 0. 0. 0. 0. 0. 0. 0. 0. 0. 0. 0. 0. 0. 0.]
start SG
end SG -->  0.34830641746520996
    CPU time for vj and vk     15.35 sec, wall time     15.40 sec
E1 = 32.46229603821776  Ecoul = 9.192823952014546  Exc = -26.474536059967985
init E= -87.2904008536244
    CPU time for initialize scf     25.87 sec, wall time     25.94 sec
  HOMO = 0.552225284468105  LUMO = 0.848224258306885
  mo_energy =
[-0.28298824 -0.06900276 -0.06900038 -0.0689983  -0.06899244  0.02794251
  0.02797866  0.02798013  0.0279819   0.04450691  0.04450709  0.04450784
  0.04450984  0.04451063  0.04451477  0.30402723  0.30402752  0.30402896
  0.30409451  0.30409545  0.304098    0.4405673   0.44056825  0.4405713
  0.44067976  0.44068144  0.4406833   0.4406851   0.44068531  0.55207344
  0.55222241  0.55222528  0.84822426  0.84835594  0.84835609  0.87374727
  0.87374737  0.87374831  0.87380678  0.87380689  0.87380771  0.97015338
  0.97015339  0.97015741  0.97026311  0.97026322  0.97028881  0.97029103
  0.97029107  0.99990778  0.99996895  0.99996905  0.9999736   1.1871868
  1.28702586  1.28702586  1.28702822  1.28721037  1.28721322  1.28721323
  1.34846168  1.34867642  1.34867927  1.34867934  1.71503991  1.71538614
  1.7153867   1.71538675  1.72297461  1.72297467  1.7229748   1.7229749
  1.72297648  1.72297803  1.76075177  1.76075188  1.90950677  1.90950679
  1.90950849  1.90967339  1.90967686  1.90967689  1.90971342  1.90971354
  2.04533599  2.04533599  2.04533892  2.04545537  2.04545823  2.04545824
  2.06689583  2.06689647  2.0668965   2.0669333   2.06693338  2.06693387
  2.06709612  2.06709632  2.35053799  2.350538    2.35054043  2.35055585
  2.35055585  2.35055931  2.4138182   2.41404638  2.41404646  2.4797257
  2.48024889  2.48024912  2.65782674  2.65802814  2.65802922  2.65802932
  2.79514574  2.7951459   2.79514923  2.79539228  2.79539551  2.79539569
  2.90223273  2.9022345   2.90223481  2.90239934  2.93339377  2.9333938
  2.93339855  2.93361739  2.93361751  2.93386139  2.93386145  2.93386206
  2.98265331  2.98265561  2.98265568  2.98279581  2.98279589  2.98279779
  2.98304457  2.98304473  2.98631615  2.98631628  2.98631678  2.98633684
  2.98633736  2.98633751  3.02732314  3.02732332  3.0273241   3.0277125
  3.02771646  3.0277166   3.27517747  3.27604608  3.27604609  3.27605007
  3.43498428  3.43498543  3.43498551  3.43575051  3.43575856  3.43575866
  3.56836902  3.56836918  3.6182669   3.6182672   3.61826837  3.61826863
  3.61826904  3.61858322  3.61858372  3.61858387  3.7380504   3.73835546
  3.73835563  4.51090442  4.5109051   4.51090531  4.51156841  4.51156849
  4.51179648  4.5117967   4.51179783  4.628272    4.62925877  4.62925915
  4.72997654  4.72997691  4.72997721  4.73036705  4.73036855  4.73036887
  8.68769664  9.01656708  9.02881003  9.02906297  9.02933109  9.02933114
  9.02942577  9.02942586  9.02956672  9.02956673  9.03056563  9.03121524
  9.07447833  9.07447846  9.07463336  9.07506373]
nelec by numeric integration = 63.999999999311356
    CPU time for vxc      4.36 sec, wall time      4.37 sec
~/packages/PeriodicIntegrals/PeriodicIntegrals-junjie-benchmark/isdfx/isdfx.py +4733
[[ 5.26875832e-01 -1.41845946e-02 -1.33289253e-05 ... -7.27741778e-03
  -9.70280004e-03 -1.40223251e-03]
 [-1.41845946e-02  4.23214190e-04  9.32807458e-06 ...  2.16449705e-04
   2.88641009e-04  4.16187430e-05]
 [-1.33289253e-05  9.32807458e-06  6.48915615e-01 ... -1.55866531e-02
   1.45391413e-03  8.00502387e-03]
 ...
 [-7.27741778e-03  2.16449705e-04 -1.55866531e-02 ...  1.80245342e-03
   8.48875956e-07  2.29151683e-04]
 [-9.70280004e-03  2.88641009e-04  1.45391413e-03 ...  8.48875956e-07
   1.66967552e-03  3.24825221e-07]
 [-1.40223251e-03  4.16187430e-05  8.00502387e-03 ...  2.29151683e-04
   3.24825221e-07  2.06642674e-03]]
[[ 1.71319426e-01  1.01012119e-02  5.42934766e-03 ... -1.43025081e-04
  -4.96678161e-01 -8.58320992e-01]
 [-6.66222970e-03 -3.14288617e-04 -1.68945262e-04 ... -1.15690065e-04
  -4.01697790e-01 -6.93912771e-01]
 [-2.08407435e-06 -6.64910002e-02  3.04639230e-02 ... -2.47415914e-02
  -7.22204757e-02  4.13867264e-02]
 ...
 [-1.80867099e-06  5.01675268e-03 -1.11561621e-02 ...  3.42821047e-02
  -2.70914288e-02 -1.52487396e-02]
 [-5.88680945e-06 -3.64749852e-03  7.26747652e-03 ... -2.28427086e-02
  -3.60895069e-02 -2.03341613e-02]
 [-1.42146451e-07 -1.37848566e-02 -9.03000895e-03 ...  4.49791981e-02
  -5.20185511e-03 -2.94408594e-03]]
[2. 2. 2. 2. 2. 2. 2. 2. 2. 2. 2. 2. 2. 2. 2. 2. 2. 2. 2. 2. 2. 2. 2. 2.
 2. 2. 2. 2. 2. 2. 2. 2. 0. 0. 0. 0. 0. 0. 0. 0. 0. 0. 0. 0. 0. 0. 0. 0.
 0. 0. 0. 0. 0. 0. 0. 0. 0. 0. 0. 0. 0. 0. 0. 0. 0. 0. 0. 0. 0. 0. 0. 0.
 0. 0. 0. 0. 0. 0. 0. 0. 0. 0. 0. 0. 0. 0. 0. 0. 0. 0. 0. 0. 0. 0. 0. 0.
 0. 0. 0. 0. 0. 0. 0. 0. 0. 0. 0. 0. 0. 0. 0. 0. 0. 0. 0. 0. 0. 0. 0. 0.
 0. 0. 0. 0. 0. 0. 0. 0. 0. 0. 0. 0. 0. 0. 0. 0. 0. 0. 0. 0. 0. 0. 0. 0.
 0. 0. 0. 0. 0. 0. 0. 0. 0. 0. 0. 0. 0. 0. 0. 0. 0. 0. 0. 0. 0. 0. 0. 0.
 0. 0. 0. 0. 0. 0. 0. 0. 0. 0. 0. 0. 0. 0. 0. 0. 0. 0. 0. 0. 0. 0. 0. 0.
 0. 0. 0. 0. 0. 0. 0. 0. 0. 0. 0. 0. 0. 0. 0. 0.]
start SG
end SG -->  0.34258484840393066
    CPU time for vj and vk     15.27 sec, wall time     15.31 sec
E1 = 32.461716944195885  Ecoul = 9.193681063041714  Exc = -26.47481452679776
cycle= 1 E= -87.2904013034489  delta_E= -4.5e-07  |g|= 0.000236  |ddm|= 0.0011
    CPU time for cycle= 1     19.64 sec, wall time     19.69 sec
  HOMO = 0.552241383982075  LUMO = 0.848239927263765
  mo_energy =
[-0.28297773 -0.06899029 -0.06898695 -0.06898683 -0.068985    0.02795001
  0.02798844  0.02798859  0.02799145  0.04451605  0.04451954  0.04451971
  0.04452017  0.04452178  0.04452354  0.30403471  0.30403953  0.30404
  0.30410549  0.30410703  0.3041133   0.440572    0.44058174  0.44058302
  0.44069285  0.44069497  0.44069803  0.4406997   0.44070305  0.55208311
  0.55223875  0.55224138  0.84823993  0.84836539  0.84836553  0.87375718
  0.87375835  0.87375851  0.87381295  0.87381326  0.87381432  0.97016621
  0.97017124  0.97017156  0.97027294  0.97027324  0.97029791  0.97029856
  0.97030234  0.99992747  0.99997772  0.99998354  0.99998385  1.18720515
  1.28704422  1.28704921  1.28704971  1.28722754  1.28722835  1.28723154
  1.34848171  1.34869641  1.34869727  1.34870084  1.71505265  1.71540144
  1.71540173  1.71540585  1.72299218  1.72299269  1.72299337  1.72299372
  1.72299549  1.72299567  1.76075907  1.76075914  1.90951935  1.90952012
  1.909521    1.90969063  1.90969133  1.90969295  1.90972497  1.90972537
  2.04534335  2.04534686  2.04534713  2.04546509  2.0454654   2.04546908
  2.06690082  2.06690106  2.06690578  2.06694064  2.06694433  2.06694499
  2.06710482  2.0671051   2.35054538  2.35054572  2.35055331  2.35056272
  2.35056321  2.35057136  2.41383634  2.41405684  2.41405708  2.47974293
  2.48026645  2.48026683  2.65784049  2.65803656  2.65803684  2.65803999
  2.7951616   2.79516535  2.79516606  2.7954092   2.79540988  2.79541349
  2.90224877  2.9022493   2.90224966  2.90241414  2.93340947  2.93341587
  2.93341636  2.93363415  2.93363438  2.9338757   2.93387633  2.93388321
  2.98266466  2.98267138  2.9826716   2.98280531  2.98280576  2.982812
  2.98305985  2.98306012  2.98633025  2.98633038  2.98633061  2.98634762
  2.98634779  2.98634833  3.02733432  3.0273393   3.02733985  3.0277276
  3.02772803  3.02772908  3.2751948   3.27606049  3.27606123  3.27606154
  3.43499786  3.43499796  3.4349992   3.43576733  3.43577198  3.43577245
  3.5683819   3.56838217  3.61827963  3.61827975  3.61828036  3.61828057
  3.61828207  3.61859501  3.61859565  3.61860161  3.73806519  3.73837091
  3.73837125  4.51091258  4.51092453  4.51092495  4.51158073  4.51158085
  4.51180812  4.51180867  4.51181681  4.62828921  4.62927297  4.62927339
  4.72998812  4.72999486  4.72999541  4.73037966  4.73038034  4.73038457
  8.68773606  9.01661181  9.0289034   9.02915554  9.02940708  9.02941117
  9.02947082  9.02947223  9.0295802   9.02958231  9.03053604  9.03116187
  9.07452275  9.0745245   9.07466923  9.0750813 ]
nelec by numeric integration = 63.999999999311385
    CPU time for vxc      4.37 sec, wall time      4.38 sec
~/packages/PeriodicIntegrals/PeriodicIntegrals-junjie-benchmark/isdfx/isdfx.py +4733
[[ 5.26843122e-01 -1.41796638e-02 -7.41776340e-06 ... -7.27708079e-03
  -9.70258987e-03 -1.40236815e-03]
 [-1.41796638e-02  4.22978886e-04  8.62676900e-06 ...  2.16396309e-04
   2.88568108e-04  4.16037123e-05]
 [-7.41776340e-06  8.62676900e-06  6.48892347e-01 ... -1.55856644e-02
   1.45384309e-03  8.00448103e-03]
 ...
 [-7.27708079e-03  2.16396309e-04 -1.55856644e-02 ...  1.80229033e-03
   8.30699398e-07  2.29182910e-04]
 [-9.70258987e-03  2.88568108e-04  1.45384309e-03 ...  8.30699398e-07
   1.66953653e-03  3.61838002e-07]
 [-1.40236815e-03  4.16037123e-05  8.00448103e-03 ...  2.29182910e-04
   3.61838002e-07  2.06622815e-03]]
[[ 1.71273744e-01 -2.75827049e-01  7.04397794e-02 ...  1.51510943e-04
  -4.97322416e-01 -8.59668121e-01]
 [-6.66006322e-03  8.59413598e-03 -2.19583934e-03 ...  1.22054517e-04
  -4.02300136e-01 -6.95143207e-01]
 [-3.44087130e-06 -1.24259272e-02  6.23875397e-02 ... -3.84822587e-02
  -7.23233309e-02  4.15392046e-02]
 ...
 [-1.11641321e-06  3.87938925e-03 -8.09636494e-03 ...  3.67449184e-02
  -2.71042571e-02 -1.53081158e-02]
 [-5.02358202e-06  5.76364092e-03  1.04783389e-03 ... -2.44774779e-02
  -3.61424065e-02 -2.03817680e-02]
 [ 2.26789212e-08  2.86105541e-03  1.20870959e-02 ...  4.12453846e-02
  -5.21864968e-03 -2.89934406e-03]]
[2. 2. 2. 2. 2. 2. 2. 2. 2. 2. 2. 2. 2. 2. 2. 2. 2. 2. 2. 2. 2. 2. 2. 2.
 2. 2. 2. 2. 2. 2. 2. 2. 0. 0. 0. 0. 0. 0. 0. 0. 0. 0. 0. 0. 0. 0. 0. 0.
 0. 0. 0. 0. 0. 0. 0. 0. 0. 0. 0. 0. 0. 0. 0. 0. 0. 0. 0. 0. 0. 0. 0. 0.
 0. 0. 0. 0. 0. 0. 0. 0. 0. 0. 0. 0. 0. 0. 0. 0. 0. 0. 0. 0. 0. 0. 0. 0.
 0. 0. 0. 0. 0. 0. 0. 0. 0. 0. 0. 0. 0. 0. 0. 0. 0. 0. 0. 0. 0. 0. 0. 0.
 0. 0. 0. 0. 0. 0. 0. 0. 0. 0. 0. 0. 0. 0. 0. 0. 0. 0. 0. 0. 0. 0. 0. 0.
 0. 0. 0. 0. 0. 0. 0. 0. 0. 0. 0. 0. 0. 0. 0. 0. 0. 0. 0. 0. 0. 0. 0. 0.
 0. 0. 0. 0. 0. 0. 0. 0. 0. 0. 0. 0. 0. 0. 0. 0. 0. 0. 0. 0. 0. 0. 0. 0.
 0. 0. 0. 0. 0. 0. 0. 0. 0. 0. 0. 0. 0. 0. 0. 0.]
start SG
end SG -->  0.3399789333343506
    CPU time for vj and vk     15.28 sec, wall time     15.33 sec
E1 = 32.46180161973309  Ecoul = 9.19355554885898  Exc = -26.47477369259724
cycle= 2 E= -87.2904013078939  delta_E= -4.44e-09  |g|= 0.000189  |ddm|= 0.000342
    CPU time for cycle= 2     19.67 sec, wall time     19.72 sec
  HOMO = 0.552240266709937  LUMO = 0.848239034129811
  mo_energy =
[-0.28297856 -0.068991   -0.06898905 -0.06898777 -0.06898477  0.02794933
  0.02798769  0.02798859  0.02798997  0.04451686  0.04451738  0.04451869
  0.04451924  0.04452069  0.04452276  0.30403647  0.30403718  0.30403767
  0.30410601  0.30410709  0.30410999  0.44057636  0.44057812  0.44057895
  0.44069317  0.44069503  0.44069698  0.44069868  0.44069946  0.55208183
  0.55223761  0.55224027  0.84823903  0.84836442  0.84836455  0.87375703
  0.87375731  0.87375769  0.87381205  0.873813    0.87381344  0.97016828
  0.97016848  0.97016947  0.97027195  0.97027221  0.97029823  0.97029865
  0.97029906  0.99992648  0.99998001  0.99998024  0.99998151  1.18720363
  1.2870459   1.28704623  1.28704642  1.28722669  1.28722768  1.28722822
  1.34848008  1.34869606  1.34869636  1.34869707  1.71505127  1.71540129
  1.71540156  1.7154025   1.72299054  1.72299102  1.72299187  1.72299213
  1.7229941   1.72299414  1.76075848  1.76075855  1.90951818  1.90951876
  1.90952013  1.90968924  1.9096909   1.9096914   1.90972381  1.90972419
  2.04534463  2.04534477  2.04534562  2.04546519  2.04546591  2.04546623
  2.06690137  2.0669016   2.06690248  2.06694207  2.06694268  2.06694318
  2.0671042   2.06710446  2.3505459   2.35054612  2.35055014  2.35056326
  2.35056357  2.35056831  2.41383537  2.41405574  2.41405596  2.47974147
  2.48026499  2.48026536  2.65783972  2.6580367   2.65803694  2.65803714
  2.7951623   2.79516283  2.79516369  2.79540861  2.79540963  2.79541012
  2.90224707  2.90224813  2.90224872  2.90241293  2.93341187  2.93341217
  2.93341333  2.93363269  2.93363292  2.93387599  2.93387639  2.93387856
  2.98266564  2.98266935  2.98266951  2.98280533  2.98280561  2.98280857
  2.9830587   2.98305896  2.9863292   2.98632941  2.98632971  2.98634667
  2.98634674  2.98634723  3.02733594  3.02733689  3.02733733  3.02772525
  3.02772786  3.02772811  3.27519362  3.27605887  3.27605915  3.27606156
  3.4349968   3.4349973   3.43499738  3.43576492  3.43577158  3.43577195
  3.56838084  3.56838111  3.61827859  3.61827878  3.61827928  3.61827949
  3.61828083  3.61859563  3.61859608  3.61859737  3.73806391  3.73836964
  3.73836997  4.51091673  4.51092083  4.51092101  4.51157948  4.5115796
  4.51180869  4.51180909  4.51181217  4.62828801  4.62927165  4.62927207
  4.72998993  4.72999221  4.72999265  4.73037997  4.73038029  4.73038057
  8.68773279  9.01660552  9.02887735  9.02912739  9.02938419  9.02938664
  9.0294625   9.0294634   9.02958748  9.02958843  9.03056705  9.03120581
  9.0745147   9.07451593  9.07466733  9.07509095]
nelec by numeric integration = 63.999999999311385
    CPU time for vxc      4.41 sec, wall time      4.42 sec
~/packages/PeriodicIntegrals/PeriodicIntegrals-junjie-benchmark/isdfx/isdfx.py +4733
[[ 5.26852031e-01 -1.41808940e-02 -1.00225027e-05 ... -7.27717441e-03
  -9.70269015e-03 -1.40236946e-03]
 [-1.41808940e-02  4.23038913e-04  8.88665504e-06 ...  2.16406384e-04
   2.88584154e-04  4.16064380e-05]
 [-1.00225027e-05  8.88665504e-06  6.48900501e-01 ... -1.55859453e-02
   1.45383887e-03  8.00460951e-03]
 ...
 [-7.27717441e-03  2.16406384e-04 -1.55859453e-02 ...  1.80234494e-03
   8.33819047e-07  2.29183447e-04]
 [-9.70269015e-03  2.88584154e-04  1.45383887e-03 ...  8.33819047e-07
   1.66959191e-03  3.49556406e-07]
 [-1.40236946e-03  4.16064380e-05  8.00460951e-03 ...  2.29183447e-04
   3.49556406e-07  2.06630413e-03]]
[[ 1.71294677e-01 -1.67216264e-02 -1.18972163e-02 ... -7.25245487e-05
  -4.97102507e-01 -8.59029022e-01]
 [-6.66093477e-03  5.20523386e-04  3.70447909e-04 ... -5.90741465e-05
  -4.02091686e-01 -6.94564201e-01]
 [-2.77398954e-06  6.66550021e-02 -2.88783386e-02 ... -4.70849639e-02
  -7.22602319e-02  4.14919317e-02]
 ...
 [-1.45696213e-06 -5.24407907e-03  1.11184031e-02 ...  3.81299294e-02
  -2.71023765e-02 -1.52843907e-02]
 [-5.43039941e-06  3.97443570e-03 -7.00973312e-03 ... -2.54104021e-02
  -3.61168908e-02 -2.03556844e-02]
 [-2.93963252e-08  1.35137143e-02  9.42202728e-03 ...  3.86529448e-02
  -5.20928989e-03 -2.91636949e-03]]
[2. 2. 2. 2. 2. 2. 2. 2. 2. 2. 2. 2. 2. 2. 2. 2. 2. 2. 2. 2. 2. 2. 2. 2.
 2. 2. 2. 2. 2. 2. 2. 2. 0. 0. 0. 0. 0. 0. 0. 0. 0. 0. 0. 0. 0. 0. 0. 0.
 0. 0. 0. 0. 0. 0. 0. 0. 0. 0. 0. 0. 0. 0. 0. 0. 0. 0. 0. 0. 0. 0. 0. 0.
 0. 0. 0. 0. 0. 0. 0. 0. 0. 0. 0. 0. 0. 0. 0. 0. 0. 0. 0. 0. 0. 0. 0. 0.
 0. 0. 0. 0. 0. 0. 0. 0. 0. 0. 0. 0. 0. 0. 0. 0. 0. 0. 0. 0. 0. 0. 0. 0.
 0. 0. 0. 0. 0. 0. 0. 0. 0. 0. 0. 0. 0. 0. 0. 0. 0. 0. 0. 0. 0. 0. 0. 0.
 0. 0. 0. 0. 0. 0. 0. 0. 0. 0. 0. 0. 0. 0. 0. 0. 0. 0. 0. 0. 0. 0. 0. 0.
 0. 0. 0. 0. 0. 0. 0. 0. 0. 0. 0. 0. 0. 0. 0. 0. 0. 0. 0. 0. 0. 0. 0. 0.
 0. 0. 0. 0. 0. 0. 0. 0. 0. 0. 0. 0. 0. 0. 0. 0.]
start SG
end SG -->  0.34275150299072266
    CPU time for vj and vk     15.26 sec, wall time     15.31 sec
E1 = 32.46179473586003  Ecoul = 9.19356571162454  Exc = -26.474776980317664
cycle= 3 E= -87.2904013167218  delta_E= -8.83e-09  |g|= 2.2e-05  |ddm|= 0.000174
    CPU time for cycle= 3     19.69 sec, wall time     19.75 sec
  HOMO = 0.552239568146793  LUMO = 0.848238480967253
  mo_energy =
[-0.2829791  -0.06899023 -0.06898837 -0.06898833 -0.06898793  0.02794887
  0.02798748  0.02798768  0.02798964  0.0445162   0.04451755  0.04451816
  0.04451881  0.04452062  0.044521    0.30403463  0.30403723  0.30403754
  0.30410485  0.30410615  0.30411034  0.44057331  0.44057835  0.44057945
  0.44069198  0.44069393  0.44069632  0.44069804  0.44069984  0.55208097
  0.55223689  0.55223957  0.84823848  0.84836377  0.8483639   0.87375659
  0.87375704  0.87375715  0.87381186  0.87381239  0.87381286  0.97016703
  0.97016864  0.97016886  0.9702713   0.97027154  0.97029723  0.97029765
  0.97029913  0.99992588  0.99997851  0.9999804   0.99998066  1.18720265
  1.28704358  1.28704584  1.28704619  1.28722586  1.28722635  1.28722722
  1.34847904  1.34869464  1.34869525  1.34869637  1.71505033  1.71539998
  1.71540029  1.71540267  1.72298955  1.72299003  1.72299095  1.72299119
  1.72299305  1.72299309  1.7607581   1.76075817  1.90951755  1.90951807
  1.90951922  1.90968961  1.90968972  1.9096901   1.90972305  1.90972342
  2.04534369  2.04534481  2.04534499  2.04546471  2.04546502  2.04546615
  2.0669003   2.06690052  2.06690315  2.06694066  2.06694276  2.06694325
  2.0671038   2.06710405  2.35054487  2.35054509  2.35055075  2.35056223
  2.35056254  2.35056896  2.41383477  2.41405502  2.41405523  2.47974052
  2.48026405  2.48026441  2.65783924  2.65803567  2.65803594  2.65803748
  2.79516118  2.79516219  2.79516274  2.79540791  2.79540841  2.79540931
  2.90224654  2.90224724  2.90224774  2.90241214  2.93340998  2.93341216
  2.93341247  2.93363175  2.93363197  2.9338743   2.9338747   2.93387914
  2.98266406  2.98266911  2.98266929  2.98280405  2.98280432  2.98280889
  2.98305802  2.98305828  2.98632857  2.98632878  2.98632904  2.98634592
  2.98634608  2.98634655  3.02733402  3.02733679  3.02733725  3.02772576
  3.02772648  3.02772674  3.27519287  3.2760586   3.27605887  3.27605973
  3.43499622  3.43499631  3.43499666  3.43576475  3.43577063  3.43577094
  3.56838016  3.56838043  3.61827787  3.61827807  3.61827856  3.61827877
  3.6182802   3.61859422  3.61859467  3.61859817  3.73806309  3.73836883
  3.73836915  4.51091355  4.5109213   4.5109215   4.51157868  4.5115788
  4.51180712  4.51180755  4.51181297  4.62828724  4.62927081  4.62927123
  4.72998781  4.72999211  4.72999258  4.73037848  4.730379    4.73038095
  8.68773067  9.01660389  9.02887363  9.02912625  9.02938638  9.02938891
  9.02946291  9.02946382  9.02958603  9.02958718  9.03055927  9.03119512
  9.07451507  9.0745163   9.07466513  9.07508376]
nelec by numeric integration = 63.999999999311356
    CPU time for vxc      4.37 sec, wall time      4.38 sec
~/packages/PeriodicIntegrals/PeriodicIntegrals-junjie-benchmark/isdfx/isdfx.py +4733
[[ 5.26854140e-01 -1.41811548e-02 -1.03713586e-05 ... -7.27725459e-03
  -9.70277190e-03 -1.40236932e-03]
 [-1.41811548e-02  4.23050486e-04  8.92579772e-06 ...  2.16411081e-04
   2.88590433e-04  4.16069996e-05]
 [-1.03713586e-05  8.92579772e-06  6.48904275e-01 ... -1.55861439e-02
   1.45376338e-03  8.00466960e-03]
 ...
 [-7.27725459e-03  2.16411081e-04 -1.55861439e-02 ...  1.80235042e-03
   8.56354663e-07  2.29181807e-04]
 [-9.70277190e-03  2.88590433e-04  1.45376338e-03 ...  8.56354663e-07
   1.66961037e-03  3.44762771e-07]
 [-1.40236932e-03  4.16069996e-05  8.00466960e-03 ...  2.29181807e-04
   3.44762771e-07  2.06630241e-03]]
[[ 1.71294055e-01 -5.30760927e-02  1.09586103e-01 ...  1.95659637e-05
  -4.97024898e-01 -8.59086210e-01]
 [-6.66093957e-03  1.65328344e-03 -3.41749124e-03 ...  1.55075484e-05
  -4.02022473e-01 -6.94611079e-01]
 [-2.56930317e-06  6.24677199e-02 -4.30615815e-02 ... -4.13342514e-02
  -7.22817532e-02  4.14861195e-02]
 ...
 [-1.43453921e-06 -4.64847788e-03 -5.14119970e-03 ...  3.72084037e-02
  -2.70977958e-02 -1.52845480e-02]
 [-5.41355982e-06  4.59755371e-03 -9.69288680e-03 ... -2.47906567e-02
  -3.61196395e-02 -2.03597271e-02]
 [-2.90741155e-08  1.33618301e-02 -9.21370394e-04 ...  4.03956346e-02
  -5.21188507e-03 -2.91447838e-03]]
[2. 2. 2. 2. 2. 2. 2. 2. 2. 2. 2. 2. 2. 2. 2. 2. 2. 2. 2. 2. 2. 2. 2. 2.
 2. 2. 2. 2. 2. 2. 2. 2. 0. 0. 0. 0. 0. 0. 0. 0. 0. 0. 0. 0. 0. 0. 0. 0.
 0. 0. 0. 0. 0. 0. 0. 0. 0. 0. 0. 0. 0. 0. 0. 0. 0. 0. 0. 0. 0. 0. 0. 0.
 0. 0. 0. 0. 0. 0. 0. 0. 0. 0. 0. 0. 0. 0. 0. 0. 0. 0. 0. 0. 0. 0. 0. 0.
 0. 0. 0. 0. 0. 0. 0. 0. 0. 0. 0. 0. 0. 0. 0. 0. 0. 0. 0. 0. 0. 0. 0. 0.
 0. 0. 0. 0. 0. 0. 0. 0. 0. 0. 0. 0. 0. 0. 0. 0. 0. 0. 0. 0. 0. 0. 0. 0.
 0. 0. 0. 0. 0. 0. 0. 0. 0. 0. 0. 0. 0. 0. 0. 0. 0. 0. 0. 0. 0. 0. 0. 0.
 0. 0. 0. 0. 0. 0. 0. 0. 0. 0. 0. 0. 0. 0. 0. 0. 0. 0. 0. 0. 0. 0. 0. 0.
 0. 0. 0. 0. 0. 0. 0. 0. 0. 0. 0. 0. 0. 0. 0. 0.]
start SG
end SG -->  0.3529634475708008
    CPU time for vj and vk     15.30 sec, wall time     15.34 sec
E1 = 32.4617903114205  Ecoul = 9.193572254869029  Exc = -26.47477909908745
Extra cycle  E= -87.2904013166867  delta_E= 3.52e-11  |g|= 2.52e-05  |ddm|= 3.69e-05
    CPU time for scf_cycle    104.54 sec, wall time    104.83 sec
    CPU time for SCF    104.82 sec, wall time    105.12 sec
converged SCF energy = -87.2904013166867
Successfully saved all results to /central/scratch/yangjunjie//run-scf-spc-diamond-prim-2-2-2-fftisdf-ks-1-100-rcut_epsilon-1e-05-ke_epsilon-0.01-isdf_thresh-0.0005/48050873/scf.h5
