SLURMD_NODENAME = hpc-52-18
Start time = Wed Mar 19 05:14:09 PM PDT 2025
OMP_NUM_THREADS = 1
MKL_NUM_THREADS = 1
PYSCF_MAX_MEMORY = 409600
TMPDIR = /central/scratch/yangjunjie//run-scf-spc-diamond-prim-2-2-2-fftisdf-ks-1-100-rcut_epsilon-1e-05-ke_epsilon-0.01-isdf_thresh-0.0005/48100084/
PYSCF_TMPDIR = /central/scratch/yangjunjie//run-scf-spc-diamond-prim-2-2-2-fftisdf-ks-1-100-rcut_epsilon-1e-05-ke_epsilon-0.01-isdf_thresh-0.0005/48100084/

/home/junjiey/anaconda3/envs/fftisdf/bin/python
2.8.0
1.13.1
2.0.2
fft_engine = NUMPY+BLAS
name = diamond-prim
ke_cutoff =  1.00e+02
exxdiv = None
df = fftisdf-ks
chk_path = ../../../gdf-64/tmp/scf.h5
mesh = 2,2,2
rcut_epsilon =  1.00e-05
ke_epsilon =  1.00e-02
isdf_thresh =  5.00e-04

Discarded 6 diffused primitive functions, 0 contracted functions
ke_cutoff = 100.0
None

******** <class 'ISDFX'> ********
lin_dep_thresh: 1e-10
alpha_cutoff: 2.8
rcut_epsilon: 1e-05
ke_epsilon: 0.01
isdf_thresh: 0.0005
grid_vol_cutoff: 0.05
ke_step: 2.0
ao_tol: 1e-12
multigrid_on: True
direct_j: True
iterative_build: True
occRI: True
voronoi: True
fit_sparse_grid: False
fit_dense_grid: True
direct_k_sparse: True
direct_k: False
use_kpt_symm: False
kmesh: [1, 1, 1]
isdf_pts_from_q0: True
isdf_pts_from_gamma_point: False
alpha: None
do_real_isdf: False
N_xi: None
use_cell_periodic: False
isdf_thresh_sparse: None
ncopy: [1, 1, 1]
j_grid_mesh: None
k_grid_mesh: None
num_j_grids: 100
get_ao_from_pyscf: False
nuc_pp_version: 0
vppnl_ver: 0
universal_dense_grid: None
same_jk_grids: None
coulomb_only: False
max_memory   409600 MB (current use       92 MB)

Exchange function: getK_occRI  

cell mesh: [47 47 47]
nbas:  192
Grid     keMax    keMin    keGrid   expMax   expMin   nexp     lmax     PWs      mesh        
0        51.6     51.6     115.3    5.6      5.6      1        2        103823   [47 47 47]
1        19.5     3.2      19.5     2.1      0.3      3        2        9261     [21 21 21]
0        77.4     57.7     115.3    5.6      5.6      1        2        103823   [47 47 47]
1        29.2     14.6     29.2     2.1      2.1      1        2        15625    [25 25 25]
2        10.6     4.8      10.6     0.8      0.3      2        2        3375     [15 15 15]

ISDF

atm      grid     Ng       NI       Nxi      sharp    on_grid  diffuse  maxexp   minexp   lmax     lmin    
0        0        103823   2073     74       9        297      288      5.61     5.61     2        0       
1        0        103823   2105     78       9        297      288      5.61     5.61     2        0       
2        0        103823   2110     73       9        297      288      5.61     5.61     2        0       
3        0        103823   2095     75       9        297      288      5.61     5.61     2        0       
4        0        103823   2110     73       9        297      288      5.61     5.61     2        0       
5        0        103823   2095     75       9        297      288      5.61     5.61     2        0       
6        0        103823   2095     75       9        297      288      5.61     5.61     2        0       
7        0        103823   2110     73       9        297      288      5.61     5.61     2        0       
8        0        103823   2110     73       9        297      288      5.61     5.61     2        0       
9        0        103823   2095     75       9        297      288      5.61     5.61     2        0       
10       0        103823   2095     75       9        297      288      5.61     5.61     2        0       
11       0        103823   2110     73       9        297      288      5.61     5.61     2        0       
12       0        103823   2095     75       9        297      288      5.61     5.61     2        0       
13       0        103823   2110     73       9        297      288      5.61     5.61     2        0       
14       0        103823   2105     78       9        297      288      5.61     5.61     2        0       
15       0        103823   2073     74       9        297      288      5.61     5.61     2        0       
-        1        9261     9261     9261     432      432      432      2.11     0.35     2        0       
ISDF-pts:       1.75
ISDF-vec:       0.10
Fit dense grids ISDF:       1.84
Fit sparse grids ISDF:       0.00

Grid     PWs      Ng_i     N_xi     N_mu    
0        103823   33586    1192     4752    
1        9261     9261     9261     432     

nTHC: 10453
Mem Required (MB):      94.35
Curent RAM Use (MB) :        248 

Build W
ISDF-fft dense grids (sec):      10.97
Curent RAM Use (MB) :        332 
ISDF-fft:      10.97

Initial guess from minao.
Successfully loaded dm0 from ../../../gdf-64/tmp/scf.h5
Successfully loaded h1e and s1e from ../../../gdf-64/tmp/scf.h5
~/packages/PeriodicIntegrals/PeriodicIntegrals-junjie-benchmark/isdfx/isdfx.py +4733
[[ 5.26855036e-01 -1.41882092e-02  7.56084978e-06 ... -7.27508003e-03
  -9.70010837e-03 -1.40009224e-03]
 [-1.41882092e-02  4.23422566e-04  9.74736858e-06 ...  2.16418229e-04
   2.88557836e-04  4.16500018e-05]
 [ 7.56084978e-06  9.74736858e-06  6.48895895e-01 ... -1.55812716e-02
   1.46099405e-03  8.00859935e-03]
 ...
 [-7.27508003e-03  2.16418229e-04 -1.55812716e-02 ...  1.80201864e-03
   5.58137807e-09  2.29128023e-04]
 [-9.70010837e-03  2.88557836e-04  1.46099405e-03 ...  5.58137807e-09
   1.66975589e-03 -2.23008497e-08]
 [-1.40009224e-03  4.16500018e-05  8.00859935e-03 ...  2.29128023e-04
  -2.23008497e-08  2.06661500e-03]]
[[ 1.71319019e-01  2.80739589e-01 -1.62116336e-01 ... -6.89781995e-05
   4.94184557e-01 -8.55712448e-01]
 [-6.66392695e-03 -8.75108711e-03  5.05561331e-03 ... -5.57270408e-05
   3.99134311e-01 -6.90974654e-01]
 [ 1.10507086e-06  2.05462122e-02  3.41153061e-02 ... -2.45709654e-02
   7.23699959e-02  4.13636790e-02]
 ...
 [-1.12724054e-07 -4.35204640e-03  7.48321803e-03 ...  3.42248266e-02
   2.70120176e-02 -1.51646802e-02]
 [-1.49262856e-07 -5.73838989e-03  9.97762844e-03 ... -2.27793709e-02
   3.60160468e-02 -2.02220260e-02]
 [-1.94183796e-08 -6.00506392e-04  1.44014595e-03 ...  4.49773611e-02
   5.19848209e-03 -2.92784360e-03]]
[2. 2. 2. 2. 2. 2. 2. 2. 2. 2. 2. 2. 2. 2. 2. 2. 2. 2. 2. 2. 2. 2. 2. 2.
 2. 2. 2. 2. 2. 2. 2. 2. 0. 0. 0. 0. 0. 0. 0. 0. 0. 0. 0. 0. 0. 0. 0. 0.
 0. 0. 0. 0. 0. 0. 0. 0. 0. 0. 0. 0. 0. 0. 0. 0. 0. 0. 0. 0. 0. 0. 0. 0.
 0. 0. 0. 0. 0. 0. 0. 0. 0. 0. 0. 0. 0. 0. 0. 0. 0. 0. 0. 0. 0. 0. 0. 0.
 0. 0. 0. 0. 0. 0. 0. 0. 0. 0. 0. 0. 0. 0. 0. 0. 0. 0. 0. 0. 0. 0. 0. 0.
 0. 0. 0. 0. 0. 0. 0. 0. 0. 0. 0. 0. 0. 0. 0. 0. 0. 0. 0. 0. 0. 0. 0. 0.
 0. 0. 0. 0. 0. 0. 0. 0. 0. 0. 0. 0. 0. 0. 0. 0. 0. 0. 0. 0. 0. 0. 0. 0.
 0. 0. 0. 0. 0. 0. 0. 0. 0. 0. 0. 0. 0. 0. 0. 0. 0. 0. 0. 0. 0. 0. 0. 0.
 0. 0. 0. 0. 0. 0. 0. 0. 0. 0. 0. 0. 0. 0. 0. 0.]
~/packages/PeriodicIntegrals/PeriodicIntegrals-junjie-benchmark/isdfx/isdfx.py +4733
[[ 5.26855036e-01 -1.41882092e-02  7.56084978e-06 ... -7.27508003e-03
  -9.70010837e-03 -1.40009224e-03]
 [-1.41882092e-02  4.23422566e-04  9.74736858e-06 ...  2.16418229e-04
   2.88557836e-04  4.16500018e-05]
 [ 7.56084978e-06  9.74736858e-06  6.48895895e-01 ... -1.55812716e-02
   1.46099405e-03  8.00859935e-03]
 ...
 [-7.27508003e-03  2.16418229e-04 -1.55812716e-02 ...  1.80201864e-03
   5.58137807e-09  2.29128023e-04]
 [-9.70010837e-03  2.88557836e-04  1.46099405e-03 ...  5.58137807e-09
   1.66975589e-03 -2.23008497e-08]
 [-1.40009224e-03  4.16500018e-05  8.00859935e-03 ...  2.29128023e-04
  -2.23008497e-08  2.06661500e-03]]
[[ 1.71319019e-01  2.80739589e-01 -1.62116336e-01 ... -6.89781995e-05
   4.94184557e-01 -8.55712448e-01]
 [-6.66392695e-03 -8.75108711e-03  5.05561331e-03 ... -5.57270408e-05
   3.99134311e-01 -6.90974654e-01]
 [ 1.10507086e-06  2.05462122e-02  3.41153061e-02 ... -2.45709654e-02
   7.23699959e-02  4.13636790e-02]
 ...
 [-1.12724054e-07 -4.35204640e-03  7.48321803e-03 ...  3.42248266e-02
   2.70120176e-02 -1.51646802e-02]
 [-1.49262856e-07 -5.73838989e-03  9.97762844e-03 ... -2.27793709e-02
   3.60160468e-02 -2.02220260e-02]
 [-1.94183796e-08 -6.00506392e-04  1.44014595e-03 ...  4.49773611e-02
   5.19848209e-03 -2.92784360e-03]]
[2. 2. 2. 2. 2. 2. 2. 2. 2. 2. 2. 2. 2. 2. 2. 2. 2. 2. 2. 2. 2. 2. 2. 2.
 2. 2. 2. 2. 2. 2. 2. 2. 0. 0. 0. 0. 0. 0. 0. 0. 0. 0. 0. 0. 0. 0. 0. 0.
 0. 0. 0. 0. 0. 0. 0. 0. 0. 0. 0. 0. 0. 0. 0. 0. 0. 0. 0. 0. 0. 0. 0. 0.
 0. 0. 0. 0. 0. 0. 0. 0. 0. 0. 0. 0. 0. 0. 0. 0. 0. 0. 0. 0. 0. 0. 0. 0.
 0. 0. 0. 0. 0. 0. 0. 0. 0. 0. 0. 0. 0. 0. 0. 0. 0. 0. 0. 0. 0. 0. 0. 0.
 0. 0. 0. 0. 0. 0. 0. 0. 0. 0. 0. 0. 0. 0. 0. 0. 0. 0. 0. 0. 0. 0. 0. 0.
 0. 0. 0. 0. 0. 0. 0. 0. 0. 0. 0. 0. 0. 0. 0. 0. 0. 0. 0. 0. 0. 0. 0. 0.
 0. 0. 0. 0. 0. 0. 0. 0. 0. 0. 0. 0. 0. 0. 0. 0. 0. 0. 0. 0. 0. 0. 0. 0.
 0. 0. 0. 0. 0. 0. 0. 0. 0. 0. 0. 0. 0. 0. 0. 0.]
start SG
end SG -->  0.35602283477783203


******** <class 'pyscf.pbc.dft.rks.RKS'> ********
method = RKS
initial guess = minao
damping factor = 0
level_shift factor = 0
DIIS = <class 'pyscf.scf.diis.CDIIS'>
diis_start_cycle = 1
diis_space = 8
diis_damp = 0
SCF conv_tol = 1e-08
SCF conv_tol_grad = None
SCF max_cycles = 50
direct_scf = True
direct_scf_tol = 1e-13
chkfile to save SCF result = /central/scratch/yangjunjie/run-scf-spc-diamond-prim-2-2-2-fftisdf-ks-1-100-rcut_epsilon-1e-05-ke_epsilon-0.01-isdf_thresh-0.0005/48100084/tmp5apbcv3_
max_memory 409600 MB (current use 368 MB)
******** PBC SCF flags ********
kpt = [0. 0. 0.]
Exchange divergence treatment (exxdiv) = None
DF object = <isdfx.isdfx.ISDFX object at 0x7fed70892490>
XC functionals = PBE0
small_rho_cutoff = 1e-07
Overwritten attributes  get_hcore get_ovlp  of <class 'pyscf.pbc.dft.rks.RKS'>
Set gradient conv threshold to 0.0001
nelec by numeric integration = 63.99999999931134
    CPU time for vxc      5.20 sec, wall time      5.21 sec
~/packages/PeriodicIntegrals/PeriodicIntegrals-junjie-benchmark/isdfx/isdfx.py +4733
[[ 5.26855036e-01 -1.41882092e-02  7.56084978e-06 ... -7.27508003e-03
  -9.70010837e-03 -1.40009224e-03]
 [-1.41882092e-02  4.23422566e-04  9.74736858e-06 ...  2.16418229e-04
   2.88557836e-04  4.16500018e-05]
 [ 7.56084978e-06  9.74736858e-06  6.48895895e-01 ... -1.55812716e-02
   1.46099405e-03  8.00859935e-03]
 ...
 [-7.27508003e-03  2.16418229e-04 -1.55812716e-02 ...  1.80201864e-03
   5.58137807e-09  2.29128023e-04]
 [-9.70010837e-03  2.88557836e-04  1.46099405e-03 ...  5.58137807e-09
   1.66975589e-03 -2.23008497e-08]
 [-1.40009224e-03  4.16500018e-05  8.00859935e-03 ...  2.29128023e-04
  -2.23008497e-08  2.06661500e-03]]
[[ 1.71319019e-01  2.80739589e-01 -1.62116336e-01 ... -6.89781995e-05
   4.94184557e-01 -8.55712448e-01]
 [-6.66392695e-03 -8.75108711e-03  5.05561331e-03 ... -5.57270408e-05
   3.99134311e-01 -6.90974654e-01]
 [ 1.10507086e-06  2.05462122e-02  3.41153061e-02 ... -2.45709654e-02
   7.23699959e-02  4.13636790e-02]
 ...
 [-1.12724054e-07 -4.35204640e-03  7.48321803e-03 ...  3.42248266e-02
   2.70120176e-02 -1.51646802e-02]
 [-1.49262856e-07 -5.73838989e-03  9.97762844e-03 ... -2.27793709e-02
   3.60160468e-02 -2.02220260e-02]
 [-1.94183796e-08 -6.00506392e-04  1.44014595e-03 ...  4.49773611e-02
   5.19848209e-03 -2.92784360e-03]]
[2. 2. 2. 2. 2. 2. 2. 2. 2. 2. 2. 2. 2. 2. 2. 2. 2. 2. 2. 2. 2. 2. 2. 2.
 2. 2. 2. 2. 2. 2. 2. 2. 0. 0. 0. 0. 0. 0. 0. 0. 0. 0. 0. 0. 0. 0. 0. 0.
 0. 0. 0. 0. 0. 0. 0. 0. 0. 0. 0. 0. 0. 0. 0. 0. 0. 0. 0. 0. 0. 0. 0. 0.
 0. 0. 0. 0. 0. 0. 0. 0. 0. 0. 0. 0. 0. 0. 0. 0. 0. 0. 0. 0. 0. 0. 0. 0.
 0. 0. 0. 0. 0. 0. 0. 0. 0. 0. 0. 0. 0. 0. 0. 0. 0. 0. 0. 0. 0. 0. 0. 0.
 0. 0. 0. 0. 0. 0. 0. 0. 0. 0. 0. 0. 0. 0. 0. 0. 0. 0. 0. 0. 0. 0. 0. 0.
 0. 0. 0. 0. 0. 0. 0. 0. 0. 0. 0. 0. 0. 0. 0. 0. 0. 0. 0. 0. 0. 0. 0. 0.
 0. 0. 0. 0. 0. 0. 0. 0. 0. 0. 0. 0. 0. 0. 0. 0. 0. 0. 0. 0. 0. 0. 0. 0.
 0. 0. 0. 0. 0. 0. 0. 0. 0. 0. 0. 0. 0. 0. 0. 0.]
start SG
end SG -->  0.3591587543487549
    CPU time for vj and vk     15.27 sec, wall time     15.32 sec
E1 = 32.462296105723375  Ecoul = 9.192823952014532  Exc = -26.47453605996797
init E= -87.2904007861188
    CPU time for initialize scf     20.49 sec, wall time     20.55 sec
  HOMO = 0.552225285463614  LUMO = 0.848224257878947
  mo_energy =
[-0.28298823 -0.06900276 -0.06900038 -0.0689983  -0.06899244  0.02794251
  0.02797866  0.02798013  0.0279819   0.04450691  0.04450709  0.04450784
  0.04450984  0.04451063  0.04451477  0.30402723  0.30402752  0.30402896
  0.30409451  0.30409545  0.304098    0.4405673   0.44056825  0.4405713
  0.44067976  0.44068144  0.4406833   0.44068511  0.44068531  0.55207344
  0.55222241  0.55222529  0.84822426  0.84835594  0.84835608  0.87374727
  0.87374737  0.87374831  0.87380678  0.87380689  0.87380771  0.97015338
  0.9701534   0.97015742  0.97026312  0.97026322  0.97028881  0.97029103
  0.97029107  0.99990779  0.99996896  0.99996906  0.99997361  1.18718683
  1.28702586  1.28702587  1.28702822  1.28721037  1.28721322  1.28721323
  1.34846169  1.34867643  1.34867927  1.34867934  1.71503992  1.71538614
  1.7153867   1.71538675  1.72297461  1.72297467  1.7229748   1.7229749
  1.72297649  1.72297804  1.76075177  1.76075188  1.90950678  1.90950679
  1.90950849  1.90967339  1.90967686  1.90967689  1.90971342  1.90971354
  2.04533599  2.04533599  2.04533892  2.04545537  2.04545823  2.04545823
  2.06689583  2.06689648  2.06689651  2.0669333   2.06693338  2.06693387
  2.06709612  2.06709632  2.35053799  2.350538    2.35054042  2.35055584
  2.35055585  2.35055931  2.4138182   2.41404638  2.41404646  2.47972571
  2.48024888  2.48024912  2.65782675  2.65802815  2.65802923  2.65802933
  2.79514574  2.79514591  2.79514923  2.79539228  2.79539551  2.79539569
  2.90223273  2.9022345   2.90223481  2.90239934  2.93339378  2.93339381
  2.93339856  2.93361739  2.93361751  2.93386139  2.93386145  2.93386207
  2.98265331  2.98265561  2.98265569  2.98279581  2.98279589  2.98279779
  2.98304457  2.98304472  2.98631617  2.9863163   2.9863168   2.98633686
  2.98633739  2.98633753  3.02732314  3.02732333  3.02732411  3.0277125
  3.02771646  3.02771661  3.27517751  3.27604612  3.27604613  3.2760501
  3.43498427  3.43498542  3.43498551  3.4357505   3.43575856  3.43575865
  3.56836903  3.56836919  3.6182669   3.6182672   3.61826837  3.61826862
  3.61826904  3.61858322  3.61858372  3.61858386  3.73805043  3.73835548
  3.73835565  4.51090442  4.51090509  4.51090531  4.51156841  4.51156848
  4.51179647  4.51179669  4.51179782  4.62827194  4.62925871  4.62925909
  4.72997659  4.72997696  4.72997726  4.7303671   4.7303686   4.73036891
  8.68769659  9.01656702  9.02880996  9.02906291  9.02933103  9.02933107
  9.02942571  9.0294258   9.02956666  9.02956667  9.03056557  9.03121518
  9.07447827  9.07447841  9.0746333   9.07506367]
nelec by numeric integration = 63.999999999311356
    CPU time for vxc      4.45 sec, wall time      4.46 sec
~/packages/PeriodicIntegrals/PeriodicIntegrals-junjie-benchmark/isdfx/isdfx.py +4733
[[ 5.26875827e-01 -1.41845927e-02 -1.33290124e-05 ... -7.27741808e-03
  -9.70280045e-03 -1.40223257e-03]
 [-1.41845927e-02  4.23214095e-04  9.32820236e-06 ...  2.16449684e-04
   2.88640981e-04  4.16187391e-05]
 [-1.33290124e-05  9.32820236e-06  6.48915615e-01 ... -1.55866532e-02
   1.45391409e-03  8.00502395e-03]
 ...
 [-7.27741808e-03  2.16449684e-04 -1.55866532e-02 ...  1.80245347e-03
   8.48878261e-07  2.29151696e-04]
 [-9.70280045e-03  2.88640981e-04  1.45391409e-03 ...  8.48878261e-07
   1.66967556e-03  3.24834200e-07]
 [-1.40223257e-03  4.16187391e-05  8.00502395e-03 ...  2.29151696e-04
   3.24834200e-07  2.06642679e-03]]
[[ 1.71319427e-01  1.01002202e-02  5.43251023e-03 ... -1.43249866e-04
  -4.96678079e-01 -8.58320916e-01]
 [-6.66222939e-03 -3.14257653e-04 -1.69043838e-04 ... -1.15871795e-04
  -4.01697716e-01 -6.93912699e-01]
 [-2.08423281e-06 -6.64903902e-02  3.04656903e-02 ... -2.44963490e-02
  -7.22204693e-02  4.13867850e-02]
 ...
 [-1.80875913e-06  5.01651416e-03 -1.11563316e-02 ...  3.42364820e-02
  -2.70914276e-02 -1.52487609e-02]
 [-5.88693605e-06 -3.64730931e-03  7.26748789e-03 ... -2.28122661e-02
  -3.60895029e-02 -2.03341433e-02]
 [-1.42168141e-07 -1.37850637e-02 -9.02969579e-03 ...  4.50427032e-02
  -5.20185344e-03 -2.94408953e-03]]
[2. 2. 2. 2. 2. 2. 2. 2. 2. 2. 2. 2. 2. 2. 2. 2. 2. 2. 2. 2. 2. 2. 2. 2.
 2. 2. 2. 2. 2. 2. 2. 2. 0. 0. 0. 0. 0. 0. 0. 0. 0. 0. 0. 0. 0. 0. 0. 0.
 0. 0. 0. 0. 0. 0. 0. 0. 0. 0. 0. 0. 0. 0. 0. 0. 0. 0. 0. 0. 0. 0. 0. 0.
 0. 0. 0. 0. 0. 0. 0. 0. 0. 0. 0. 0. 0. 0. 0. 0. 0. 0. 0. 0. 0. 0. 0. 0.
 0. 0. 0. 0. 0. 0. 0. 0. 0. 0. 0. 0. 0. 0. 0. 0. 0. 0. 0. 0. 0. 0. 0. 0.
 0. 0. 0. 0. 0. 0. 0. 0. 0. 0. 0. 0. 0. 0. 0. 0. 0. 0. 0. 0. 0. 0. 0. 0.
 0. 0. 0. 0. 0. 0. 0. 0. 0. 0. 0. 0. 0. 0. 0. 0. 0. 0. 0. 0. 0. 0. 0. 0.
 0. 0. 0. 0. 0. 0. 0. 0. 0. 0. 0. 0. 0. 0. 0. 0. 0. 0. 0. 0. 0. 0. 0. 0.
 0. 0. 0. 0. 0. 0. 0. 0. 0. 0. 0. 0. 0. 0. 0. 0.]
start SG
end SG -->  0.350261926651001
    CPU time for vj and vk     15.16 sec, wall time     15.21 sec
E1 = 32.46171704489549  Ecoul = 9.193681014362802  Exc = -26.47481451129756
cycle= 1 E= -87.290401235928  delta_E= -4.5e-07  |g|= 0.000236  |ddm|= 0.0011
    CPU time for cycle= 1     19.62 sec, wall time     19.68 sec
  HOMO = 0.552241384054567  LUMO = 0.848239926137666
  mo_energy =
[-0.28297772 -0.06899029 -0.06898695 -0.06898683 -0.068985    0.02795001
  0.02798844  0.02798859  0.02799145  0.04451605  0.04451954  0.04451971
  0.04452017  0.04452178  0.04452354  0.30403471  0.30403953  0.30404
  0.30410549  0.30410703  0.3041133   0.440572    0.44058174  0.44058302
  0.44069285  0.44069497  0.44069803  0.4406997   0.44070305  0.55208311
  0.55223875  0.55224138  0.84823993  0.84836539  0.84836552  0.87375718
  0.87375835  0.87375851  0.87381296  0.87381327  0.87381432  0.97016621
  0.97017124  0.97017156  0.97027294  0.97027324  0.97029791  0.97029856
  0.97030234  0.99992748  0.99997773  0.99998355  0.99998386  1.18720518
  1.28704422  1.28704921  1.28704972  1.28722754  1.28722835  1.28723154
  1.34848171  1.34869641  1.34869727  1.34870084  1.71505266  1.71540144
  1.71540173  1.71540585  1.72299218  1.72299269  1.72299337  1.72299372
  1.7229955   1.72299567  1.76075907  1.76075914  1.90951935  1.90952012
  1.909521    1.90969063  1.90969133  1.90969295  1.90972497  1.90972537
  2.04534335  2.04534686  2.04534713  2.04546509  2.0454654   2.04546907
  2.06690083  2.06690107  2.06690578  2.06694064  2.06694433  2.066945
  2.06710483  2.0671051   2.35054538  2.35054571  2.35055331  2.35056272
  2.35056321  2.35057136  2.41383634  2.41405684  2.41405708  2.47974293
  2.48026644  2.48026682  2.6578405   2.65803656  2.65803684  2.65804
  2.7951616   2.79516535  2.79516607  2.7954092   2.79540988  2.79541349
  2.90224877  2.9022493   2.90224966  2.90241414  2.93340948  2.93341588
  2.93341637  2.93363416  2.93363438  2.9338757   2.93387633  2.93388321
  2.98266467  2.98267138  2.9826716   2.98280531  2.98280576  2.98281199
  2.98305984  2.98306012  2.98633027  2.9863304   2.98633063  2.98634765
  2.98634781  2.98634836  3.02733432  3.0273393   3.02733985  3.02772761
  3.02772803  3.02772908  3.27519484  3.27606052  3.27606126  3.27606157
  3.43499785  3.43499795  3.43499919  3.43576733  3.43577197  3.43577245
  3.56838191  3.56838218  3.61827963  3.61827975  3.61828036  3.61828057
  3.61828207  3.61859501  3.61859564  3.6186016   3.73806522  3.73837093
  3.73837127  4.51091258  4.51092452  4.51092494  4.51158072  4.51158084
  4.51180811  4.51180866  4.5118168   4.62828915  4.6292729   4.62927332
  4.72998817  4.7299949   4.72999546  4.73037971  4.73038038  4.73038461
  8.68773601  9.01661175  9.02890334  9.02915547  9.02940702  9.0294111
  9.02947076  9.02947217  9.02958014  9.02958225  9.03053598  9.03116181
  9.07452269  9.07452444  9.07466916  9.07508124]
nelec by numeric integration = 63.999999999311385
    CPU time for vxc      4.40 sec, wall time      4.41 sec
~/packages/PeriodicIntegrals/PeriodicIntegrals-junjie-benchmark/isdfx/isdfx.py +4733
[[ 5.26843118e-01 -1.41796621e-02 -7.41799727e-06 ... -7.27708109e-03
  -9.70259027e-03 -1.40236821e-03]
 [-1.41796621e-02  4.22978796e-04  8.62691287e-06 ...  2.16396289e-04
   2.88568080e-04  4.16037086e-05]
 [-7.41799727e-06  8.62691287e-06  6.48892348e-01 ... -1.55856645e-02
   1.45384306e-03  8.00448112e-03]
 ...
 [-7.27708109e-03  2.16396289e-04 -1.55856645e-02 ...  1.80229039e-03
   8.30698636e-07  2.29182923e-04]
 [-9.70259027e-03  2.88568080e-04  1.45384306e-03 ...  8.30698636e-07
   1.66953657e-03  3.61847992e-07]
 [-1.40236821e-03  4.16037086e-05  8.00448112e-03 ...  2.29182923e-04
   3.61847992e-07  2.06622821e-03]]
[[ 1.71273746e-01 -2.75828300e-01  7.01782385e-02 ...  1.51214195e-04
  -4.97322319e-01 -8.59668027e-01]
 [-6.66006294e-03  8.59417396e-03 -2.18768571e-03 ...  1.21814710e-04
  -4.02300049e-01 -6.95143118e-01]
 [-3.44103996e-06 -1.24276662e-02  6.24669632e-02 ... -3.84647688e-02
  -7.23233283e-02  4.15392656e-02]
 ...
 [-1.11651243e-06  3.87972448e-03 -8.08603734e-03 ...  3.67419664e-02
  -2.71042544e-02 -1.53081377e-02]
 [-5.02372297e-06  5.76349890e-03  1.06511564e-03 ... -2.44755190e-02
  -3.61424024e-02 -2.03817484e-02]
 [ 2.26550986e-08  2.86095068e-03  1.20945714e-02 ...  4.12504424e-02
  -5.21864851e-03 -2.89934780e-03]]
[2. 2. 2. 2. 2. 2. 2. 2. 2. 2. 2. 2. 2. 2. 2. 2. 2. 2. 2. 2. 2. 2. 2. 2.
 2. 2. 2. 2. 2. 2. 2. 2. 0. 0. 0. 0. 0. 0. 0. 0. 0. 0. 0. 0. 0. 0. 0. 0.
 0. 0. 0. 0. 0. 0. 0. 0. 0. 0. 0. 0. 0. 0. 0. 0. 0. 0. 0. 0. 0. 0. 0. 0.
 0. 0. 0. 0. 0. 0. 0. 0. 0. 0. 0. 0. 0. 0. 0. 0. 0. 0. 0. 0. 0. 0. 0. 0.
 0. 0. 0. 0. 0. 0. 0. 0. 0. 0. 0. 0. 0. 0. 0. 0. 0. 0. 0. 0. 0. 0. 0. 0.
 0. 0. 0. 0. 0. 0. 0. 0. 0. 0. 0. 0. 0. 0. 0. 0. 0. 0. 0. 0. 0. 0. 0. 0.
 0. 0. 0. 0. 0. 0. 0. 0. 0. 0. 0. 0. 0. 0. 0. 0. 0. 0. 0. 0. 0. 0. 0. 0.
 0. 0. 0. 0. 0. 0. 0. 0. 0. 0. 0. 0. 0. 0. 0. 0. 0. 0. 0. 0. 0. 0. 0. 0.
 0. 0. 0. 0. 0. 0. 0. 0. 0. 0. 0. 0. 0. 0. 0. 0.]
start SG
end SG -->  0.34752631187438965
    CPU time for vj and vk     15.18 sec, wall time     15.23 sec
E1 = 32.46180171553787  Ecoul = 9.193555507421912  Exc = -26.474773679443818
cycle= 2 E= -87.2904012403728  delta_E= -4.44e-09  |g|= 0.000189  |ddm|= 0.000342
    CPU time for cycle= 2     19.60 sec, wall time     19.66 sec
  HOMO = 0.552240266855306  LUMO = 0.848239033063395
  mo_energy =
[-0.28297856 -0.068991   -0.06898905 -0.06898777 -0.06898477  0.02794933
  0.02798769  0.02798859  0.02798997  0.04451686  0.04451738  0.04451869
  0.04451924  0.04452069  0.04452276  0.30403647  0.30403718  0.30403767
  0.30410601  0.30410709  0.30410998  0.44057636  0.44057812  0.44057895
  0.44069317  0.44069503  0.44069698  0.44069868  0.44069946  0.55208183
  0.55223761  0.55224027  0.84823903  0.84836441  0.84836455  0.87375703
  0.87375731  0.87375769  0.87381205  0.873813    0.87381344  0.97016829
  0.97016848  0.97016947  0.97027195  0.97027221  0.97029822  0.97029865
  0.97029906  0.99992648  0.99998002  0.99998025  0.99998152  1.18720365
  1.2870459   1.28704623  1.28704642  1.28722669  1.28722768  1.28722822
  1.34848009  1.34869606  1.34869636  1.34869707  1.71505128  1.71540129
  1.71540156  1.7154025   1.72299054  1.72299102  1.72299188  1.72299214
  1.7229941   1.72299414  1.76075848  1.76075856  1.90951818  1.90951877
  1.90952013  1.90968924  1.9096909   1.9096914   1.90972381  1.90972419
  2.04534463  2.04534478  2.04534562  2.04546519  2.04546591  2.04546622
  2.06690137  2.06690161  2.06690248  2.06694208  2.06694268  2.06694318
  2.0671042   2.06710446  2.35054589  2.35054612  2.35055013  2.35056326
  2.35056357  2.3505683   2.41383537  2.41405574  2.41405596  2.47974147
  2.48026498  2.48026535  2.65783973  2.6580367   2.65803695  2.65803715
  2.79516231  2.79516283  2.7951637   2.79540861  2.79540963  2.79541012
  2.90224707  2.90224813  2.90224872  2.90241293  2.93341188  2.93341218
  2.93341334  2.93363269  2.93363292  2.93387599  2.93387639  2.93387856
  2.98266564  2.98266935  2.98266951  2.98280533  2.98280561  2.98280857
  2.9830587   2.98305896  2.98632922  2.98632943  2.98632973  2.9863467
  2.98634677  2.98634726  3.02733595  3.0273369   3.02733734  3.02772525
  3.02772786  3.02772812  3.27519365  3.27605891  3.27605918  3.27606159
  3.43499679  3.43499729  3.43499737  3.43576491  3.43577157  3.43577194
  3.56838085  3.56838112  3.61827858  3.61827878  3.61827928  3.61827949
  3.61828083  3.61859562  3.61859607  3.61859737  3.73806395  3.73836966
  3.73836998  4.51091673  4.51092083  4.51092101  4.51157947  4.5115796
  4.51180868  4.51180908  4.51181216  4.62828795  4.62927158  4.629272
  4.72998998  4.72999225  4.7299927   4.73038001  4.73038033  4.73038061
  8.68773273  9.01660546  9.02887728  9.02912733  9.02938413  9.02938658
  9.02946244  9.02946335  9.02958742  9.02958837  9.03056699  9.03120575
  9.07451464  9.07451587  9.07466727  9.07509089]
nelec by numeric integration = 63.99999999931136
    CPU time for vxc      4.39 sec, wall time      4.40 sec
~/packages/PeriodicIntegrals/PeriodicIntegrals-junjie-benchmark/isdfx/isdfx.py +4733
[[ 5.26852027e-01 -1.41808922e-02 -1.00226716e-05 ... -7.27717471e-03
  -9.70269056e-03 -1.40236952e-03]
 [-1.41808922e-02  4.23038822e-04  8.88679290e-06 ...  2.16406364e-04
   2.88584126e-04  4.16064343e-05]
 [-1.00226716e-05  8.88679290e-06  6.48900501e-01 ... -1.55859454e-02
   1.45383884e-03  8.00460959e-03]
 ...
 [-7.27717471e-03  2.16406364e-04 -1.55859454e-02 ...  1.80234500e-03
   8.33819386e-07  2.29183461e-04]
 [-9.70269056e-03  2.88584126e-04  1.45383884e-03 ...  8.33819386e-07
   1.66959195e-03  3.49566309e-07]
 [-1.40236952e-03  4.16064343e-05  8.00460959e-03 ...  2.29183461e-04
   3.49566309e-07  2.06630419e-03]]
[[ 1.71294678e-01 -1.67203557e-02 -1.19029407e-02 ... -7.28246203e-05
  -4.97102416e-01 -8.59028938e-01]
 [-6.66093447e-03  5.20483711e-04  3.70626271e-04 ... -5.93166748e-05
  -4.02091605e-01 -6.94564122e-01]
 [-2.77415810e-06  6.66542953e-02 -2.88809363e-02 ... -4.70615706e-02
  -7.22602270e-02  4.14919912e-02]
 ...
 [-1.45705511e-06 -5.24376334e-03  1.11186487e-02 ...  3.81262530e-02
  -2.71023747e-02 -1.52844122e-02]
 [-5.43053230e-06  3.97419444e-03 -7.00973434e-03 ... -2.54079588e-02
  -3.61168866e-02 -2.03556657e-02]
 [-2.94190059e-08  1.35140039e-02  9.42160717e-03 ...  3.86601762e-02
  -5.20928844e-03 -2.91637307e-03]]
[2. 2. 2. 2. 2. 2. 2. 2. 2. 2. 2. 2. 2. 2. 2. 2. 2. 2. 2. 2. 2. 2. 2. 2.
 2. 2. 2. 2. 2. 2. 2. 2. 0. 0. 0. 0. 0. 0. 0. 0. 0. 0. 0. 0. 0. 0. 0. 0.
 0. 0. 0. 0. 0. 0. 0. 0. 0. 0. 0. 0. 0. 0. 0. 0. 0. 0. 0. 0. 0. 0. 0. 0.
 0. 0. 0. 0. 0. 0. 0. 0. 0. 0. 0. 0. 0. 0. 0. 0. 0. 0. 0. 0. 0. 0. 0. 0.
 0. 0. 0. 0. 0. 0. 0. 0. 0. 0. 0. 0. 0. 0. 0. 0. 0. 0. 0. 0. 0. 0. 0. 0.
 0. 0. 0. 0. 0. 0. 0. 0. 0. 0. 0. 0. 0. 0. 0. 0. 0. 0. 0. 0. 0. 0. 0. 0.
 0. 0. 0. 0. 0. 0. 0. 0. 0. 0. 0. 0. 0. 0. 0. 0. 0. 0. 0. 0. 0. 0. 0. 0.
 0. 0. 0. 0. 0. 0. 0. 0. 0. 0. 0. 0. 0. 0. 0. 0. 0. 0. 0. 0. 0. 0. 0. 0.
 0. 0. 0. 0. 0. 0. 0. 0. 0. 0. 0. 0. 0. 0. 0. 0.]
start SG
end SG -->  0.35164332389831543
    CPU time for vj and vk     15.17 sec, wall time     15.22 sec
E1 = 32.46179483209332  Ecoul = 9.193565669550825  Exc = -26.4747769669559
cycle= 3 E= -87.2904012492005  delta_E= -8.83e-09  |g|= 2.2e-05  |ddm|= 0.000174
    CPU time for cycle= 3     19.57 sec, wall time     19.63 sec
  HOMO = 0.552239568331379  LUMO = 0.848238479933192
  mo_energy =
[-0.2829791  -0.06899023 -0.06898837 -0.06898833 -0.06898793  0.02794887
  0.02798748  0.02798768  0.02798964  0.0445162   0.04451755  0.04451816
  0.04451881  0.04452062  0.044521    0.30403463  0.30403723  0.30403754
  0.30410485  0.30410615  0.30411034  0.44057331  0.44057836  0.44057945
  0.44069197  0.44069393  0.44069632  0.44069804  0.44069984  0.55208097
  0.55223689  0.55223957  0.84823848  0.84836377  0.8483639   0.87375659
  0.87375704  0.87375715  0.87381186  0.87381239  0.87381286  0.97016703
  0.97016864  0.97016886  0.9702713   0.97027154  0.97029723  0.97029765
  0.97029913  0.99992589  0.99997851  0.99998041  0.99998067  1.18720267
  1.28704359  1.28704584  1.28704619  1.28722586  1.28722635  1.28722722
  1.34847904  1.34869464  1.34869525  1.34869637  1.71505034  1.71539998
  1.71540029  1.71540267  1.72298956  1.72299003  1.72299096  1.7229912
  1.72299305  1.72299309  1.7607581   1.76075818  1.90951755  1.90951807
  1.90951922  1.90968961  1.90968972  1.9096901   1.90972305  1.90972342
  2.04534369  2.04534481  2.04534499  2.04546471  2.04546501  2.04546615
  2.0669003   2.06690053  2.06690315  2.06694066  2.06694276  2.06694325
  2.0671038   2.06710405  2.35054486  2.35054509  2.35055074  2.35056223
  2.35056254  2.35056896  2.41383477  2.41405502  2.41405523  2.47974052
  2.48026404  2.4802644   2.65783926  2.65803568  2.65803595  2.65803749
  2.79516119  2.7951622   2.79516274  2.79540791  2.7954084   2.79540931
  2.90224654  2.90224723  2.90224773  2.90241215  2.93340999  2.93341217
  2.93341248  2.93363175  2.93363198  2.9338743   2.9338747   2.93387914
  2.98266406  2.98266912  2.98266929  2.98280405  2.98280432  2.98280889
  2.98305801  2.98305827  2.98632859  2.9863288   2.98632906  2.98634594
  2.9863461   2.98634657  3.02733403  3.0273368   3.02733725  3.02772576
  3.02772649  3.02772675  3.27519291  3.27605864  3.2760589   3.27605977
  3.43499621  3.43499631  3.43499666  3.43576474  3.43577062  3.43577093
  3.56838017  3.56838044  3.61827786  3.61827807  3.61827856  3.61827877
  3.61828019  3.61859421  3.61859466  3.61859816  3.73806312  3.73836884
  3.73836916  4.51091355  4.51092129  4.51092149  4.51157867  4.51157879
  4.51180711  4.51180754  4.51181296  4.62828718  4.62927075  4.62927117
  4.72998786  4.72999216  4.72999263  4.73037852  4.73037904  4.73038099
  8.68773062  9.01660383  9.02887356  9.02912618  9.02938632  9.02938885
  9.02946285  9.02946377  9.02958597  9.02958712  9.03055922  9.03119506
  9.07451501  9.07451624  9.07466507  9.0750837 ]
nelec by numeric integration = 63.999999999311406
    CPU time for vxc      4.40 sec, wall time      4.41 sec
~/packages/PeriodicIntegrals/PeriodicIntegrals-junjie-benchmark/isdfx/isdfx.py +4733
[[ 5.26854136e-01 -1.41811530e-02 -1.03715385e-05 ... -7.27725489e-03
  -9.70277231e-03 -1.40236938e-03]
 [-1.41811530e-02  4.23050395e-04  8.92593649e-06 ...  2.16411061e-04
   2.88590405e-04  4.16069958e-05]
 [-1.03715385e-05  8.92593649e-06  6.48904276e-01 ... -1.55861440e-02
   1.45376335e-03  8.00466968e-03]
 ...
 [-7.27725489e-03  2.16411061e-04 -1.55861440e-02 ...  1.80235047e-03
   8.56354456e-07  2.29181820e-04]
 [-9.70277231e-03  2.88590405e-04  1.45376335e-03 ...  8.56354456e-07
   1.66961041e-03  3.44772717e-07]
 [-1.40236938e-03  4.16069958e-05  8.00466968e-03 ...  2.29181820e-04
   3.44772717e-07  2.06630247e-03]]
[[ 1.71294056e-01 -5.30752846e-02  1.08435094e-01 ...  1.92670287e-05
  -4.97024807e-01 -8.59086123e-01]
 [-6.66093928e-03  1.65325806e-03 -3.38162376e-03 ...  1.52659536e-05
  -4.02022392e-01 -6.94610996e-01]
 [-2.56947673e-06  6.24672307e-02 -4.32366791e-02 ... -4.13098264e-02
  -7.22817490e-02  4.14861796e-02]
 ...
 [-1.43463488e-06 -4.64809709e-03 -5.07754859e-03 ...  3.72043754e-02
  -2.70977937e-02 -1.52845697e-02]
 [-5.41369596e-06  4.59734088e-03 -9.68951172e-03 ... -2.47879792e-02
  -3.61196354e-02 -2.03597081e-02]
 [-2.90972168e-08  1.33621730e-02 -8.94184804e-04 ...  4.04028576e-02
  -5.21188369e-03 -2.91448212e-03]]
[2. 2. 2. 2. 2. 2. 2. 2. 2. 2. 2. 2. 2. 2. 2. 2. 2. 2. 2. 2. 2. 2. 2. 2.
 2. 2. 2. 2. 2. 2. 2. 2. 0. 0. 0. 0. 0. 0. 0. 0. 0. 0. 0. 0. 0. 0. 0. 0.
 0. 0. 0. 0. 0. 0. 0. 0. 0. 0. 0. 0. 0. 0. 0. 0. 0. 0. 0. 0. 0. 0. 0. 0.
 0. 0. 0. 0. 0. 0. 0. 0. 0. 0. 0. 0. 0. 0. 0. 0. 0. 0. 0. 0. 0. 0. 0. 0.
 0. 0. 0. 0. 0. 0. 0. 0. 0. 0. 0. 0. 0. 0. 0. 0. 0. 0. 0. 0. 0. 0. 0. 0.
 0. 0. 0. 0. 0. 0. 0. 0. 0. 0. 0. 0. 0. 0. 0. 0. 0. 0. 0. 0. 0. 0. 0. 0.
 0. 0. 0. 0. 0. 0. 0. 0. 0. 0. 0. 0. 0. 0. 0. 0. 0. 0. 0. 0. 0. 0. 0. 0.
 0. 0. 0. 0. 0. 0. 0. 0. 0. 0. 0. 0. 0. 0. 0. 0. 0. 0. 0. 0. 0. 0. 0. 0.
 0. 0. 0. 0. 0. 0. 0. 0. 0. 0. 0. 0. 0. 0. 0. 0.]
start SG
end SG -->  0.3532698154449463
    CPU time for vj and vk     15.19 sec, wall time     15.25 sec
E1 = 32.46179040788914  Ecoul = 9.193572212444526  Exc = -26.47477908561017
Extra cycle  E= -87.2904012491653  delta_E= 3.53e-11  |g|= 2.52e-05  |ddm|= 3.69e-05
    CPU time for scf_cycle     98.87 sec, wall time     99.18 sec
    CPU time for SCF     98.92 sec, wall time     99.24 sec
converged SCF energy = -87.2904012491653
Successfully saved all results to /central/scratch/yangjunjie//run-scf-spc-diamond-prim-2-2-2-fftisdf-ks-1-100-rcut_epsilon-1e-05-ke_epsilon-0.01-isdf_thresh-0.0005/48100084/scf.h5
