SLURMD_NODENAME = hpc-54-24
Start time = Mon Mar 17 04:17:47 PM PDT 2025
OMP_NUM_THREADS = 1
MKL_NUM_THREADS = 1
PYSCF_MAX_MEMORY = 409600
TMPDIR = /central/scratch/yangjunjie//run-scf-spc-diamond-prim-2-2-2-fftisdf-ks-1-100-rcut_epsilon-1e-05-ke_epsilon-0.05-isdf_thresh-4e-05/48050876/
PYSCF_TMPDIR = /central/scratch/yangjunjie//run-scf-spc-diamond-prim-2-2-2-fftisdf-ks-1-100-rcut_epsilon-1e-05-ke_epsilon-0.05-isdf_thresh-4e-05/48050876/

/home/junjiey/anaconda3/envs/fftisdf/bin/python
2.8.0
1.13.1
2.0.2
fft_engine = NUMPY+BLAS
name = diamond-prim
ke_cutoff =  1.00e+02
exxdiv = None
df = fftisdf-ks
chk_path = ../../../gdf-32/tmp/scf.h5
mesh = 2,2,2
rcut_epsilon =  1.00e-05
ke_epsilon =  5.00e-02
isdf_thresh =  4.00e-05

Discarded 6 diffused primitive functions, 0 contracted functions
ke_cutoff = 100.0
None

******** <class 'ISDFX'> ********
lin_dep_thresh: 1e-10
alpha_cutoff: 2.8
rcut_epsilon: 1e-05
ke_epsilon: 0.05
isdf_thresh: 4e-05
grid_vol_cutoff: 0.05
ke_step: 2.0
ao_tol: 1e-12
multigrid_on: True
direct_j: True
iterative_build: True
occRI: True
voronoi: True
fit_sparse_grid: False
fit_dense_grid: True
direct_k_sparse: True
direct_k: False
use_kpt_symm: False
kmesh: [1, 1, 1]
isdf_pts_from_q0: True
isdf_pts_from_gamma_point: False
alpha: None
do_real_isdf: False
N_xi: None
use_cell_periodic: False
isdf_thresh_sparse: None
ncopy: [1, 1, 1]
j_grid_mesh: None
k_grid_mesh: None
num_j_grids: 100
get_ao_from_pyscf: False
nuc_pp_version: 0
vppnl_ver: 0
universal_dense_grid: None
same_jk_grids: None
coulomb_only: False
max_memory   409600 MB (current use       90 MB)

Exchange function: getK_occRI  

cell mesh: [47 47 47]
nbas:  192
Grid     keMax    keMin    keGrid   expMax   expMin   nexp     lmax     PWs      mesh        
0        33.6     33.6     115.3    5.6      5.6      1        2        103823   [47 47 47]
1        12.7     2.1      12.7     2.1      0.3      3        2        4913     [17 17 17]
0        59.4     57.7     115.3    5.6      5.6      1        2        103823   [47 47 47]
1        22.4     11.2     22.4     2.1      2.1      1        2        12167    [23 23 23]
2        8.2      3.7      8.2      0.8      0.3      2        2        3375     [15 15 15]

ISDF

atm      grid     Ng       NI       Nxi      sharp    on_grid  diffuse  maxexp   minexp   lmax     lmin    
0        0        103823   2073     113      9        297      288      5.61     5.61     2        0       
1        0        103823   2105     112      9        297      288      5.61     5.61     2        0       
2        0        103823   2110     112      9        297      288      5.61     5.61     2        0       
3        0        103823   2095     114      9        297      288      5.61     5.61     2        0       
4        0        103823   2110     112      9        297      288      5.61     5.61     2        0       
5        0        103823   2095     114      9        297      288      5.61     5.61     2        0       
6        0        103823   2095     114      9        297      288      5.61     5.61     2        0       
7        0        103823   2110     112      9        297      288      5.61     5.61     2        0       
8        0        103823   2110     112      9        297      288      5.61     5.61     2        0       
9        0        103823   2095     114      9        297      288      5.61     5.61     2        0       
10       0        103823   2095     114      9        297      288      5.61     5.61     2        0       
11       0        103823   2110     112      9        297      288      5.61     5.61     2        0       
12       0        103823   2095     114      9        297      288      5.61     5.61     2        0       
13       0        103823   2110     112      9        297      288      5.61     5.61     2        0       
14       0        103823   2105     112      9        297      288      5.61     5.61     2        0       
15       0        103823   2073     113      9        297      288      5.61     5.61     2        0       
-        1        4913     4913     4913     432      432      432      2.11     0.35     2        0       
ISDF-pts:       1.57
ISDF-vec:       0.16
Fit dense grids ISDF:       1.74
Fit sparse grids ISDF:       0.00

Grid     PWs      Ng_i     N_xi     N_mu    
0        103823   33586    1806     4752    
1        4913     4913     4913     432     

nTHC: 6719
Mem Required (MB):      84.85
Curent RAM Use (MB) :        246 

Build W
ISDF-fft dense grids (sec):      16.76
Curent RAM Use (MB) :        272 
ISDF-fft:      16.76

Initial guess from minao.
Successfully loaded dm0 from ../../../gdf-32/tmp/scf.h5
~/packages/PeriodicIntegrals/PeriodicIntegrals-junjie-benchmark/isdfx/isdfx.py +4733
[[ 5.26855036e-01 -1.41882092e-02  7.56084978e-06 ... -7.27508003e-03
  -9.70010837e-03 -1.40009224e-03]
 [-1.41882092e-02  4.23422566e-04  9.74736857e-06 ...  2.16418229e-04
   2.88557836e-04  4.16500018e-05]
 [ 7.56084978e-06  9.74736857e-06  6.48895895e-01 ... -1.55812716e-02
   1.46099405e-03  8.00859935e-03]
 ...
 [-7.27508003e-03  2.16418229e-04 -1.55812716e-02 ...  1.80201864e-03
   5.58137812e-09  2.29128023e-04]
 [-9.70010837e-03  2.88557836e-04  1.46099405e-03 ...  5.58137812e-09
   1.66975589e-03 -2.23008497e-08]
 [-1.40009224e-03  4.16500018e-05  8.00859935e-03 ...  2.29128023e-04
  -2.23008497e-08  2.06661500e-03]]
[[ 1.71319019e-01  2.80739589e-01 -1.62116336e-01 ... -6.89782044e-05
   4.94184557e-01 -8.55712448e-01]
 [-6.66392695e-03 -8.75108711e-03  5.05561330e-03 ... -5.57270448e-05
   3.99134311e-01 -6.90974654e-01]
 [ 1.10507086e-06  2.05462122e-02  3.41153061e-02 ... -2.45709669e-02
   7.23699959e-02  4.13636790e-02]
 ...
 [-1.12724054e-07 -4.35204640e-03  7.48321802e-03 ...  3.42248269e-02
   2.70120176e-02 -1.51646802e-02]
 [-1.49262855e-07 -5.73838990e-03  9.97762844e-03 ... -2.27793710e-02
   3.60160468e-02 -2.02220260e-02]
 [-1.94183796e-08 -6.00506389e-04  1.44014593e-03 ...  4.49773607e-02
   5.19848209e-03 -2.92784360e-03]]
[2. 2. 2. 2. 2. 2. 2. 2. 2. 2. 2. 2. 2. 2. 2. 2. 2. 2. 2. 2. 2. 2. 2. 2.
 2. 2. 2. 2. 2. 2. 2. 2. 0. 0. 0. 0. 0. 0. 0. 0. 0. 0. 0. 0. 0. 0. 0. 0.
 0. 0. 0. 0. 0. 0. 0. 0. 0. 0. 0. 0. 0. 0. 0. 0. 0. 0. 0. 0. 0. 0. 0. 0.
 0. 0. 0. 0. 0. 0. 0. 0. 0. 0. 0. 0. 0. 0. 0. 0. 0. 0. 0. 0. 0. 0. 0. 0.
 0. 0. 0. 0. 0. 0. 0. 0. 0. 0. 0. 0. 0. 0. 0. 0. 0. 0. 0. 0. 0. 0. 0. 0.
 0. 0. 0. 0. 0. 0. 0. 0. 0. 0. 0. 0. 0. 0. 0. 0. 0. 0. 0. 0. 0. 0. 0. 0.
 0. 0. 0. 0. 0. 0. 0. 0. 0. 0. 0. 0. 0. 0. 0. 0. 0. 0. 0. 0. 0. 0. 0. 0.
 0. 0. 0. 0. 0. 0. 0. 0. 0. 0. 0. 0. 0. 0. 0. 0. 0. 0. 0. 0. 0. 0. 0. 0.
 0. 0. 0. 0. 0. 0. 0. 0. 0. 0. 0. 0. 0. 0. 0. 0.]
~/packages/PeriodicIntegrals/PeriodicIntegrals-junjie-benchmark/isdfx/isdfx.py +4733
[[ 5.26855036e-01 -1.41882092e-02  7.56084978e-06 ... -7.27508003e-03
  -9.70010837e-03 -1.40009224e-03]
 [-1.41882092e-02  4.23422566e-04  9.74736857e-06 ...  2.16418229e-04
   2.88557836e-04  4.16500018e-05]
 [ 7.56084978e-06  9.74736857e-06  6.48895895e-01 ... -1.55812716e-02
   1.46099405e-03  8.00859935e-03]
 ...
 [-7.27508003e-03  2.16418229e-04 -1.55812716e-02 ...  1.80201864e-03
   5.58137812e-09  2.29128023e-04]
 [-9.70010837e-03  2.88557836e-04  1.46099405e-03 ...  5.58137812e-09
   1.66975589e-03 -2.23008497e-08]
 [-1.40009224e-03  4.16500018e-05  8.00859935e-03 ...  2.29128023e-04
  -2.23008497e-08  2.06661500e-03]]
[[ 1.71319019e-01  2.80739589e-01 -1.62116336e-01 ... -6.89782044e-05
   4.94184557e-01 -8.55712448e-01]
 [-6.66392695e-03 -8.75108711e-03  5.05561330e-03 ... -5.57270448e-05
   3.99134311e-01 -6.90974654e-01]
 [ 1.10507086e-06  2.05462122e-02  3.41153061e-02 ... -2.45709669e-02
   7.23699959e-02  4.13636790e-02]
 ...
 [-1.12724054e-07 -4.35204640e-03  7.48321802e-03 ...  3.42248269e-02
   2.70120176e-02 -1.51646802e-02]
 [-1.49262855e-07 -5.73838990e-03  9.97762844e-03 ... -2.27793710e-02
   3.60160468e-02 -2.02220260e-02]
 [-1.94183796e-08 -6.00506389e-04  1.44014593e-03 ...  4.49773607e-02
   5.19848209e-03 -2.92784360e-03]]
[2. 2. 2. 2. 2. 2. 2. 2. 2. 2. 2. 2. 2. 2. 2. 2. 2. 2. 2. 2. 2. 2. 2. 2.
 2. 2. 2. 2. 2. 2. 2. 2. 0. 0. 0. 0. 0. 0. 0. 0. 0. 0. 0. 0. 0. 0. 0. 0.
 0. 0. 0. 0. 0. 0. 0. 0. 0. 0. 0. 0. 0. 0. 0. 0. 0. 0. 0. 0. 0. 0. 0. 0.
 0. 0. 0. 0. 0. 0. 0. 0. 0. 0. 0. 0. 0. 0. 0. 0. 0. 0. 0. 0. 0. 0. 0. 0.
 0. 0. 0. 0. 0. 0. 0. 0. 0. 0. 0. 0. 0. 0. 0. 0. 0. 0. 0. 0. 0. 0. 0. 0.
 0. 0. 0. 0. 0. 0. 0. 0. 0. 0. 0. 0. 0. 0. 0. 0. 0. 0. 0. 0. 0. 0. 0. 0.
 0. 0. 0. 0. 0. 0. 0. 0. 0. 0. 0. 0. 0. 0. 0. 0. 0. 0. 0. 0. 0. 0. 0. 0.
 0. 0. 0. 0. 0. 0. 0. 0. 0. 0. 0. 0. 0. 0. 0. 0. 0. 0. 0. 0. 0. 0. 0. 0.
 0. 0. 0. 0. 0. 0. 0. 0. 0. 0. 0. 0. 0. 0. 0. 0.]
start SG
end SG -->  0.28879237174987793


******** <class 'pyscf.pbc.dft.rks.RKS'> ********
method = RKS
initial guess = minao
damping factor = 0
level_shift factor = 0
DIIS = <class 'pyscf.scf.diis.CDIIS'>
diis_start_cycle = 1
diis_space = 8
diis_damp = 0
SCF conv_tol = 1e-08
SCF conv_tol_grad = None
SCF max_cycles = 50
direct_scf = True
direct_scf_tol = 1e-13
chkfile to save SCF result = /central/scratch/yangjunjie/run-scf-spc-diamond-prim-2-2-2-fftisdf-ks-1-100-rcut_epsilon-1e-05-ke_epsilon-0.05-isdf_thresh-4e-05/48050876/tmpoxfeudr_
max_memory 409600 MB (current use 255 MB)
******** PBC SCF flags ********
kpt = [0. 0. 0.]
Exchange divergence treatment (exxdiv) = None
DF object = <isdfx.isdfx.ISDFX object at 0x7f289f49d7f0>
XC functionals = PBE0
small_rho_cutoff = 1e-07
Set gradient conv threshold to 0.0001
nelec by numeric integration = 63.99999999931137
    CPU time for vxc      5.21 sec, wall time      5.22 sec
~/packages/PeriodicIntegrals/PeriodicIntegrals-junjie-benchmark/isdfx/isdfx.py +4733
[[ 5.26855036e-01 -1.41882092e-02  7.56084978e-06 ... -7.27508003e-03
  -9.70010837e-03 -1.40009224e-03]
 [-1.41882092e-02  4.23422566e-04  9.74736857e-06 ...  2.16418229e-04
   2.88557836e-04  4.16500018e-05]
 [ 7.56084978e-06  9.74736857e-06  6.48895895e-01 ... -1.55812716e-02
   1.46099405e-03  8.00859935e-03]
 ...
 [-7.27508003e-03  2.16418229e-04 -1.55812716e-02 ...  1.80201864e-03
   5.58137812e-09  2.29128023e-04]
 [-9.70010837e-03  2.88557836e-04  1.46099405e-03 ...  5.58137812e-09
   1.66975589e-03 -2.23008497e-08]
 [-1.40009224e-03  4.16500018e-05  8.00859935e-03 ...  2.29128023e-04
  -2.23008497e-08  2.06661500e-03]]
[[ 1.71319019e-01  2.80739589e-01 -1.62116336e-01 ... -6.89782044e-05
   4.94184557e-01 -8.55712448e-01]
 [-6.66392695e-03 -8.75108711e-03  5.05561330e-03 ... -5.57270448e-05
   3.99134311e-01 -6.90974654e-01]
 [ 1.10507086e-06  2.05462122e-02  3.41153061e-02 ... -2.45709669e-02
   7.23699959e-02  4.13636790e-02]
 ...
 [-1.12724054e-07 -4.35204640e-03  7.48321802e-03 ...  3.42248269e-02
   2.70120176e-02 -1.51646802e-02]
 [-1.49262855e-07 -5.73838990e-03  9.97762844e-03 ... -2.27793710e-02
   3.60160468e-02 -2.02220260e-02]
 [-1.94183796e-08 -6.00506389e-04  1.44014593e-03 ...  4.49773607e-02
   5.19848209e-03 -2.92784360e-03]]
[2. 2. 2. 2. 2. 2. 2. 2. 2. 2. 2. 2. 2. 2. 2. 2. 2. 2. 2. 2. 2. 2. 2. 2.
 2. 2. 2. 2. 2. 2. 2. 2. 0. 0. 0. 0. 0. 0. 0. 0. 0. 0. 0. 0. 0. 0. 0. 0.
 0. 0. 0. 0. 0. 0. 0. 0. 0. 0. 0. 0. 0. 0. 0. 0. 0. 0. 0. 0. 0. 0. 0. 0.
 0. 0. 0. 0. 0. 0. 0. 0. 0. 0. 0. 0. 0. 0. 0. 0. 0. 0. 0. 0. 0. 0. 0. 0.
 0. 0. 0. 0. 0. 0. 0. 0. 0. 0. 0. 0. 0. 0. 0. 0. 0. 0. 0. 0. 0. 0. 0. 0.
 0. 0. 0. 0. 0. 0. 0. 0. 0. 0. 0. 0. 0. 0. 0. 0. 0. 0. 0. 0. 0. 0. 0. 0.
 0. 0. 0. 0. 0. 0. 0. 0. 0. 0. 0. 0. 0. 0. 0. 0. 0. 0. 0. 0. 0. 0. 0. 0.
 0. 0. 0. 0. 0. 0. 0. 0. 0. 0. 0. 0. 0. 0. 0. 0. 0. 0. 0. 0. 0. 0. 0. 0.
 0. 0. 0. 0. 0. 0. 0. 0. 0. 0. 0. 0. 0. 0. 0. 0.]
start SG
end SG -->  0.2890174388885498
    CPU time for vj and vk     14.91 sec, wall time     14.95 sec
E1 = 32.46229603821776  Ecoul = 9.19271532497338  Exc = -26.47459517535594
init E= -87.2905685960536
    CPU time for initialize scf     25.49 sec, wall time     25.56 sec
  HOMO = 0.552217566406045  LUMO = 0.848209156916738
  mo_energy =
[-0.28298572 -0.06900044 -0.06900032 -0.06899956 -0.06899555  0.02793746
  0.02796943  0.02797182  0.02797195  0.04450335  0.04450353  0.04450464
  0.04450496  0.04450705  0.04450843  0.30402055  0.30402062  0.30402181
  0.30408628  0.30408729  0.30408785  0.44056209  0.44056236  0.4405701
  0.44067313  0.4406741   0.44067479  0.44067869  0.44067897  0.55207061
  0.55221722  0.55221757  0.84820916  0.84835443  0.84835457  0.87374711
  0.87374721  0.87374824  0.87380599  0.87380611  0.87380679  0.97013975
  0.97013977  0.97014391  0.97026159  0.97026169  0.97028724  0.97028957
  0.97028961  0.99990815  0.99996889  0.99996899  0.99997351  1.18718683
  1.28700144  1.28700145  1.28700389  1.28720685  1.28720952  1.28720953
  1.34842607  1.34866943  1.3486721   1.34867217  1.71497895  1.71537387
  1.71537503  1.71537507  1.72294897  1.72294904  1.7229499   1.72294999
  1.72295213  1.72295228  1.7607513   1.76075141  1.90947627  1.90947629
  1.90947779  1.9096687   1.90967252  1.90967254  1.90970939  1.90970951
  2.04532097  2.04532097  2.04532362  2.0454548   2.04545773  2.04545773
  2.06689503  2.06689629  2.06689633  2.06692941  2.06692949  2.06693004
  2.06709886  2.06709906  2.35053736  2.35053737  2.35053937  2.35055484
  2.35055485  2.35055811  2.41380003  2.41404858  2.41404866  2.47964666
  2.48023947  2.48023971  2.65778594  2.65802097  2.65802139  2.65802149
  2.7950984   2.79509857  2.79510177  2.7953882   2.79539053  2.7953907
  2.90223246  2.90223426  2.90223458  2.90237946  2.93333128  2.93333131
  2.93333625  2.93361029  2.93361041  2.93385799  2.93385805  2.93385926
  2.98261138  2.98261442  2.98261449  2.98278777  2.98278785  2.98279156
  2.98304082  2.98304097  2.98631001  2.9863104   2.98631057  2.98632627
  2.98632736  2.98632751  3.02728699  3.02728717  3.02728847  3.02770791
  3.0277115   3.02771164  3.27514129  3.27604223  3.27604224  3.27604593
  3.43498026  3.43498157  3.43498165  3.43575568  3.43576381  3.43576391
  3.5683669   3.56836706  3.61823599  3.61823622  3.61823841  3.61826158
  3.61826187  3.61858121  3.61858214  3.61858229  3.73794393  3.73834489
  3.73834506  4.51088247  4.51088401  4.51088422  4.51157533  4.5115754
  4.51180717  4.5118074   4.51181053  4.62825499  4.62926938  4.62926976
  4.72993283  4.72993358  4.72993386  4.73037124  4.7303728   4.73037312
  8.6879375   9.01682099  9.02903642  9.02928498  9.02958047  9.02958051
  9.02967728  9.02967737  9.02984038  9.02984039  9.03084114  9.03150981
  9.07473443  9.07473457  9.07490108  9.07531951]
nelec by numeric integration = 63.99999999931137
    CPU time for vxc      4.40 sec, wall time      4.41 sec
~/packages/PeriodicIntegrals/PeriodicIntegrals-junjie-benchmark/isdfx/isdfx.py +4733
[[ 5.26866755e-01 -1.41891734e-02  1.33778774e-06 ... -7.27799915e-03
  -9.70386220e-03 -1.40058832e-03]
 [-1.41891734e-02  4.23473642e-04  8.98365080e-06 ...  2.16593919e-04
   2.88790672e-04  4.16851385e-05]
 [ 1.33778774e-06  8.98365080e-06  6.48891459e-01 ... -1.55852133e-02
   1.45310096e-03  8.00653546e-03]
 ...
 [-7.27799915e-03  2.16593919e-04 -1.55852133e-02 ...  1.80282930e-03
   1.33228142e-07  2.29289506e-04]
 [-9.70386220e-03  2.88790672e-04  1.45310096e-03 ...  1.33228142e-07
   1.67058703e-03 -4.49249574e-08]
 [-1.40058832e-03  4.16851385e-05  8.00653546e-03 ...  2.29289506e-04
  -4.49249574e-08  2.06755733e-03]]
[[ 1.71331394e-01  1.42361124e-03 -3.26710137e-03 ...  3.60219112e-05
   4.95629408e-01 -8.57951825e-01]
 [-6.66501021e-03 -4.43591813e-05  1.01838606e-04 ...  2.91899611e-05
   4.00789818e-01 -6.93534930e-01]
 [ 5.84127492e-07  4.76933315e-03 -7.39214156e-02 ... -2.47091838e-02
   7.23933552e-02  4.13247981e-02]
 ...
 [-3.27318339e-06  7.39123732e-03  9.75468234e-03 ...  3.42841840e-02
   2.70263175e-02 -1.52425884e-02]
 [-4.32177820e-06 -4.95807164e-03 -6.43471095e-03 ... -2.28219274e-02
   3.60833955e-02 -2.03260947e-02]
 [-5.88777206e-07  1.43826495e-02 -7.99652469e-03 ...  4.49702614e-02
   5.21997924e-03 -2.94293568e-03]]
[2. 2. 2. 2. 2. 2. 2. 2. 2. 2. 2. 2. 2. 2. 2. 2. 2. 2. 2. 2. 2. 2. 2. 2.
 2. 2. 2. 2. 2. 2. 2. 2. 0. 0. 0. 0. 0. 0. 0. 0. 0. 0. 0. 0. 0. 0. 0. 0.
 0. 0. 0. 0. 0. 0. 0. 0. 0. 0. 0. 0. 0. 0. 0. 0. 0. 0. 0. 0. 0. 0. 0. 0.
 0. 0. 0. 0. 0. 0. 0. 0. 0. 0. 0. 0. 0. 0. 0. 0. 0. 0. 0. 0. 0. 0. 0. 0.
 0. 0. 0. 0. 0. 0. 0. 0. 0. 0. 0. 0. 0. 0. 0. 0. 0. 0. 0. 0. 0. 0. 0. 0.
 0. 0. 0. 0. 0. 0. 0. 0. 0. 0. 0. 0. 0. 0. 0. 0. 0. 0. 0. 0. 0. 0. 0. 0.
 0. 0. 0. 0. 0. 0. 0. 0. 0. 0. 0. 0. 0. 0. 0. 0. 0. 0. 0. 0. 0. 0. 0. 0.
 0. 0. 0. 0. 0. 0. 0. 0. 0. 0. 0. 0. 0. 0. 0. 0. 0. 0. 0. 0. 0. 0. 0. 0.
 0. 0. 0. 0. 0. 0. 0. 0. 0. 0. 0. 0. 0. 0. 0. 0.]
start SG
end SG -->  0.2892167568206787
    CPU time for vj and vk     14.81 sec, wall time     14.86 sec
E1 = 32.461919186759424  Ecoul = 9.193285112887587  Exc = -26.47478846805359
cycle= 1 E= -87.2905689522953  delta_E= -3.56e-07  |g|= 9.79e-05  |ddm|= 0.00094
    CPU time for cycle= 1     19.22 sec, wall time     19.27 sec
  HOMO = 0.552228877589162  LUMO = 0.848220497708995
  mo_energy =
[-0.28297872 -0.06899511 -0.06899178 -0.06898989 -0.06898945  0.02794174
  0.02797721  0.02797734  0.02797761  0.04450943  0.04451177  0.04451179
  0.04451212  0.04451415  0.04451468  0.30402445  0.30402848  0.30402854
  0.30409419  0.3040949   0.30409845  0.44056853  0.44057077  0.44057136
  0.44068243  0.44068331  0.4406872   0.44068877  0.44068904  0.55207504
  0.55222852  0.55222888  0.8482205   0.84836001  0.84836014  0.87375471
  0.87375517  0.87375531  0.87380913  0.87380997  0.87381005  0.97015002
  0.97015264  0.97015287  0.97026778  0.97026786  0.97029301  0.97029314
  0.97029603  0.99992287  0.99997482  0.99997803  0.99997839  1.18719878
  1.28701431  1.28701735  1.28701754  1.28721796  1.28721813  1.28722089
  1.34843875  1.34868322  1.34868346  1.34868552  1.71498583  1.71538468
  1.71538475  1.71538713  1.72296016  1.72296024  1.72296211  1.72296221
  1.72296332  1.72296425  1.76075618  1.76075631  1.90948438  1.90948443
  1.90948537  1.90968207  1.9096822   1.90968269  1.90971637  1.90971653
  2.04532574  2.04532809  2.04532825  2.04546213  2.04546229  2.04546436
  2.06689864  2.06689878  2.06690168  2.06693442  2.06693739  2.06693742
  2.06710463  2.06710483  2.35054233  2.35054245  2.35054827  2.35055925
  2.35055938  2.35056644  2.41381333  2.41405468  2.41405475  2.47965733
  2.48025088  2.48025113  2.65779585  2.65802579  2.65802582  2.65802857
  2.79510906  2.79511164  2.79511171  2.79539908  2.79539912  2.79540257
  2.90224317  2.902244    2.90224434  2.90238897  2.93334248  2.93334614
  2.93334644  2.93362096  2.93362109  2.9338668   2.93386693  2.93387356
  2.98261869  2.9826249   2.98262507  2.98279318  2.98279329  2.98280077
  2.9830513   2.98305146  2.98631958  2.98632012  2.9863203   2.98633269
  2.98633392  2.98633408  3.0272948   3.02729799  3.02729807  3.02771833
  3.02771849  3.02771934  3.27515328  3.27605193  3.27605196  3.27605206
  3.43498953  3.43498957  3.43499022  3.43576685  3.43577291  3.43577308
  3.56837543  3.56837557  3.61824409  3.61824431  3.61824684  3.61826925
  3.61826952  3.61858961  3.61858969  3.61859393  3.73795288  3.73835505
  3.73835523  4.51088716  4.51089748  4.51089796  4.51158274  4.51158281
  4.51181443  4.5118145   4.51182343  4.62826678  4.62927827  4.62927865
  4.72994006  4.72994583  4.72994604  4.73037945  4.73037959  4.73038286
  8.68796225  9.0168454   9.02904655  9.02930326  9.0296127   9.02961354
  9.02970681  9.02970745  9.02986809  9.02986935  9.0308577   9.03152324
  9.07476402  9.07476444  9.07492521  9.07533098]
nelec by numeric integration = 63.999999999311385
    CPU time for vxc      4.45 sec, wall time      4.46 sec
~/packages/PeriodicIntegrals/PeriodicIntegrals-junjie-benchmark/isdfx/isdfx.py +4733
[[ 5.26872948e-01 -1.41894693e-02 -8.47811535e-07 ... -7.27836142e-03
  -9.70435172e-03 -1.40066852e-03]
 [-1.41894693e-02  4.23486519e-04  9.11337678e-06 ...  2.16604996e-04
   2.88806376e-04  4.16877478e-05]
 [-8.47811535e-07  9.11337678e-06  6.48905414e-01 ... -1.55857968e-02
   1.45279967e-03  8.00665140e-03]
 ...
 [-7.27836142e-03  2.16604996e-04 -1.55857968e-02 ...  1.80286207e-03
   1.95422349e-07  2.29305045e-04]
 [-9.70435172e-03  2.88806376e-04  1.45279967e-03 ...  1.95422349e-07
   1.67068325e-03 -6.21426983e-08]
 [-1.40066852e-03  4.16877478e-05  8.00665140e-03 ...  2.29305045e-04
  -6.21426983e-08  2.06758641e-03]]
[[ 1.71336463e-01  2.83015543e-01 -1.58087756e-01 ...  4.78392349e-04
   4.95661254e-01 -8.57689208e-01]
 [-6.66526070e-03 -8.82207247e-03  4.93051784e-03 ...  3.87257983e-04
   4.00783370e-01 -6.93302014e-01]
 [ 1.47098941e-06  2.12479488e-02  3.58455344e-02 ... -1.49312803e-01
   7.23072336e-02  4.12917567e-02]
 ...
 [-3.35767699e-06 -4.58485587e-03  7.20851326e-03 ...  2.32389915e-02
   2.70470129e-02 -1.52230966e-02]
 [-4.39803305e-06 -5.81153877e-03  1.00298895e-02 ... -1.54837347e-02
   3.60728488e-02 -2.03141341e-02]
 [-6.25913923e-07 -4.20912384e-04  1.55565873e-03 ... -4.65495414e-02
   5.20942555e-03 -2.95677336e-03]]
[2. 2. 2. 2. 2. 2. 2. 2. 2. 2. 2. 2. 2. 2. 2. 2. 2. 2. 2. 2. 2. 2. 2. 2.
 2. 2. 2. 2. 2. 2. 2. 2. 0. 0. 0. 0. 0. 0. 0. 0. 0. 0. 0. 0. 0. 0. 0. 0.
 0. 0. 0. 0. 0. 0. 0. 0. 0. 0. 0. 0. 0. 0. 0. 0. 0. 0. 0. 0. 0. 0. 0. 0.
 0. 0. 0. 0. 0. 0. 0. 0. 0. 0. 0. 0. 0. 0. 0. 0. 0. 0. 0. 0. 0. 0. 0. 0.
 0. 0. 0. 0. 0. 0. 0. 0. 0. 0. 0. 0. 0. 0. 0. 0. 0. 0. 0. 0. 0. 0. 0. 0.
 0. 0. 0. 0. 0. 0. 0. 0. 0. 0. 0. 0. 0. 0. 0. 0. 0. 0. 0. 0. 0. 0. 0. 0.
 0. 0. 0. 0. 0. 0. 0. 0. 0. 0. 0. 0. 0. 0. 0. 0. 0. 0. 0. 0. 0. 0. 0. 0.
 0. 0. 0. 0. 0. 0. 0. 0. 0. 0. 0. 0. 0. 0. 0. 0. 0. 0. 0. 0. 0. 0. 0. 0.
 0. 0. 0. 0. 0. 0. 0. 0. 0. 0. 0. 0. 0. 0. 0. 0.]
start SG
end SG -->  0.29407620429992676
    CPU time for vj and vk     14.79 sec, wall time     14.83 sec
E1 = 32.461972472795324  Ecoul = 9.19320673084192  Exc = -26.474763373551884
cycle= 2 E= -87.2905689538034  delta_E= -1.51e-09  |g|= 5.81e-05  |ddm|= 0.000106
    CPU time for cycle= 2     19.25 sec, wall time     19.30 sec
  HOMO = 0.55222762106672  LUMO = 0.848219502343222
  mo_energy =
[-0.28297966 -0.06899492 -0.06899483 -0.06899289 -0.06898753  0.02794103
  0.02797438  0.02797754  0.02797765  0.04450847  0.0445086   0.04451063
  0.04451093  0.04451368  0.0445159   0.30402526  0.30402533  0.30402755
  0.30409327  0.30409535  0.30409589  0.44056522  0.44056544  0.44057577
  0.44068163  0.44068371  0.4406844   0.44068763  0.44068791  0.55207357
  0.55222726  0.55222762  0.8482195   0.8483589   0.84835904  0.87375379
  0.87375388  0.8737552   0.87380856  0.87380869  0.87380964  0.9701489
  0.97014893  0.9701546   0.97026659  0.97026669  0.97029052  0.9702942
  0.97029429  0.99992177  0.9999736   0.99997366  0.99998017  1.18719706
  1.28701343  1.28701346  1.28701716  1.28721449  1.28721845  1.2872185
  1.34843697  1.34867951  1.34868345  1.34868351  1.71498416  1.71538278
  1.71538476  1.71538482  1.72295828  1.72295835  1.72296032  1.72296042
  1.72296174  1.72296275  1.76075553  1.76075566  1.90948284  1.90948289
  1.9094846   1.90967784  1.90968265  1.90968272  1.90971504  1.9097152
  2.04532518  2.0453252   2.04532902  2.04545934  2.04546344  2.04546348
  2.06689734  2.06689956  2.0668996   2.06693511  2.06693521  2.06693666
  2.06710398  2.06710419  2.35054316  2.35054321  2.3505441   2.35056015
  2.35056021  2.35056236  2.41381227  2.41405341  2.41405348  2.47965568
  2.48024922  2.48024946  2.65779503  2.65802488  2.6580261   2.65802622
  2.7951076   2.7951078   2.79511227  2.79539619  2.79539979  2.7954
  2.90224083  2.90224305  2.90224336  2.90238766  2.93334103  2.93334107
  2.93334804  2.9336193   2.93361943  2.93386743  2.93386749  2.93386756
  2.9826203   2.98262245  2.98262252  2.98279343  2.98279354  2.98279625
  2.98305004  2.98305021  2.98631866  2.98631891  2.98631909  2.98633166
  2.98633261  2.98633277  3.02729486  3.02729507  3.02729733  3.02771428
  3.02771887  3.02771904  3.27515194  3.27604906  3.27604909  3.27605367
  3.43498722  3.43498898  3.43498907  3.43576399  3.43577257  3.43577266
  3.56837424  3.56837438  3.61824294  3.61824317  3.61824546  3.618268
  3.61826827  3.61858835  3.61859059  3.61859079  3.73795144  3.7383536
  3.73835378  4.51089268  4.51089281  4.51089323  4.51158133  4.5115814
  4.51181532  4.51181558  4.5118174   4.62826545  4.6292768   4.62927718
  4.7299424   4.72994256  4.72994293  4.73037734  4.73038002  4.73038035
  8.68795852  9.01684137  9.0290595   9.0293059   9.02959975  9.0296
  9.02969604  9.02969608  9.02985983  9.02985995  9.03086259  9.03153319
  9.07475326  9.0747535   9.07492188  9.07534202]
nelec by numeric integration = 63.999999999311356
    CPU time for vxc      4.39 sec, wall time      4.40 sec
~/packages/PeriodicIntegrals/PeriodicIntegrals-junjie-benchmark/isdfx/isdfx.py +4733
[[ 5.26861762e-01 -1.41882467e-02  1.14371467e-06 ... -7.27813867e-03
  -9.70403870e-03 -1.40061762e-03]
 [-1.41882467e-02  4.23431030e-04  8.91409002e-06 ...  2.16589474e-04
   2.88784575e-04  4.16846957e-05]
 [ 1.14371467e-06  8.91409002e-06  6.48887079e-01 ... -1.55851912e-02
   1.45292734e-03  8.00645604e-03]
 ...
 [-7.27813867e-03  2.16589474e-04 -1.55851912e-02 ...  1.80282028e-03
   1.49559187e-07  2.29295520e-04]
 [-9.70403870e-03  2.88784575e-04  1.45292734e-03 ...  1.49559187e-07
   1.67059462e-03 -5.12942162e-08]
 [-1.40061762e-03  4.16846957e-05  8.00645604e-03 ...  2.29295520e-04
  -5.12942162e-08  2.06755253e-03]]
[[ 1.71330226e-01  7.24317306e-04  2.22092036e-03 ...  8.88783429e-05
   4.95626511e-01 -8.57991984e-01]
 [-6.66490989e-03 -2.25659505e-05 -6.92500931e-05 ...  7.20541941e-05
   4.00793490e-01 -6.93571484e-01]
 [ 3.50292535e-07  2.15813686e-02  7.04058556e-02 ... -2.69043035e-02
   7.24060128e-02  4.13298839e-02]
 ...
 [-3.27221405e-06  4.94363379e-03 -1.12315209e-02 ...  3.46908578e-02
   2.70233768e-02 -1.52447458e-02]
 [-4.31342323e-06 -3.31580076e-03  7.36829209e-03 ... -2.30900720e-02
   3.60848794e-02 -2.03284671e-02]
 [-5.95570109e-07  1.58468842e-02  4.44345129e-03 ...  4.43959685e-02
   5.22171173e-03 -2.93914937e-03]]
[2. 2. 2. 2. 2. 2. 2. 2. 2. 2. 2. 2. 2. 2. 2. 2. 2. 2. 2. 2. 2. 2. 2. 2.
 2. 2. 2. 2. 2. 2. 2. 2. 0. 0. 0. 0. 0. 0. 0. 0. 0. 0. 0. 0. 0. 0. 0. 0.
 0. 0. 0. 0. 0. 0. 0. 0. 0. 0. 0. 0. 0. 0. 0. 0. 0. 0. 0. 0. 0. 0. 0. 0.
 0. 0. 0. 0. 0. 0. 0. 0. 0. 0. 0. 0. 0. 0. 0. 0. 0. 0. 0. 0. 0. 0. 0. 0.
 0. 0. 0. 0. 0. 0. 0. 0. 0. 0. 0. 0. 0. 0. 0. 0. 0. 0. 0. 0. 0. 0. 0. 0.
 0. 0. 0. 0. 0. 0. 0. 0. 0. 0. 0. 0. 0. 0. 0. 0. 0. 0. 0. 0. 0. 0. 0. 0.
 0. 0. 0. 0. 0. 0. 0. 0. 0. 0. 0. 0. 0. 0. 0. 0. 0. 0. 0. 0. 0. 0. 0. 0.
 0. 0. 0. 0. 0. 0. 0. 0. 0. 0. 0. 0. 0. 0. 0. 0. 0. 0. 0. 0. 0. 0. 0. 0.
 0. 0. 0. 0. 0. 0. 0. 0. 0. 0. 0. 0. 0. 0. 0. 0.]
start SG
end SG -->  0.2881755828857422
    CPU time for vj and vk     14.82 sec, wall time     14.86 sec
E1 = 32.461964615713036  Ecoul = 9.193218380220644  Exc = -26.474767165459344
Extra cycle  E= -87.2905689534144  delta_E= 3.89e-10  |g|= 7.09e-05  |ddm|= 0.0001
    CPU time for scf_cycle     83.18 sec, wall time     83.41 sec
    CPU time for SCF     83.46 sec, wall time     83.69 sec
converged SCF energy = -87.2905689534144
Successfully saved all results to /central/scratch/yangjunjie//run-scf-spc-diamond-prim-2-2-2-fftisdf-ks-1-100-rcut_epsilon-1e-05-ke_epsilon-0.05-isdf_thresh-4e-05/48050876/scf.h5
