SLURMD_NODENAME = hpc-52-38
Start time = Mon Mar 17 04:17:47 PM PDT 2025
OMP_NUM_THREADS = 1
MKL_NUM_THREADS = 1
PYSCF_MAX_MEMORY = 409600
TMPDIR = /central/scratch/yangjunjie//run-scf-spc-diamond-prim-1-1-2-fftisdf-ks-1-100-rcut_epsilon-1e-05-ke_epsilon-0.05-isdf_thresh-4e-05/48050866/
PYSCF_TMPDIR = /central/scratch/yangjunjie//run-scf-spc-diamond-prim-1-1-2-fftisdf-ks-1-100-rcut_epsilon-1e-05-ke_epsilon-0.05-isdf_thresh-4e-05/48050866/

/home/junjiey/anaconda3/envs/fftisdf/bin/python
2.8.0
1.13.1
2.0.2
fft_engine = NUMPY+BLAS
name = diamond-prim
ke_cutoff =  1.00e+02
exxdiv = None
df = fftisdf-ks
chk_path = ../../../gdf-32/tmp/scf.h5
mesh = 1,1,2
rcut_epsilon =  1.00e-05
ke_epsilon =  5.00e-02
isdf_thresh =  4.00e-05

Discarded 6 diffused primitive functions, 0 contracted functions
ke_cutoff = 100.0
None

******** <class 'ISDFX'> ********
lin_dep_thresh: 1e-10
alpha_cutoff: 2.8
rcut_epsilon: 1e-05
ke_epsilon: 0.05
isdf_thresh: 4e-05
grid_vol_cutoff: 0.05
ke_step: 2.0
ao_tol: 1e-12
multigrid_on: True
direct_j: True
iterative_build: True
occRI: True
voronoi: True
fit_sparse_grid: False
fit_dense_grid: True
direct_k_sparse: True
direct_k: False
use_kpt_symm: False
kmesh: [1, 1, 1]
isdf_pts_from_q0: True
isdf_pts_from_gamma_point: False
alpha: None
do_real_isdf: False
N_xi: None
use_cell_periodic: False
isdf_thresh_sparse: None
ncopy: [1, 1, 1]
j_grid_mesh: None
k_grid_mesh: None
num_j_grids: 100
get_ao_from_pyscf: False
nuc_pp_version: 0
vppnl_ver: 0
universal_dense_grid: None
same_jk_grids: None
coulomb_only: False
max_memory   409600 MB (current use       89 MB)

Exchange function: getK_occRI  

cell mesh: [23 23 47]
nbas:  48
Grid     keMax    keMin    keGrid   expMax   expMin   nexp     lmax     PWs      mesh        
0        33.6     33.6     105.5    5.6      5.6      1        2        24863    [23 23 47]
1        12.7     2.1      12.7     2.1      0.3      3        2        1377     [ 9  9 17]
0        59.4     52.8     105.5    5.6      5.6      1        2        24863    [23 23 47]
1        22.4     3.7      22.4     2.1      0.3      3        2        3887     [13 13 23]

ISDF

atm      grid     Ng       NI       Nxi      sharp    on_grid  diffuse  maxexp   minexp   lmax     lmin    
0        0        24863    2021     116      9        108      99       5.61     5.61     2        0       
1        0        24863    2012     116      9        108      99       5.61     5.61     2        0       
2        0        24863    2012     116      9        108      99       5.61     5.61     2        0       
3        0        24863    2021     116      9        108      99       5.61     5.61     2        0       
-        1        1377     1377     1377     108      108      108      2.11     0.35     2        0       
ISDF-pts:       0.30
ISDF-vec:       0.04
Fit dense grids ISDF:       0.34
Fit sparse grids ISDF:       0.00

Grid     PWs      Ng_i     N_xi     N_mu    
0        24863    8066     464      432     
1        1377     1377     1377     108     

nTHC: 1841
Mem Required (MB):       6.19
Curent RAM Use (MB) :        137 

Build W
ISDF-fft dense grids (sec):       0.88
Curent RAM Use (MB) :        112 
ISDF-fft:       0.88

Initial guess from minao.
Big error detected in the electron number of initial guess density matrix (Ne/cell = 16.1866)!
  This can cause huge error in Fock matrix and lead to instability in SCF for low-dimensional systems.
  DM is normalized wrt the number of electrons 16
Successfully loaded dm0 from ../../../gdf-32/tmp/scf.h5
~/packages/PeriodicIntegrals/PeriodicIntegrals-junjie-benchmark/isdfx/isdfx.py +4733
[[ 4.86172193e-01 -1.39157814e-02 -5.48149956e-03 ...  9.13456109e-03
  -1.21802416e-02  1.75790149e-03]
 [-1.39157814e-02  4.75208863e-04  1.59535658e-03 ... -2.68386526e-04
   3.57437715e-04 -5.16897598e-05]
 [-5.48149956e-03  1.59535658e-03  7.83114655e-01 ... -3.52104339e-02
   2.41358660e-03  2.11413002e-02]
 ...
 [ 9.13456109e-03 -2.68386526e-04 -3.52104339e-02 ...  3.43456457e-03
  -5.43261351e-04  7.05178178e-04]
 [-1.21802416e-02  3.57437715e-04  2.41358660e-03 ... -5.43261351e-04
   3.66659588e-03  2.15409911e-04]
 [ 1.75790149e-03 -5.16897598e-05  2.11413002e-02 ...  7.05178178e-04
   2.15409911e-04  4.13531469e-03]]
[[ 3.43138044e-01 -3.21239995e-01  1.48819146e-01 ... -8.35271853e-01
   9.05003501e-01  1.01235205e+00]
 [-1.26902860e-02  8.66516395e-03  1.21082496e-03 ... -8.65349065e-01
   8.82649247e-01  8.22969836e-01]
 [-2.65227932e-04  7.02796132e-02  1.33403637e-01 ... -4.67579473e-05
  -1.52561423e-02  1.44412452e-01]
 ...
 [-1.80384789e-04 -1.52432558e-02 -1.74880003e-03 ... -3.73965876e-04
  -3.82990561e-02 -5.44957798e-02]
 [ 2.40652775e-04  2.03248609e-02  2.33165397e-03 ...  5.15109870e-04
   5.10645343e-02  7.26857653e-02]
 [-3.47635032e-05 -2.93364175e-03 -3.36699731e-04 ... -7.68381247e-05
  -7.37483546e-03 -1.04905210e-02]]
[2. 2. 2. 2. 2. 2. 2. 2. 0. 0. 0. 0. 0. 0. 0. 0. 0. 0. 0. 0. 0. 0. 0. 0.
 0. 0. 0. 0. 0. 0. 0. 0. 0. 0. 0. 0. 0. 0. 0. 0. 0. 0. 0. 0. 0. 0. 0. 0.
 0. 0. 0. 0.]
~/packages/PeriodicIntegrals/PeriodicIntegrals-junjie-benchmark/isdfx/isdfx.py +4733
[[ 4.86172193e-01 -1.39157814e-02 -5.48149956e-03 ...  9.13456109e-03
  -1.21802416e-02  1.75790149e-03]
 [-1.39157814e-02  4.75208863e-04  1.59535658e-03 ... -2.68386526e-04
   3.57437715e-04 -5.16897598e-05]
 [-5.48149956e-03  1.59535658e-03  7.83114655e-01 ... -3.52104339e-02
   2.41358660e-03  2.11413002e-02]
 ...
 [ 9.13456109e-03 -2.68386526e-04 -3.52104339e-02 ...  3.43456457e-03
  -5.43261351e-04  7.05178178e-04]
 [-1.21802416e-02  3.57437715e-04  2.41358660e-03 ... -5.43261351e-04
   3.66659588e-03  2.15409911e-04]
 [ 1.75790149e-03 -5.16897598e-05  2.11413002e-02 ...  7.05178178e-04
   2.15409911e-04  4.13531469e-03]]
[[ 3.43138044e-01 -3.21239995e-01  1.48819146e-01 ... -8.35271853e-01
   9.05003501e-01  1.01235205e+00]
 [-1.26902860e-02  8.66516395e-03  1.21082496e-03 ... -8.65349065e-01
   8.82649247e-01  8.22969836e-01]
 [-2.65227932e-04  7.02796132e-02  1.33403637e-01 ... -4.67579473e-05
  -1.52561423e-02  1.44412452e-01]
 ...
 [-1.80384789e-04 -1.52432558e-02 -1.74880003e-03 ... -3.73965876e-04
  -3.82990561e-02 -5.44957798e-02]
 [ 2.40652775e-04  2.03248609e-02  2.33165397e-03 ...  5.15109870e-04
   5.10645343e-02  7.26857653e-02]
 [-3.47635032e-05 -2.93364175e-03 -3.36699731e-04 ... -7.68381247e-05
  -7.37483546e-03 -1.04905210e-02]]
[2. 2. 2. 2. 2. 2. 2. 2. 0. 0. 0. 0. 0. 0. 0. 0. 0. 0. 0. 0. 0. 0. 0. 0.
 0. 0. 0. 0. 0. 0. 0. 0. 0. 0. 0. 0. 0. 0. 0. 0. 0. 0. 0. 0. 0. 0. 0. 0.
 0. 0. 0. 0.]
start SG
end SG -->  0.007123470306396484


******** <class 'pyscf.pbc.dft.rks.RKS'> ********
method = RKS
initial guess = minao
damping factor = 0
level_shift factor = 0
DIIS = <class 'pyscf.scf.diis.CDIIS'>
diis_start_cycle = 1
diis_space = 8
diis_damp = 0
SCF conv_tol = 1e-08
SCF conv_tol_grad = None
SCF max_cycles = 50
direct_scf = True
direct_scf_tol = 1e-13
chkfile to save SCF result = /central/scratch/yangjunjie/run-scf-spc-diamond-prim-1-1-2-fftisdf-ks-1-100-rcut_epsilon-1e-05-ke_epsilon-0.05-isdf_thresh-4e-05/48050866/tmpxk_wsl4o
max_memory 409600 MB (current use 124 MB)
******** PBC SCF flags ********
kpt = [0. 0. 0.]
Exchange divergence treatment (exxdiv) = None
DF object = <isdfx.isdfx.ISDFX object at 0x7f25ed88b850>
XC functionals = PBE0
small_rho_cutoff = 1e-07
Set gradient conv threshold to 0.0001
nelec by numeric integration = 15.999999999385878
    CPU time for vxc      0.71 sec, wall time      0.71 sec
~/packages/PeriodicIntegrals/PeriodicIntegrals-junjie-benchmark/isdfx/isdfx.py +4733
[[ 4.86172193e-01 -1.39157814e-02 -5.48149956e-03 ...  9.13456109e-03
  -1.21802416e-02  1.75790149e-03]
 [-1.39157814e-02  4.75208863e-04  1.59535658e-03 ... -2.68386526e-04
   3.57437715e-04 -5.16897598e-05]
 [-5.48149956e-03  1.59535658e-03  7.83114655e-01 ... -3.52104339e-02
   2.41358660e-03  2.11413002e-02]
 ...
 [ 9.13456109e-03 -2.68386526e-04 -3.52104339e-02 ...  3.43456457e-03
  -5.43261351e-04  7.05178178e-04]
 [-1.21802416e-02  3.57437715e-04  2.41358660e-03 ... -5.43261351e-04
   3.66659588e-03  2.15409911e-04]
 [ 1.75790149e-03 -5.16897598e-05  2.11413002e-02 ...  7.05178178e-04
   2.15409911e-04  4.13531469e-03]]
[[ 3.43138044e-01 -3.21239995e-01  1.48819146e-01 ... -8.35271853e-01
   9.05003501e-01  1.01235205e+00]
 [-1.26902860e-02  8.66516395e-03  1.21082496e-03 ... -8.65349065e-01
   8.82649247e-01  8.22969836e-01]
 [-2.65227932e-04  7.02796132e-02  1.33403637e-01 ... -4.67579473e-05
  -1.52561423e-02  1.44412452e-01]
 ...
 [-1.80384789e-04 -1.52432558e-02 -1.74880003e-03 ... -3.73965876e-04
  -3.82990561e-02 -5.44957798e-02]
 [ 2.40652775e-04  2.03248609e-02  2.33165397e-03 ...  5.15109870e-04
   5.10645343e-02  7.26857653e-02]
 [-3.47635032e-05 -2.93364175e-03 -3.36699731e-04 ... -7.68381247e-05
  -7.37483546e-03 -1.04905210e-02]]
[2. 2. 2. 2. 2. 2. 2. 2. 0. 0. 0. 0. 0. 0. 0. 0. 0. 0. 0. 0. 0. 0. 0. 0.
 0. 0. 0. 0. 0. 0. 0. 0. 0. 0. 0. 0. 0. 0. 0. 0. 0. 0. 0. 0. 0. 0. 0. 0.
 0. 0. 0. 0.]
start SG
end SG -->  0.007300138473510742
    CPU time for vj and vk      0.40 sec, wall time      0.40 sec
E1 = 8.784676794060283  Ecoul = 2.8271925823110764  Exc = -6.605229818993892
init E= -20.6111066385947
    CPU time for initialize scf      1.73 sec, wall time      1.74 sec
  HOMO = 0.617496042798865  LUMO = 0.871926503611167
  mo_energy =
[-2.23592631e-01 -7.27959084e-03  7.95000472e-02  4.86951659e-01
  4.86991165e-01  5.99505556e-01  5.99549044e-01  6.17496043e-01
  8.71926504e-01  8.75240502e-01  8.75251311e-01  9.96350345e-01
  9.96360995e-01  1.02620046e+00  1.22627018e+00  1.38953613e+00
  1.74925034e+00  1.78006601e+00  1.78006858e+00  1.94436839e+00
  1.94438939e+00  2.08926450e+00  2.08927133e+00  2.43892819e+00
  2.44480545e+00  2.44480904e+00  2.51763610e+00  2.51778789e+00
  2.51783664e+00  2.67919859e+00  2.93555524e+00  2.97056435e+00
  2.97059973e+00  3.01082425e+00  3.01085863e+00  3.30312035e+00
  3.59739483e+00  3.59740330e+00  3.64871232e+00  3.64872822e+00
  3.77123944e+00  3.77135041e+00  3.77141274e+00  4.54703119e+00
  4.54704600e+00  4.66023982e+00  4.66444567e+00  4.66445941e+00
  8.76305062e+00  9.09006242e+00  9.10327232e+00  9.14708661e+00]
nelec by numeric integration = 15.99999999938588
    CPU time for vxc      0.67 sec, wall time      0.68 sec
~/packages/PeriodicIntegrals/PeriodicIntegrals-junjie-benchmark/isdfx/isdfx.py +4733
[[ 4.86175380e-01 -1.39196236e-02 -5.47454271e-03 ...  9.13469782e-03
  -1.21794632e-02  1.75806601e-03]
 [-1.39196236e-02  4.75468311e-04  1.59763044e-03 ... -2.68637107e-04
   3.57740146e-04 -5.17228166e-05]
 [-5.47454271e-03  1.59763044e-03  7.83116409e-01 ... -3.52081767e-02
   2.41685170e-03  2.11378456e-02]
 ...
 [ 9.13469782e-03 -2.68637107e-04 -3.52081767e-02 ...  3.43433566e-03
  -5.43858319e-04  7.05128604e-04]
 [-1.21794632e-02  3.57740146e-04  2.41685170e-03 ... -5.43858319e-04
   3.66675332e-03  2.15274909e-04]
 [ 1.75806601e-03 -5.17228166e-05  2.11378456e-02 ...  7.05128604e-04
   2.15274909e-04  4.13433651e-03]]
[[ 3.43141434e-01 -3.21237302e-01  1.48822480e-01 ...  8.36683346e-01
  -9.03088257e-01  1.01176778e+00]
 [-1.26926849e-02  8.66897125e-03  1.21175907e-03 ...  8.67073242e-01
  -8.81070774e-01  8.23089122e-01]
 [-2.64465974e-04  7.02759594e-02  1.33401787e-01 ...  7.99706947e-05
   1.52277840e-02  1.44097711e-01]
 ...
 [-1.79706364e-04 -1.52435032e-02 -1.74896732e-03 ...  3.60544797e-04
   3.82677153e-02 -5.44425356e-02]
 [ 2.41223875e-04  2.03242956e-02  2.32970916e-03 ... -4.84638070e-04
  -5.10335659e-02  7.26123130e-02]
 [-3.45915563e-05 -2.93389557e-03 -3.36829910e-04 ...  7.40524197e-05
   7.36883907e-03 -1.04798494e-02]]
[2. 2. 2. 2. 2. 2. 2. 2. 0. 0. 0. 0. 0. 0. 0. 0. 0. 0. 0. 0. 0. 0. 0. 0.
 0. 0. 0. 0. 0. 0. 0. 0. 0. 0. 0. 0. 0. 0. 0. 0. 0. 0. 0. 0. 0. 0. 0. 0.
 0. 0. 0. 0.]
start SG
end SG -->  0.007009029388427734
    CPU time for vj and vk      0.40 sec, wall time      0.40 sec
E1 = 8.78474400512365  Ecoul = 2.8270986390312736  Exc = -6.605203099246026
cycle= 1 E= -20.6111066510633  delta_E= -1.25e-08  |g|= 3.45e-05  |ddm|= 0.000208
    CPU time for cycle= 1      1.08 sec, wall time      1.08 sec
  HOMO = 0.617491513441947  LUMO = 0.871921163563559
  mo_energy =
[-2.23597008e-01 -7.28543572e-03  7.94984941e-02  4.86944787e-01
  4.86986169e-01  5.99497615e-01  5.99543444e-01  6.17491513e-01
  8.71921164e-01  8.75236637e-01  8.75246090e-01  9.96345941e-01
  9.96354470e-01  1.02619373e+00  1.22626229e+00  1.38952853e+00
  1.74924372e+00  1.78006317e+00  1.78006587e+00  1.94436188e+00
  1.94438462e+00  2.08926222e+00  2.08926922e+00  2.43892220e+00
  2.44480086e+00  2.44480309e+00  2.51762866e+00  2.51777912e+00
  2.51782893e+00  2.67919451e+00  2.93554991e+00  2.97055651e+00
  2.97059189e+00  3.01081728e+00  3.01085223e+00  3.30311308e+00
  3.59738935e+00  3.59739803e+00  3.64870636e+00  3.64872266e+00
  3.77123311e+00  3.77134268e+00  3.77140609e+00  4.54702529e+00
  4.54704026e+00  4.66023345e+00  4.66443914e+00  4.66445305e+00
  8.76303156e+00  9.09004434e+00  9.10325321e+00  9.14706855e+00]
nelec by numeric integration = 15.999999999385874
    CPU time for vxc      0.67 sec, wall time      0.67 sec
~/packages/PeriodicIntegrals/PeriodicIntegrals-junjie-benchmark/isdfx/isdfx.py +4733
[[ 4.86178696e-01 -1.39204204e-02 -5.47149871e-03 ...  9.13460359e-03
  -1.21791780e-02  1.75800987e-03]
 [-1.39204204e-02  4.75502458e-04  1.59739566e-03 ... -2.68637549e-04
   3.57738652e-04 -5.17220369e-05]
 [-5.47149871e-03  1.59739566e-03  7.83120071e-01 ... -3.52093380e-02
   2.41640979e-03  2.11388409e-02]
 ...
 [ 9.13460359e-03 -2.68637549e-04 -3.52093380e-02 ...  3.43449799e-03
  -5.43770165e-04  7.05132978e-04]
 [-1.21791780e-02  3.57738652e-04  2.41640979e-03 ... -5.43770165e-04
   3.66675200e-03  2.15242101e-04]
 [ 1.75800987e-03 -5.17220369e-05  2.11388409e-02 ...  7.05132978e-04
   2.15242101e-04  4.13454178e-03]]
[[ 3.43157133e-01 -3.21221694e-01 -1.48825528e-01 ... -8.37744708e-01
   9.02104655e-01  1.01173943e+00]
 [-1.26934780e-02  8.66888739e-03 -1.21113197e-03 ... -8.68108144e-01
   8.80050968e-01  8.23053956e-01]
 [-2.68104848e-04  7.02778567e-02 -1.33404112e-01 ... -6.20238911e-05
  -1.52278237e-02  1.44098081e-01]
 ...
 [-1.78876573e-04 -1.52437777e-02  1.74921804e-03 ... -3.15515081e-04
  -3.82681274e-02 -5.44426415e-02]
 [ 2.40229423e-04  2.03244779e-02 -2.33014892e-03 ...  4.24700537e-04
   5.10340031e-02  7.26124111e-02]
 [-3.44469631e-05 -2.93392983e-03  3.36910514e-04 ... -6.53644012e-05
  -7.36891684e-03 -1.04798562e-02]]
[2. 2. 2. 2. 2. 2. 2. 2. 0. 0. 0. 0. 0. 0. 0. 0. 0. 0. 0. 0. 0. 0. 0. 0.
 0. 0. 0. 0. 0. 0. 0. 0. 0. 0. 0. 0. 0. 0. 0. 0. 0. 0. 0. 0. 0. 0. 0. 0.
 0. 0. 0. 0.]
start SG
end SG -->  0.006955623626708984
    CPU time for vj and vk      0.40 sec, wall time      0.40 sec
E1 = 8.784735327332768  Ecoul = 2.8271111282839443  Exc = -6.605206910851604
cycle= 2 E= -20.6111066512071  delta_E= -1.44e-10  |g|= 2.07e-05  |ddm|= 4.34e-05
    CPU time for cycle= 2      1.08 sec, wall time      1.08 sec
  HOMO = 0.617492021510056  LUMO = 0.871921873172894
  mo_energy =
[-2.23596443e-01 -7.28463558e-03  7.94986420e-02  4.86945684e-01
  4.86986882e-01  5.99498633e-01  5.99544256e-01  6.17492022e-01
  8.71921873e-01  8.75237169e-01  8.75246746e-01  9.96346576e-01
  9.96355333e-01  1.02619459e+00  1.22626331e+00  1.38952945e+00
  1.74924451e+00  1.78006355e+00  1.78006625e+00  1.94436270e+00
  1.94438529e+00  2.08926248e+00  2.08926945e+00  2.43892300e+00
  2.44480149e+00  2.44480382e+00  2.51762957e+00  2.51778025e+00
  2.51782999e+00  2.67919507e+00  2.93555058e+00  2.97055751e+00
  2.97059296e+00  3.01081821e+00  3.01085308e+00  3.30311399e+00
  3.59739006e+00  3.59739874e+00  3.64870716e+00  3.64872343e+00
  3.77123387e+00  3.77134370e+00  3.77140701e+00  4.54702608e+00
  4.54704103e+00  4.66023427e+00  4.66443999e+00  4.66445391e+00
  8.76303390e+00  9.09004624e+00  9.10325589e+00  9.14707079e+00]
nelec by numeric integration = 15.999999999385865
    CPU time for vxc      0.67 sec, wall time      0.67 sec
~/packages/PeriodicIntegrals/PeriodicIntegrals-junjie-benchmark/isdfx/isdfx.py +4733
[[ 4.86176943e-01 -1.39201298e-02 -5.47369894e-03 ...  9.13469505e-03
  -1.21793149e-02  1.75802957e-03]
 [-1.39201298e-02  4.75491202e-04  1.59763385e-03 ... -2.68650605e-04
   3.57756159e-04 -5.17245747e-05]
 [-5.47369894e-03  1.59763385e-03  7.83116902e-01 ... -3.52087138e-02
   2.41660005e-03  2.11384784e-02]
 ...
 [ 9.13469505e-03 -2.68650605e-04 -3.52087138e-02 ...  3.43440433e-03
  -5.43818191e-04  7.05127693e-04]
 [-1.21793149e-02  3.57756159e-04  2.41660005e-03 ... -5.43818191e-04
   3.66672421e-03  2.15267543e-04]
 [ 1.75802957e-03 -5.17245747e-05  2.11384784e-02 ...  7.05127693e-04
   2.15267543e-04  4.13444077e-03]]
[[ 3.43144393e-01 -3.21234746e-01  1.48823795e-01 ...  8.36869475e-01
  -9.02916309e-01  1.01176335e+00]
 [-1.26929572e-02  8.66927734e-03  1.21143906e-03 ...  8.67254506e-01
  -8.80892225e-01  8.23082814e-01]
 [-2.65774425e-04  7.02764962e-02  1.33402429e-01 ...  7.67873618e-05
   1.52278656e-02  1.44098030e-01]
 ...
 [-1.79455825e-04 -1.52435411e-02 -1.74905985e-03 ...  3.52655655e-04
   3.82679131e-02 -5.44426340e-02]
 [ 2.40985435e-04  2.03241761e-02  2.32994871e-03 ... -4.74242486e-04
  -5.10337055e-02  7.26124100e-02]
 [-3.45557143e-05 -2.93388610e-03 -3.36882332e-04 ...  7.25176019e-05
   7.36887239e-03 -1.04798560e-02]]
[2. 2. 2. 2. 2. 2. 2. 2. 0. 0. 0. 0. 0. 0. 0. 0. 0. 0. 0. 0. 0. 0. 0. 0.
 0. 0. 0. 0. 0. 0. 0. 0. 0. 0. 0. 0. 0. 0. 0. 0. 0. 0. 0. 0. 0. 0. 0. 0.
 0. 0. 0. 0.]
start SG
end SG -->  0.0071065425872802734
    CPU time for vj and vk      0.40 sec, wall time      0.40 sec
E1 = 8.784736386742212  Ecoul = 2.82710962082885  Exc = -6.605206462837615
Extra cycle  E= -20.6111066512387  delta_E= -3.17e-11  |g|= 1.75e-05  |ddm|= 3.47e-05
    CPU time for scf_cycle      4.96 sec, wall time      4.98 sec
    CPU time for SCF      5.05 sec, wall time      5.07 sec
converged SCF energy = -20.6111066512387
Successfully saved all results to /central/scratch/yangjunjie//run-scf-spc-diamond-prim-1-1-2-fftisdf-ks-1-100-rcut_epsilon-1e-05-ke_epsilon-0.05-isdf_thresh-4e-05/48050866/scf.h5
