SLURMD_NODENAME = hpc-54-36
Start time = Tue Mar 18 01:01:12 PM PDT 2025
OMP_NUM_THREADS = 1
MKL_NUM_THREADS = 1
PYSCF_MAX_MEMORY = 409600
TMPDIR = /central/scratch/yangjunjie//run-scf-spc-diamond-prim-1-1-2-fftisdf-ks-1-100-rcut_epsilon-1e-05-ke_epsilon-0.01-isdf_thresh-5e-05/48068299/
PYSCF_TMPDIR = /central/scratch/yangjunjie//run-scf-spc-diamond-prim-1-1-2-fftisdf-ks-1-100-rcut_epsilon-1e-05-ke_epsilon-0.01-isdf_thresh-5e-05/48068299/

/home/junjiey/anaconda3/envs/fftisdf/bin/python
2.8.0
1.13.1
2.0.2
fft_engine = NUMPY+BLAS
name = diamond-prim
ke_cutoff =  1.00e+02
exxdiv = None
df = fftisdf-ks
chk_path = ../../../gdf-32/tmp/scf.h5
mesh = 1,1,2
rcut_epsilon =  1.00e-05
ke_epsilon =  1.00e-02
isdf_thresh =  5.00e-05

Discarded 6 diffused primitive functions, 0 contracted functions
ke_cutoff = 100.0
None

******** <class 'ISDFX'> ********
lin_dep_thresh: 1e-10
alpha_cutoff: 2.8
rcut_epsilon: 1e-05
ke_epsilon: 0.01
isdf_thresh: 5e-05
grid_vol_cutoff: 0.05
ke_step: 2.0
ao_tol: 1e-12
multigrid_on: True
direct_j: True
iterative_build: True
occRI: True
voronoi: True
fit_sparse_grid: False
fit_dense_grid: True
direct_k_sparse: True
direct_k: False
use_kpt_symm: False
kmesh: [1, 1, 1]
isdf_pts_from_q0: True
isdf_pts_from_gamma_point: False
alpha: None
do_real_isdf: False
N_xi: None
use_cell_periodic: False
isdf_thresh_sparse: None
ncopy: [1, 1, 1]
j_grid_mesh: None
k_grid_mesh: None
num_j_grids: 100
get_ao_from_pyscf: False
nuc_pp_version: 0
vppnl_ver: 0
universal_dense_grid: None
same_jk_grids: None
coulomb_only: False
max_memory   409600 MB (current use       89 MB)

Exchange function: getK_occRI  

cell mesh: [23 23 47]
nbas:  48
Grid     keMax    keMin    keGrid   expMax   expMin   nexp     lmax     PWs      mesh        
0        51.6     51.6     105.5    5.6      5.6      1        2        24863    [23 23 47]
1        19.5     3.2      19.5     2.1      0.3      3        2        2541     [11 11 21]
0        77.4     52.8     105.5    5.6      5.6      1        2        24863    [23 23 47]
1        29.2     4.8      29.2     2.1      0.3      3        2        4225     [13 13 25]

ISDF

atm      grid     Ng       NI       Nxi      sharp    on_grid  diffuse  maxexp   minexp   lmax     lmin    
0        0        24863    2021     111      9        108      99       5.61     5.61     2        0       
1        0        24863    2012     110      9        108      99       5.61     5.61     2        0       
2        0        24863    2012     110      9        108      99       5.61     5.61     2        0       
3        0        24863    2021     111      9        108      99       5.61     5.61     2        0       
-        1        2541     2541     2541     108      108      108      2.11     0.35     2        0       
ISDF-pts:       0.32
ISDF-vec:       0.03
Fit dense grids ISDF:       0.36
Fit sparse grids ISDF:       0.00

Grid     PWs      Ng_i     N_xi     N_mu    
0        24863    8066     442      432     
1        2541     2541     2541     108     

nTHC: 2983
Mem Required (MB):       9.96
Curent RAM Use (MB) :        138 

Build W
ISDF-fft dense grids (sec):       0.83
Curent RAM Use (MB) :        159 
ISDF-fft:       0.83

Initial guess from minao.
Big error detected in the electron number of initial guess density matrix (Ne/cell = 16.1866)!
  This can cause huge error in Fock matrix and lead to instability in SCF for low-dimensional systems.
  DM is normalized wrt the number of electrons 16
Successfully loaded dm0 from ../../../gdf-32/tmp/scf.h5
~/packages/PeriodicIntegrals/PeriodicIntegrals-junjie-benchmark/isdfx/isdfx.py +4733
[[ 4.86172193e-01 -1.39157814e-02 -5.48149956e-03 ...  9.13456109e-03
  -1.21802416e-02  1.75790149e-03]
 [-1.39157814e-02  4.75208863e-04  1.59535658e-03 ... -2.68386526e-04
   3.57437715e-04 -5.16897598e-05]
 [-5.48149956e-03  1.59535658e-03  7.83114655e-01 ... -3.52104339e-02
   2.41358660e-03  2.11413002e-02]
 ...
 [ 9.13456109e-03 -2.68386526e-04 -3.52104339e-02 ...  3.43456457e-03
  -5.43261351e-04  7.05178178e-04]
 [-1.21802416e-02  3.57437715e-04  2.41358660e-03 ... -5.43261351e-04
   3.66659588e-03  2.15409911e-04]
 [ 1.75790149e-03 -5.16897598e-05  2.11413002e-02 ...  7.05178178e-04
   2.15409911e-04  4.13531469e-03]]
[[ 3.43138044e-01 -3.21239995e-01  1.48819146e-01 ... -8.35271853e-01
   9.05003501e-01  1.01235205e+00]
 [-1.26902860e-02  8.66516395e-03  1.21082496e-03 ... -8.65349065e-01
   8.82649247e-01  8.22969836e-01]
 [-2.65227932e-04  7.02796132e-02  1.33403637e-01 ... -4.67579473e-05
  -1.52561423e-02  1.44412452e-01]
 ...
 [-1.80384789e-04 -1.52432558e-02 -1.74880003e-03 ... -3.73965876e-04
  -3.82990561e-02 -5.44957798e-02]
 [ 2.40652775e-04  2.03248609e-02  2.33165397e-03 ...  5.15109870e-04
   5.10645343e-02  7.26857653e-02]
 [-3.47635032e-05 -2.93364175e-03 -3.36699731e-04 ... -7.68381247e-05
  -7.37483546e-03 -1.04905210e-02]]
[2. 2. 2. 2. 2. 2. 2. 2. 0. 0. 0. 0. 0. 0. 0. 0. 0. 0. 0. 0. 0. 0. 0. 0.
 0. 0. 0. 0. 0. 0. 0. 0. 0. 0. 0. 0. 0. 0. 0. 0. 0. 0. 0. 0. 0. 0. 0. 0.
 0. 0. 0. 0.]
~/packages/PeriodicIntegrals/PeriodicIntegrals-junjie-benchmark/isdfx/isdfx.py +4733
[[ 4.86172193e-01 -1.39157814e-02 -5.48149956e-03 ...  9.13456109e-03
  -1.21802416e-02  1.75790149e-03]
 [-1.39157814e-02  4.75208863e-04  1.59535658e-03 ... -2.68386526e-04
   3.57437715e-04 -5.16897598e-05]
 [-5.48149956e-03  1.59535658e-03  7.83114655e-01 ... -3.52104339e-02
   2.41358660e-03  2.11413002e-02]
 ...
 [ 9.13456109e-03 -2.68386526e-04 -3.52104339e-02 ...  3.43456457e-03
  -5.43261351e-04  7.05178178e-04]
 [-1.21802416e-02  3.57437715e-04  2.41358660e-03 ... -5.43261351e-04
   3.66659588e-03  2.15409911e-04]
 [ 1.75790149e-03 -5.16897598e-05  2.11413002e-02 ...  7.05178178e-04
   2.15409911e-04  4.13531469e-03]]
[[ 3.43138044e-01 -3.21239995e-01  1.48819146e-01 ... -8.35271853e-01
   9.05003501e-01  1.01235205e+00]
 [-1.26902860e-02  8.66516395e-03  1.21082496e-03 ... -8.65349065e-01
   8.82649247e-01  8.22969836e-01]
 [-2.65227932e-04  7.02796132e-02  1.33403637e-01 ... -4.67579473e-05
  -1.52561423e-02  1.44412452e-01]
 ...
 [-1.80384789e-04 -1.52432558e-02 -1.74880003e-03 ... -3.73965876e-04
  -3.82990561e-02 -5.44957798e-02]
 [ 2.40652775e-04  2.03248609e-02  2.33165397e-03 ...  5.15109870e-04
   5.10645343e-02  7.26857653e-02]
 [-3.47635032e-05 -2.93364175e-03 -3.36699731e-04 ... -7.68381247e-05
  -7.37483546e-03 -1.04905210e-02]]
[2. 2. 2. 2. 2. 2. 2. 2. 0. 0. 0. 0. 0. 0. 0. 0. 0. 0. 0. 0. 0. 0. 0. 0.
 0. 0. 0. 0. 0. 0. 0. 0. 0. 0. 0. 0. 0. 0. 0. 0. 0. 0. 0. 0. 0. 0. 0. 0.
 0. 0. 0. 0.]
start SG
end SG -->  0.008543968200683594


******** <class 'pyscf.pbc.dft.rks.RKS'> ********
method = RKS
initial guess = minao
damping factor = 0
level_shift factor = 0
DIIS = <class 'pyscf.scf.diis.CDIIS'>
diis_start_cycle = 1
diis_space = 8
diis_damp = 0
SCF conv_tol = 1e-08
SCF conv_tol_grad = None
SCF max_cycles = 50
direct_scf = True
direct_scf_tol = 1e-13
chkfile to save SCF result = /central/scratch/yangjunjie/run-scf-spc-diamond-prim-1-1-2-fftisdf-ks-1-100-rcut_epsilon-1e-05-ke_epsilon-0.01-isdf_thresh-5e-05/48068299/tmp48vzluzs
max_memory 409600 MB (current use 160 MB)
******** PBC SCF flags ********
kpt = [0. 0. 0.]
Exchange divergence treatment (exxdiv) = None
DF object = <isdfx.isdfx.ISDFX object at 0x7fd6c2ac0850>
XC functionals = PBE0
small_rho_cutoff = 1e-07
Set gradient conv threshold to 0.0001
nelec by numeric integration = 15.999999999385878
    CPU time for vxc      0.69 sec, wall time      0.69 sec
~/packages/PeriodicIntegrals/PeriodicIntegrals-junjie-benchmark/isdfx/isdfx.py +4733
[[ 4.86172193e-01 -1.39157814e-02 -5.48149956e-03 ...  9.13456109e-03
  -1.21802416e-02  1.75790149e-03]
 [-1.39157814e-02  4.75208863e-04  1.59535658e-03 ... -2.68386526e-04
   3.57437715e-04 -5.16897598e-05]
 [-5.48149956e-03  1.59535658e-03  7.83114655e-01 ... -3.52104339e-02
   2.41358660e-03  2.11413002e-02]
 ...
 [ 9.13456109e-03 -2.68386526e-04 -3.52104339e-02 ...  3.43456457e-03
  -5.43261351e-04  7.05178178e-04]
 [-1.21802416e-02  3.57437715e-04  2.41358660e-03 ... -5.43261351e-04
   3.66659588e-03  2.15409911e-04]
 [ 1.75790149e-03 -5.16897598e-05  2.11413002e-02 ...  7.05178178e-04
   2.15409911e-04  4.13531469e-03]]
[[ 3.43138044e-01 -3.21239995e-01  1.48819146e-01 ... -8.35271853e-01
   9.05003501e-01  1.01235205e+00]
 [-1.26902860e-02  8.66516395e-03  1.21082496e-03 ... -8.65349065e-01
   8.82649247e-01  8.22969836e-01]
 [-2.65227932e-04  7.02796132e-02  1.33403637e-01 ... -4.67579473e-05
  -1.52561423e-02  1.44412452e-01]
 ...
 [-1.80384789e-04 -1.52432558e-02 -1.74880003e-03 ... -3.73965876e-04
  -3.82990561e-02 -5.44957798e-02]
 [ 2.40652775e-04  2.03248609e-02  2.33165397e-03 ...  5.15109870e-04
   5.10645343e-02  7.26857653e-02]
 [-3.47635032e-05 -2.93364175e-03 -3.36699731e-04 ... -7.68381247e-05
  -7.37483546e-03 -1.04905210e-02]]
[2. 2. 2. 2. 2. 2. 2. 2. 0. 0. 0. 0. 0. 0. 0. 0. 0. 0. 0. 0. 0. 0. 0. 0.
 0. 0. 0. 0. 0. 0. 0. 0. 0. 0. 0. 0. 0. 0. 0. 0. 0. 0. 0. 0. 0. 0. 0. 0.
 0. 0. 0. 0.]
start SG
end SG -->  0.008612394332885742
    CPU time for vj and vk      0.41 sec, wall time      0.41 sec
E1 = 8.784676794060283  Ecoul = 2.827202858991143  Exc = -6.605317085052481
init E= -20.6111836279732
    CPU time for initialize scf      1.68 sec, wall time      1.69 sec
  HOMO = 0.617485987156333  LUMO = 0.871931172849251
  mo_energy =
[-2.23595110e-01 -7.28255049e-03  7.94967460e-02  4.86947413e-01
  4.86968091e-01  5.99499892e-01  5.99523841e-01  6.17485987e-01
  8.71931173e-01  8.75239378e-01  8.75253469e-01  9.96349262e-01
  9.96363270e-01  1.02620041e+00  1.22627030e+00  1.38954740e+00
  1.74927056e+00  1.78006739e+00  1.78006755e+00  1.94436693e+00
  1.94439373e+00  2.08926443e+00  2.08926978e+00  2.43893361e+00
  2.44480355e+00  2.44480892e+00  2.51765633e+00  2.51778217e+00
  2.51785602e+00  2.67921353e+00  2.93556134e+00  2.97055901e+00
  2.97061041e+00  3.01082206e+00  3.01086440e+00  3.30313081e+00
  3.59739940e+00  3.59739977e+00  3.64871337e+00  3.64873228e+00
  3.77126342e+00  3.77134280e+00  3.77144278e+00  4.54702680e+00
  4.54704319e+00  4.66024481e+00  4.66443746e+00  4.66445685e+00
  8.76296392e+00  9.08996963e+00  9.10318304e+00  9.14699048e+00]
nelec by numeric integration = 15.999999999385869
    CPU time for vxc      0.64 sec, wall time      0.64 sec
~/packages/PeriodicIntegrals/PeriodicIntegrals-junjie-benchmark/isdfx/isdfx.py +4733
[[ 4.86181797e-01 -1.39169160e-02 -5.47992564e-03 ...  9.13422955e-03
  -1.21791875e-02  1.75787217e-03]
 [-1.39169160e-02  4.75258261e-04  1.59428060e-03 ... -2.68375553e-04
   3.57489534e-04 -5.17449618e-05]
 [-5.47992564e-03  1.59428060e-03  7.83113882e-01 ... -3.52103055e-02
   2.41500588e-03  2.11402419e-02]
 ...
 [ 9.13422955e-03 -2.68375553e-04 -3.52103055e-02 ...  3.43457827e-03
  -5.43475135e-04  7.05227162e-04]
 [-1.21791875e-02  3.57489534e-04  2.41500588e-03 ... -5.43475135e-04
   3.66681239e-03  2.15426661e-04]
 [ 1.75787217e-03 -5.17449618e-05  2.11402419e-02 ...  7.05227162e-04
   2.15426661e-04  4.13519727e-03]]
[[ 3.43142615e-01 -3.21241199e-01 -1.48822138e-01 ...  8.35584670e-01
  -9.04104596e-01  1.01179892e+00]
 [-1.26903867e-02  8.66648243e-03 -1.21052530e-03 ...  8.66002127e-01
  -8.82123631e-01  8.23128878e-01]
 [-2.65684529e-04  7.02760872e-02 -1.33404344e-01 ...  9.29939613e-05
   1.52306558e-02  1.44098732e-01]
 ...
 [-1.80499164e-04 -1.52429180e-02  1.74897734e-03 ...  4.00388504e-04
   3.82708406e-02 -5.44409738e-02]
 [ 2.41287671e-04  2.03239219e-02 -2.33130036e-03 ... -5.47227476e-04
  -5.10297380e-02  7.26122337e-02]
 [-3.46730586e-05 -2.93367579e-03  3.36802824e-04 ...  8.19217966e-05
   7.36930862e-03 -1.04800155e-02]]
[2. 2. 2. 2. 2. 2. 2. 2. 0. 0. 0. 0. 0. 0. 0. 0. 0. 0. 0. 0. 0. 0. 0. 0.
 0. 0. 0. 0. 0. 0. 0. 0. 0. 0. 0. 0. 0. 0. 0. 0. 0. 0. 0. 0. 0. 0. 0. 0.
 0. 0. 0. 0.]
start SG
end SG -->  0.008703470230102539
    CPU time for vj and vk      0.41 sec, wall time      0.41 sec
E1 = 8.784686267832353  Ecoul = 2.827191421163428  Exc = -6.605315121998546
cycle= 1 E= -20.6111836289749  delta_E= -1e-09  |g|= 1.56e-05  |ddm|= 7.95e-05
    CPU time for cycle= 1      1.05 sec, wall time      1.06 sec
  HOMO = 0.617486251490162  LUMO = 0.871930059698597
  mo_energy =
[-2.23595719e-01 -7.28393631e-03  7.94975157e-02  4.86946432e-01
  4.86967199e-01  5.99498509e-01  5.99522563e-01  6.17486251e-01
  8.71930060e-01  8.75239062e-01  8.75253000e-01  9.96348347e-01
  9.96362175e-01  1.02619882e+00  1.22626921e+00  1.38954687e+00
  1.74926984e+00  1.78006711e+00  1.78006731e+00  1.94436630e+00
  1.94439326e+00  2.08926466e+00  2.08926993e+00  2.43893243e+00
  2.44480309e+00  2.44480826e+00  2.51765552e+00  2.51778080e+00
  2.51785472e+00  2.67921311e+00  2.93556119e+00  2.97055782e+00
  2.97060913e+00  3.01082065e+00  3.01086296e+00  3.30312923e+00
  3.59739868e+00  3.59739910e+00  3.64871252e+00  3.64873149e+00
  3.77126286e+00  3.77134162e+00  3.77144167e+00  4.54702612e+00
  4.54704254e+00  4.66024397e+00  4.66443656e+00  4.66445600e+00
  8.76296104e+00  9.08996651e+00  9.10318051e+00  9.14698789e+00]
nelec by numeric integration = 15.99999999938587
    CPU time for vxc      0.65 sec, wall time      0.65 sec
~/packages/PeriodicIntegrals/PeriodicIntegrals-junjie-benchmark/isdfx/isdfx.py +4733
[[ 4.86180599e-01 -1.39168069e-02 -5.48152745e-03 ...  9.13427325e-03
  -1.21792278e-02  1.75788165e-03]
 [-1.39168069e-02  4.75255374e-04  1.59443883e-03 ... -2.68388188e-04
   3.57507165e-04 -5.17485811e-05]
 [-5.48152745e-03  1.59443883e-03  7.83111566e-01 ... -3.52101876e-02
   2.41488431e-03  2.11402612e-02]
 ...
 [ 9.13427325e-03 -2.68388188e-04 -3.52101876e-02 ...  3.43454116e-03
  -5.43472609e-04  7.05228546e-04]
 [-1.21792278e-02  3.57507165e-04  2.41488431e-03 ... -5.43472609e-04
   3.66677824e-03  2.15438506e-04]
 [ 1.75788165e-03 -5.17485811e-05  2.11402612e-02 ...  7.05228546e-04
   2.15438506e-04  4.13517901e-03]]
[[ 3.43133854e-01 -3.21250257e-01  1.48820778e-01 ... -8.34965112e-01
   9.04676745e-01  1.01181603e+00]
 [-1.26900615e-02  8.66684518e-03  1.21071748e-03 ... -8.65397693e-01
   8.82716656e-01  8.23149192e-01]
 [-2.64530858e-04  7.02752144e-02  1.33403244e-01 ... -1.03449574e-04
  -1.52306803e-02  1.44098819e-01]
 ...
 [-1.80815099e-04 -1.52427482e-02 -1.74900915e-03 ... -4.26654803e-04
  -3.82706452e-02 -5.44410018e-02]
 [ 2.41720488e-04  2.03236757e-02  2.33135334e-03 ...  5.82272610e-04
   5.10294470e-02  7.26122728e-02]
 [-3.47312401e-05 -2.93365332e-03 -3.36804506e-04 ... -8.69837318e-05
  -7.36926461e-03 -1.04800150e-02]]
[2. 2. 2. 2. 2. 2. 2. 2. 0. 0. 0. 0. 0. 0. 0. 0. 0. 0. 0. 0. 0. 0. 0. 0.
 0. 0. 0. 0. 0. 0. 0. 0. 0. 0. 0. 0. 0. 0. 0. 0. 0. 0. 0. 0. 0. 0. 0. 0.
 0. 0. 0. 0.]
start SG
end SG -->  0.00857686996459961
    CPU time for vj and vk      0.41 sec, wall time      0.41 sec
E1 = 8.784685062654246  Ecoul = 2.827193135005879  Exc = -6.605315630684718
Extra cycle  E= -20.6111836289968  delta_E= -2.18e-11  |g|= 1.22e-05  |ddm|= 2.44e-05
    CPU time for scf_cycle      3.79 sec, wall time      3.80 sec
    CPU time for SCF      3.87 sec, wall time      3.89 sec
converged SCF energy = -20.6111836289968
Successfully saved all results to /central/scratch/yangjunjie//run-scf-spc-diamond-prim-1-1-2-fftisdf-ks-1-100-rcut_epsilon-1e-05-ke_epsilon-0.01-isdf_thresh-5e-05/48068299/scf.h5
