SLURMD_NODENAME = hpc-21-35
Start time = Wed Mar 19 03:39:34 PM PDT 2025
OMP_NUM_THREADS = 1
MKL_NUM_THREADS = 1
PYSCF_MAX_MEMORY = 409600
TMPDIR = /central/scratch/yangjunjie//run-scf-spc-diamond-prim-1-1-1-fftdf-occri-1-100-/48098864/
PYSCF_TMPDIR = /central/scratch/yangjunjie//run-scf-spc-diamond-prim-1-1-1-fftdf-occri-1-100-/48098864/

/home/junjiey/anaconda3/envs/fftisdf/bin/python
2.8.0
1.13.1
2.0.2
fft_engine = NUMPY+BLAS
name = diamond-prim
ke_cutoff =  1.00e+02
exxdiv = None
df = fftdf-occri
chk_path = ../../gdf-64/tmp/scf.h5
mesh = 1,1,1

Discarded 6 diffused primitive functions, 0 contracted functions
ke_cutoff = 100.0
None

******** <class 'ISDFX'> ********
lin_dep_thresh: 1e-10
alpha_cutoff: 2.8
rcut_epsilon: 1e-05
ke_epsilon: 1e-05
isdf_thresh: 0.0001
grid_vol_cutoff: 0.05
ke_step: 2.0
ao_tol: 1e-12
multigrid_on: False
direct_j: True
iterative_build: True
occRI: True
voronoi: True
fit_sparse_grid: False
fit_dense_grid: False
direct_k_sparse: True
direct_k: False
use_kpt_symm: False
kmesh: [1, 1, 1]
isdf_pts_from_q0: True
isdf_pts_from_gamma_point: False
alpha: None
do_real_isdf: False
N_xi: None
use_cell_periodic: False
isdf_thresh_sparse: None
ncopy: [1, 1, 1]
j_grid_mesh: None
k_grid_mesh: None
num_j_grids: 100
get_ao_from_pyscf: False
nuc_pp_version: 0
vppnl_ver: 0
universal_dense_grid: None
same_jk_grids: None
coulomb_only: False
max_memory   409600 MB (current use       88 MB)

Exchange function: getK_occRI  

cell mesh: [23 23 23]
nbas:  24
Grid     keMax    keMin    keGrid   expMax   expMin   nexp     lmax     PWs      mesh        
0        100.0    100.0    100.0    5.6      0.3      4        2        12167    [23 23 23]  

ISDF

atm      grid     Ng       NI       Nxi      sharp    on_grid  diffuse  maxexp   minexp   lmax     lmin    
-        1        12167    12167    12167    72       72       72       5.61     0.35     2        0       
ISDF-pts:       0.00
ISDF-vec:       0.00
Fit dense grids ISDF:       0.00
Fit sparse grids ISDF:       0.00

Grid     PWs      Ng_i     N_xi     N_mu    
0        12167    12167    12167    72      
1        12167    12167    12167    72      

nTHC: 24334
Mem Required (MB):       0.00
Curent RAM Use (MB) :        106 

Build W
ISDF-fft dense grids (sec):       0.00
Curent RAM Use (MB) :        106 
ISDF-fft:       0.00

Initial guess from minao.
Big error detected in the electron number of initial guess density matrix (Ne/cell = 8.1841)!
  This can cause huge error in Fock matrix and lead to instability in SCF for low-dimensional systems.
  DM is normalized wrt the number of electrons 8
Successfully loaded dm0 from ../../gdf-64/tmp/scf.h5
Successfully loaded h1e and s1e from ../../gdf-64/tmp/scf.h5
~/packages/PeriodicIntegrals/PeriodicIntegrals-junjie-benchmark/isdfx/isdfx.py +4733
[[ 4.72430106e-01 -1.65564625e-02 -2.54209424e-05 -1.79324341e-05
  -4.39848577e-05 -5.94616142e-09 -3.70184942e-08 -4.51234826e-08
   1.21384366e-06  2.10007983e-06  2.22525922e-06  2.96996097e-06
   4.32393807e-07  4.72430106e-01 -1.65564624e-02  2.54209291e-05
   1.79324264e-05  4.39848382e-05  5.95889670e-09  3.70235439e-08
   4.51413224e-08  1.21383986e-06  2.10007369e-06  2.22525310e-06
   2.96995262e-06  4.32392877e-07]
 [-1.65564625e-02  5.80231455e-04 -3.03536300e-05 -2.14839922e-05
  -5.25960154e-05  2.30611999e-06  1.63323971e-06  3.99704037e-06
   1.59408578e-06  2.76218848e-06  2.92956016e-06  3.90632419e-06
   5.64991980e-07 -1.65564625e-02  5.80231454e-04  3.03536305e-05
   2.14839924e-05  5.25960160e-05 -2.30612043e-06 -1.63323989e-06
  -3.99704099e-06  1.59408591e-06  2.76218870e-06  2.92956038e-06
   3.90632449e-06  5.64992013e-07]
 [-2.54209424e-05 -3.03536300e-05  8.80562099e-01  9.68804582e-07
   2.41386872e-06 -6.49343971e-02 -1.07515756e-05 -2.63788329e-05
  -4.61265286e-02  3.96681424e-07 -5.64942402e-02  1.94582881e-06
   3.26178271e-02 -2.54209724e-05 -3.03536251e-05 -8.80562098e-01
  -9.68794123e-07 -2.41387017e-06  6.49343970e-02  1.07515687e-05
   2.63788323e-05 -4.61265286e-02  3.96681962e-07 -5.64942403e-02
   1.94582835e-06  3.26178271e-02]
 [-1.79324341e-05 -2.14839922e-05  9.68804582e-07  8.80561448e-01
   1.70686861e-06 -1.07515816e-05 -6.49267498e-02 -1.86526534e-05
   9.65505867e-07  1.66533191e-06 -3.99474575e-02  3.96680974e-07
  -6.91914899e-02 -1.79324578e-05 -2.14839882e-05 -9.68784571e-07
  -8.80561446e-01 -1.70686705e-06  1.07515699e-05  6.49267497e-02
   1.86526525e-05  9.65508694e-07  1.66533104e-06 -3.99474575e-02
   3.96681706e-07 -6.91914899e-02]
 [-4.39848577e-05 -5.25960154e-05  2.41386872e-06  1.70686861e-06
   8.80564939e-01 -2.63788324e-05 -1.86526528e-05 -6.49648428e-02
   3.96681717e-07 -4.61260724e-02  2.32782057e-06 -6.52321126e-02
   1.40246355e-07 -4.39849148e-05 -5.25960066e-05 -2.41386557e-06
  -1.70686289e-06 -8.80564938e-01  2.63788310e-05  1.86526493e-05
   6.49648427e-02  3.96680814e-07 -4.61260725e-02  2.32782092e-06
  -6.52321127e-02  1.40248804e-07]
 [-5.94616142e-09  2.30611999e-06 -6.49343971e-02 -1.07515816e-05
  -2.63788324e-05  4.78839225e-03  1.58088176e-06  3.87846611e-06
   3.40146175e-03  1.34318879e-06  4.16648185e-03  1.79745882e-06
  -2.40446411e-03 -5.94394105e-09  2.30611962e-06  6.49343970e-02
   1.07515808e-05  2.63788324e-05 -4.78839224e-03 -1.58088125e-06
  -3.87846607e-06  3.40146175e-03  1.34318875e-06  4.16648185e-03
   1.79745886e-06 -2.40446412e-03]
 [-3.70184942e-08  1.63323971e-06 -1.07515756e-05 -6.49267498e-02
  -1.86526528e-05  1.58088176e-06  4.78726762e-03  2.74248912e-06
   4.88257779e-07  8.47681281e-07  2.94614522e-03  1.34318885e-06
   5.10132507e-03 -3.70167410e-08  1.63323942e-06  1.07515741e-05
   6.49267498e-02  1.86526526e-05 -1.58088089e-06 -4.78726761e-03
  -2.74248905e-06  4.88257571e-07  8.47681345e-07  2.94614522e-03
   1.34318880e-06  5.10132507e-03]
 [-4.51234826e-08  3.99704037e-06 -2.63788329e-05 -1.86526534e-05
  -6.49648428e-02  3.87846611e-06  2.74248912e-06  4.79286838e-03
   1.34318874e-06  3.40301194e-03  2.34970423e-06  4.81258530e-03
   4.74888934e-07 -4.51192694e-08  3.99703972e-06  2.63788327e-05
   1.86526530e-05  6.49648427e-02 -3.87846601e-06 -2.74248886e-06
  -4.79286837e-03  1.34318881e-06  3.40301194e-03  2.34970420e-06
   4.81258530e-03  4.74888754e-07]
 [ 1.21384366e-06  1.59408578e-06 -4.61265286e-02  9.65505867e-07
   3.96681717e-07  3.40146175e-03  4.88257779e-07  1.34318874e-06
   2.41624826e-03 -4.81799629e-08  2.95929452e-03 -1.40680977e-07
  -1.70870113e-03  1.21384523e-06  1.59408552e-06  4.61265285e-02
  -9.65506414e-07 -3.96681640e-07 -3.40146174e-03 -4.88257416e-07
  -1.34318871e-06  2.41624826e-03 -4.81799910e-08  2.95929452e-03
  -1.40680953e-07 -1.70870113e-03]
 [ 2.10007983e-06  2.76218848e-06  3.96681424e-07  1.66533191e-06
  -4.61260724e-02  1.34318879e-06  8.47681281e-07  3.40301194e-03
  -4.81799629e-08  2.41619268e-03 -2.35104103e-07  3.41701222e-03
  -1.25850371e-07  2.10008282e-06  2.76218802e-06 -3.96681588e-07
  -1.66533221e-06  4.61260724e-02 -1.34318872e-06 -8.47681098e-07
  -3.40301193e-03 -4.81799156e-08  2.41619268e-03 -2.35104122e-07
   3.41701222e-03 -1.25850499e-07]
 [ 2.22525922e-06  2.92956016e-06 -5.64942402e-02 -3.99474575e-02
   2.32782057e-06  4.16648185e-03  2.94614522e-03  2.34970423e-06
   2.95929452e-03 -2.35104103e-07  5.43674860e-03 -3.32487437e-07
   1.04626797e-03  2.22526222e-06  2.92955966e-06  5.64942402e-02
   3.99474575e-02 -2.32782054e-06 -4.16648184e-03 -2.94614521e-03
  -2.34970415e-06  2.95929452e-03 -2.35104098e-07  5.43674861e-03
  -3.32487440e-07  1.04626797e-03]
 [ 2.96996097e-06  3.90632419e-06  1.94582881e-06  3.96680974e-07
  -6.52321126e-02  1.79745882e-06  1.34318885e-06  4.81258530e-03
  -1.40680977e-07  3.41701222e-03 -3.32487437e-07  4.83238468e-03
   2.72066659e-08  2.96996520e-06  3.90632354e-06 -1.94582904e-06
  -3.96681396e-07  6.52321125e-02 -1.79745872e-06 -1.34318860e-06
  -4.81258529e-03 -1.40680910e-07  3.41701222e-03 -3.32487463e-07
   4.83238469e-03  2.72064845e-08]
 [ 4.32393807e-07  5.64991980e-07  3.26178271e-02 -6.91914899e-02
   1.40246355e-07 -2.40446411e-03  5.10132507e-03  4.74888934e-07
  -1.70870113e-03 -1.25850371e-07  1.04626797e-03  2.72066659e-08
   6.64506618e-03  4.32394559e-07  5.64991848e-07 -3.26178271e-02
   6.91914898e-02 -1.40246530e-07  2.40446411e-03 -5.10132506e-03
  -4.74888886e-07 -1.70870113e-03 -1.25850283e-07  1.04626797e-03
   2.72065915e-08  6.64506618e-03]
 [ 4.72430106e-01 -1.65564625e-02 -2.54209724e-05 -1.79324578e-05
  -4.39849148e-05 -5.94394105e-09 -3.70167410e-08 -4.51192694e-08
   1.21384523e-06  2.10008282e-06  2.22526222e-06  2.96996520e-06
   4.32394559e-07  4.72430106e-01 -1.65564624e-02  2.54209592e-05
   1.79324501e-05  4.39848953e-05  5.95667633e-09  3.70217907e-08
   4.51371091e-08  1.21384143e-06  2.10007668e-06  2.22525611e-06
   2.96995685e-06  4.32393630e-07]
 [-1.65564624e-02  5.80231454e-04 -3.03536251e-05 -2.14839882e-05
  -5.25960066e-05  2.30611962e-06  1.63323942e-06  3.99703972e-06
   1.59408552e-06  2.76218802e-06  2.92955966e-06  3.90632354e-06
   5.64991848e-07 -1.65564624e-02  5.80231453e-04  3.03536255e-05
   2.14839884e-05  5.25960073e-05 -2.30612006e-06 -1.63323959e-06
  -3.99704034e-06  1.59408566e-06  2.76218824e-06  2.92955988e-06
   3.90632383e-06  5.64991881e-07]
 [ 2.54209291e-05  3.03536305e-05 -8.80562098e-01 -9.68784571e-07
  -2.41386557e-06  6.49343970e-02  1.07515741e-05  2.63788327e-05
   4.61265285e-02 -3.96681588e-07  5.64942402e-02 -1.94582904e-06
  -3.26178271e-02  2.54209592e-05  3.03536255e-05  8.80562097e-01
   9.68774113e-07  2.41386703e-06 -6.49343969e-02 -1.07515672e-05
  -2.63788321e-05  4.61265286e-02 -3.96682125e-07  5.64942402e-02
  -1.94582858e-06 -3.26178271e-02]
 [ 1.79324264e-05  2.14839924e-05 -9.68794123e-07 -8.80561446e-01
  -1.70686289e-06  1.07515808e-05  6.49267498e-02  1.86526530e-05
  -9.65506414e-07 -1.66533221e-06  3.99474575e-02 -3.96681396e-07
   6.91914898e-02  1.79324501e-05  2.14839884e-05  9.68774113e-07
   8.80561445e-01  1.70686134e-06 -1.07515691e-05 -6.49267496e-02
  -1.86526521e-05 -9.65509240e-07 -1.66533134e-06  3.99474575e-02
  -3.96682128e-07  6.91914898e-02]
 [ 4.39848382e-05  5.25960160e-05 -2.41387017e-06 -1.70686705e-06
  -8.80564938e-01  2.63788324e-05  1.86526526e-05  6.49648427e-02
  -3.96681640e-07  4.61260724e-02 -2.32782054e-06  6.52321125e-02
  -1.40246530e-07  4.39848953e-05  5.25960073e-05  2.41386703e-06
   1.70686134e-06  8.80564937e-01 -2.63788311e-05 -1.86526491e-05
  -6.49648426e-02 -3.96680736e-07  4.61260724e-02 -2.32782090e-06
   6.52321126e-02 -1.40248980e-07]
 [ 5.95889670e-09 -2.30612043e-06  6.49343970e-02  1.07515699e-05
   2.63788310e-05 -4.78839224e-03 -1.58088089e-06 -3.87846601e-06
  -3.40146174e-03 -1.34318872e-06 -4.16648184e-03 -1.79745872e-06
   2.40446411e-03  5.95667633e-09 -2.30612006e-06 -6.49343969e-02
  -1.07515691e-05 -2.63788311e-05  4.78839223e-03  1.58088038e-06
   3.87846596e-06 -3.40146175e-03 -1.34318868e-06 -4.16648185e-03
  -1.79745876e-06  2.40446411e-03]
 [ 3.70235439e-08 -1.63323989e-06  1.07515687e-05  6.49267497e-02
   1.86526493e-05 -1.58088125e-06 -4.78726761e-03 -2.74248886e-06
  -4.88257416e-07 -8.47681098e-07 -2.94614521e-03 -1.34318860e-06
  -5.10132506e-03  3.70217907e-08 -1.63323959e-06 -1.07515672e-05
  -6.49267496e-02 -1.86526491e-05  1.58088038e-06  4.78726760e-03
   2.74248879e-06 -4.88257208e-07 -8.47681162e-07 -2.94614522e-03
  -1.34318854e-06 -5.10132506e-03]
 [ 4.51413224e-08 -3.99704099e-06  2.63788323e-05  1.86526525e-05
   6.49648427e-02 -3.87846607e-06 -2.74248905e-06 -4.79286837e-03
  -1.34318871e-06 -3.40301193e-03 -2.34970415e-06 -4.81258529e-03
  -4.74888886e-07  4.51371091e-08 -3.99704034e-06 -2.63788321e-05
  -1.86526521e-05 -6.49648426e-02  3.87846596e-06  2.74248879e-06
   4.79286836e-03 -1.34318878e-06 -3.40301193e-03 -2.34970412e-06
  -4.81258529e-03 -4.74888705e-07]
 [ 1.21383986e-06  1.59408591e-06 -4.61265286e-02  9.65508694e-07
   3.96680814e-07  3.40146175e-03  4.88257571e-07  1.34318881e-06
   2.41624826e-03 -4.81799156e-08  2.95929452e-03 -1.40680910e-07
  -1.70870113e-03  1.21384143e-06  1.59408566e-06  4.61265286e-02
  -9.65509240e-07 -3.96680736e-07 -3.40146175e-03 -4.88257208e-07
  -1.34318878e-06  2.41624826e-03 -4.81799437e-08  2.95929452e-03
  -1.40680886e-07 -1.70870113e-03]
 [ 2.10007369e-06  2.76218870e-06  3.96681962e-07  1.66533104e-06
  -4.61260725e-02  1.34318875e-06  8.47681345e-07  3.40301194e-03
  -4.81799910e-08  2.41619268e-03 -2.35104098e-07  3.41701222e-03
  -1.25850283e-07  2.10007668e-06  2.76218824e-06 -3.96682125e-07
  -1.66533134e-06  4.61260724e-02 -1.34318868e-06 -8.47681162e-07
  -3.40301193e-03 -4.81799437e-08  2.41619269e-03 -2.35104117e-07
   3.41701222e-03 -1.25850411e-07]
 [ 2.22525310e-06  2.92956038e-06 -5.64942403e-02 -3.99474575e-02
   2.32782092e-06  4.16648185e-03  2.94614522e-03  2.34970420e-06
   2.95929452e-03 -2.35104122e-07  5.43674861e-03 -3.32487463e-07
   1.04626797e-03  2.22525611e-06  2.92955988e-06  5.64942402e-02
   3.99474575e-02 -2.32782090e-06 -4.16648185e-03 -2.94614522e-03
  -2.34970412e-06  2.95929452e-03 -2.35104117e-07  5.43674861e-03
  -3.32487467e-07  1.04626797e-03]
 [ 2.96995262e-06  3.90632449e-06  1.94582835e-06  3.96681706e-07
  -6.52321127e-02  1.79745886e-06  1.34318880e-06  4.81258530e-03
  -1.40680953e-07  3.41701222e-03 -3.32487440e-07  4.83238469e-03
   2.72065915e-08  2.96995685e-06  3.90632383e-06 -1.94582858e-06
  -3.96682128e-07  6.52321126e-02 -1.79745876e-06 -1.34318854e-06
  -4.81258529e-03 -1.40680886e-07  3.41701222e-03 -3.32487467e-07
   4.83238469e-03  2.72064100e-08]
 [ 4.32392877e-07  5.64992013e-07  3.26178271e-02 -6.91914899e-02
   1.40248804e-07 -2.40446412e-03  5.10132507e-03  4.74888754e-07
  -1.70870113e-03 -1.25850499e-07  1.04626797e-03  2.72064845e-08
   6.64506618e-03  4.32393630e-07  5.64991881e-07 -3.26178271e-02
   6.91914898e-02 -1.40248980e-07  2.40446411e-03 -5.10132506e-03
  -4.74888705e-07 -1.70870113e-03 -1.25850411e-07  1.04626797e-03
   2.72064100e-08  6.64506619e-03]]
[[ 4.86019600e-01 -1.82382271e-08  2.98916582e-08 -3.59333725e-05
  -3.00289269e-07  1.68879818e-07 -5.61744454e-05 -1.06085899e+00
  -9.78847134e-08  8.36905468e-12 -1.11884907e-07 -1.71251353e-09
  -6.34487882e-05 -1.37465328e-07  7.72471061e-08 -1.10789192e-04
  -1.12103062e-10  8.22571174e-09  1.88493450e-08 -8.55362101e-09
   1.33657073e-04  1.05999463e-04  6.64712909e-08  1.19963984e-07
   1.03160526e+00 -1.20253342e+00]
 [-1.70327143e-02 -1.22137642e-08 -1.27613493e-08 -4.87021382e-05
  -1.56021224e-08  2.71233116e-08 -4.68574115e-05  1.68941129e-01
   1.96859072e-08  1.67221500e-12 -1.42129808e-07  3.82580792e-09
  -7.79478272e-05 -2.16494479e-08 -1.25917859e-08 -1.18108922e-04
  -1.35782094e-10 -6.03060982e-09  6.24723136e-08 -3.45724161e-08
   1.62331480e-04  1.10753067e-04 -5.75783100e-07  4.47485756e-07
   1.23947520e+00 -1.24617949e+00]
 [-2.99736843e-06  4.64578263e-01 -3.55946483e-01  3.12650266e-01
   6.92178264e-01  1.65548433e-01  3.79862831e-01 -4.05193802e-06
  -1.79031965e-06  1.53914123e-06  3.48714532e-01 -7.68156278e-02
   1.90078987e-01  1.04192347e-01  3.76516317e-03  5.56984814e-02
   1.32400565e-06 -1.55700047e-06  2.71087688e-01  3.75583616e-02
   1.46189848e-01  6.89065014e-01  1.24837037e+00  2.85881160e-01
   5.08849004e-06  4.07330132e-05]
 [-2.12596261e-06  2.79895898e-01  5.59515310e-01  2.21091900e-01
  -3.13672080e-01  6.92580932e-01  2.69731064e-01 -2.43112365e-06
  -1.19690881e-06 -2.17667033e-06  1.04973606e-02  3.81233315e-01
   1.34833184e-01 -2.49853476e-02  1.08584717e-01  3.94436837e-02
  -1.87200271e-06 -9.51117381e-07 -9.41842585e-02  2.76946420e-01
   1.03462277e-01  4.78778218e-01 -5.52200258e-01  1.25730525e+00
   3.59996934e-06  2.89867818e-05]
 [-5.19845429e-06 -3.82237733e-01 -2.29149647e-02  5.41896382e-01
  -2.70763132e-01 -3.79129447e-01  6.58604188e-01 -6.55785804e-06
   1.53913915e-06 -9.76506198e-08 -2.04728082e-01 -1.11292883e-01
   3.30675848e-01 -4.98864637e-02 -4.65200318e-02  9.65757466e-02
  -2.11594923e-07  1.32374668e-06 -1.17978958e-01 -1.34789718e-01
   2.53314522e-01  1.18782124e+00 -5.01613529e-01 -6.72626989e-01
   8.81549372e-06  7.07469852e-05]
 [-1.71498852e-06 -3.42509447e-02  2.62420958e-02 -2.30742566e-02
  -1.42956858e-01 -3.41910097e-02 -7.84764357e-02  2.20350528e-06
   1.52858114e-06 -1.31961740e-06  1.40200685e-01 -3.08838575e-02
   7.63692606e-02  7.00781138e-01  2.53242722e-02  3.74390140e-01
  -1.15055740e-06  1.49489122e-06 -1.10792758e+00 -1.53500271e-01
  -5.97584445e-01 -6.00454058e-01 -1.08782141e+00 -2.49114842e-01
   8.21578081e-05 -8.52890436e-05]
 [-1.24270476e-06 -2.06352562e-02 -4.12501417e-02 -1.63170409e-02
   6.47832464e-02 -1.43039993e-01 -5.57240814e-02  1.47111949e-06
   1.05541937e-06  1.86622044e-06  4.22029521e-03  1.53274864e-01
   5.41728425e-02 -1.68047569e-01  7.30325113e-01  2.65130610e-01
   1.62566660e-06  1.75119188e-07  3.84928073e-01 -1.13187225e+00
  -4.22925768e-01 -4.17209271e-01  4.81183516e-01 -1.09560697e+00
   5.81299694e-05 -6.04515566e-05]
 [-3.00231595e-06  2.81803820e-02  1.68940084e-03 -3.99930766e-02
   5.59211695e-02  7.83023255e-02 -1.36061981e-01  3.72431293e-06
  -1.31961882e-06  3.60118022e-08 -8.23111371e-02 -4.47453300e-02
   1.32858217e-01 -3.35529104e-01 -3.12886751e-01  6.49157073e-01
   1.24602650e-06 -1.14964954e-06  4.82176519e-01  5.50881668e-01
  -1.03548058e+00 -1.03507223e+00  4.37102588e-01  5.86122440e-01
   1.42339254e-04 -1.47876697e-04]
 [ 3.58830549e-08 -2.43359305e-02  1.86461946e-02 -1.63769975e-02
   3.04123937e-02  7.27451476e-03  1.66911227e-02  1.71789950e-08
   4.66988662e-01 -1.16696141e-06  3.26969834e-01 -7.20240332e-02
   1.78218003e-01 -8.70814498e-02 -3.14732858e-03 -4.65302808e-02
  -2.96535866e-06  8.89362124e-01  2.53295893e-01  3.50938977e-02
   1.36605914e-01 -4.21780478e-01 -7.64133281e-01 -1.74988956e-01
  -7.28898993e-06 -3.34502258e-05]
 [ 6.25359742e-08  2.00233495e-02  1.20124352e-03 -2.83851868e-02
  -1.18972594e-02 -1.66568492e-02  2.89389861e-02  1.01488647e-07
   8.49244551e-07  4.66988517e-01 -1.91961851e-01 -1.04350288e-01
   3.10041630e-01  4.16941848e-02  3.88796395e-02 -8.06790465e-02
   8.89362898e-01  4.71908015e-06 -1.10236825e-01 -1.25941888e-01
   2.36708616e-01 -7.27071837e-01  3.07039765e-01  4.11718265e-01
  -1.26372124e-05 -5.80410664e-05]
 [ 6.33684489e-08 -4.25047530e-02 -2.54649164e-03 -3.00871344e-02
   2.53109829e-02  3.52603268e-02  3.07064518e-02  1.13558871e-07
  -2.85970541e-01  6.17333406e-07  4.08974870e-01  2.21355112e-01
   3.27754170e-01 -8.85672843e-02 -8.24474575e-02 -8.55242653e-02
   2.35326097e-06 -5.44623264e-01  2.34008051e-01  2.67079849e-01
   2.51034568e-01 -7.70373199e-01 -6.43148236e-01 -8.80812338e-01
  -1.34062940e-05 -6.15416676e-05]
 [ 8.84391189e-08  2.83173986e-02  1.69701055e-03 -4.01427133e-02
  -1.68232522e-02 -2.35577690e-02  4.09258856e-02  1.43521811e-07
  -9.37495968e-07 -3.30210699e-01 -2.71472691e-01 -1.47578017e-01
   4.38465119e-01  5.89635270e-02  5.49851825e-02 -1.14097444e-01
  -6.28875026e-01 -1.47703517e-06 -1.55894956e-01 -1.78110147e-01
   3.34754826e-01 -1.02823499e+00  4.34220315e-01  5.82257302e-01
  -1.78716975e-05 -8.20824736e-05]
 [ 1.99929062e-08 -4.78437629e-03 -5.71498351e-02 -5.79130177e-03
  -4.21764403e-02  4.05012321e-02  5.97550507e-03  5.20721698e-08
   1.65105401e-01  9.29016314e-08 -2.16436283e-01  5.87117876e-01
   6.36102419e-02  9.28984270e-02 -1.33903207e-01 -1.65248784e-02
  -3.83836893e-06  3.14437240e-01 -3.11109210e-01  3.63338434e-01
   4.84241617e-02 -1.41350224e-01  1.04733067e+00 -1.03066748e+00
  -2.58137945e-06 -1.19608882e-05]
 [ 4.86019600e-01 -1.82368682e-08  2.98902093e-08 -3.59334243e-05
   3.00290236e-07 -1.68879307e-07  5.61744531e-05  1.06085899e+00
   9.78847902e-08 -8.53910127e-12 -1.11888026e-07 -1.70578154e-09
  -6.34487887e-05  1.37463661e-07 -7.72466697e-08  1.10789186e-04
  -1.11557375e-10  8.22976247e-09  1.88478924e-08 -8.55348022e-09
   1.33657118e-04 -1.05999454e-04 -6.64706960e-08 -1.19961259e-07
   1.03160526e+00  1.20253343e+00]
 [-1.70327142e-02 -1.22137058e-08 -1.27610290e-08 -4.87021300e-05
   1.56022569e-08 -2.71230432e-08  4.68574120e-05 -1.68941129e-01
  -1.96854784e-08 -1.66758823e-12 -1.42129420e-07  3.82507822e-09
  -7.79478272e-05  2.16488116e-08  1.25911510e-08  1.18108921e-04
  -1.35868042e-10 -6.03048955e-09  6.24731026e-08 -3.45705548e-08
   1.62331473e-04 -1.10753062e-04  5.75783513e-07 -4.47482303e-07
   1.23947520e+00  1.24617949e+00]
 [ 2.99735482e-06 -4.64578262e-01  3.55946483e-01 -3.12650265e-01
   6.92178265e-01  1.65548433e-01  3.79862832e-01 -4.05194823e-06
  -1.79031806e-06  1.53914089e-06 -3.48714532e-01  7.68156278e-02
  -1.90078987e-01  1.04192348e-01  3.76516316e-03  5.56984816e-02
  -1.32400762e-06  1.55700449e-06 -2.71087688e-01 -3.75583616e-02
  -1.46189848e-01  6.89065014e-01  1.24837037e+00  2.85881160e-01
  -5.08849430e-06  4.07330134e-05]
 [ 2.12595470e-06 -2.79895897e-01 -5.59515309e-01 -2.21091899e-01
  -3.13672080e-01  6.92580933e-01  2.69731065e-01 -2.43112859e-06
  -1.19691134e-06 -2.17666897e-06 -1.04973606e-02 -3.81233315e-01
  -1.34833184e-01 -2.49853476e-02  1.08584718e-01  3.94436839e-02
   1.87200239e-06  9.51121214e-07  9.41842585e-02 -2.76946420e-01
  -1.03462277e-01  4.78778218e-01 -5.52200258e-01  1.25730525e+00
  -3.59997479e-06  2.89867823e-05]
 [ 5.19843423e-06  3.82237733e-01  2.29149646e-02 -5.41896382e-01
  -2.70763133e-01 -3.79129447e-01  6.58604189e-01 -6.55787408e-06
   1.53913895e-06 -9.76504930e-08  2.04728082e-01  1.11292883e-01
  -3.30675848e-01 -4.98864638e-02 -4.65200320e-02  9.65757469e-02
   2.11593592e-07 -1.32374607e-06  1.17978958e-01  1.34789718e-01
  -2.53314522e-01  1.18782124e+00 -5.01613529e-01 -6.72626989e-01
  -8.81549672e-06  7.07469848e-05]
 [ 1.71500162e-06  3.42509446e-02 -2.62420957e-02  2.30742566e-02
  -1.42956858e-01 -3.41910097e-02 -7.84764357e-02  2.20348298e-06
   1.52858059e-06 -1.31961792e-06 -1.40200685e-01  3.08838574e-02
  -7.63692603e-02  7.00781138e-01  2.53242722e-02  3.74390140e-01
   1.15055944e-06 -1.49489607e-06  1.10792758e+00  1.53500271e-01
   5.97584445e-01 -6.00454058e-01 -1.08782141e+00 -2.49114842e-01
  -8.21578036e-05 -8.52890444e-05]
 [ 1.24270995e-06  2.06352561e-02  4.12501416e-02  1.63170408e-02
   6.47832465e-02 -1.43039993e-01 -5.57240815e-02  1.47110440e-06
   1.05541999e-06  1.86622094e-06 -4.22029522e-03 -1.53274863e-01
  -5.41728423e-02 -1.68047569e-01  7.30325113e-01  2.65130610e-01
  -1.62566752e-06 -1.75120995e-07 -3.84928073e-01  1.13187225e+00
   4.22925768e-01 -4.17209271e-01  4.81183516e-01 -1.09560697e+00
  -5.81299642e-05 -6.04515580e-05]
 [ 3.00233430e-06 -2.81803819e-02 -1.68940084e-03  3.99930765e-02
   5.59211695e-02  7.83023256e-02 -1.36061981e-01  3.72426998e-06
  -1.31962037e-06  3.60123321e-08  8.23111368e-02  4.47453298e-02
  -1.32858216e-01 -3.35529104e-01 -3.12886751e-01  6.49157073e-01
  -1.24602559e-06  1.14964916e-06 -4.82176520e-01 -5.50881668e-01
   1.03548058e+00 -1.03507223e+00  4.37102588e-01  5.86122440e-01
  -1.42339251e-04 -1.47876696e-04]
 [ 3.58791450e-08 -2.43359305e-02  1.86461946e-02 -1.63769975e-02
  -3.04123936e-02 -7.27451475e-03 -1.66911227e-02 -1.71863547e-08
  -4.66988662e-01  1.16696141e-06  3.26969834e-01 -7.20240332e-02
   1.78218003e-01  8.70814495e-02  3.14732859e-03  4.65302806e-02
  -2.96535994e-06  8.89362124e-01  2.53295893e-01  3.50938978e-02
   1.36605914e-01  4.21780478e-01  7.64133281e-01  1.74988956e-01
  -7.28899213e-06  3.34502252e-05]
 [ 6.25296569e-08  2.00233495e-02  1.20124352e-03 -2.83851868e-02
   1.18972594e-02  1.66568492e-02 -2.89389861e-02 -1.01500548e-07
  -8.49243820e-07 -4.66988517e-01 -1.91961851e-01 -1.04350288e-01
   3.10041630e-01 -4.16941847e-02 -3.88796394e-02  8.06790462e-02
   8.89362898e-01  4.71908043e-06 -1.10236825e-01 -1.25941888e-01
   2.36708616e-01  7.27071837e-01 -3.07039765e-01 -4.11718265e-01
  -1.26372141e-05  5.80410666e-05]
 [ 6.33621525e-08 -4.25047530e-02 -2.54649164e-03 -3.00871344e-02
  -2.53109828e-02 -3.52603267e-02 -3.07064517e-02 -1.13568287e-07
   2.85970541e-01 -6.17334196e-07  4.08974870e-01  2.21355112e-01
   3.27754170e-01  8.85672841e-02  8.24474573e-02  8.55242651e-02
   2.35325901e-06 -5.44623264e-01  2.34008051e-01  2.67079849e-01
   2.51034568e-01  7.70373199e-01  6.43148236e-01  8.80812338e-01
  -1.34062998e-05  6.15416674e-05]
 [ 8.84305293e-08  2.83173986e-02  1.69701055e-03 -4.01427134e-02
   1.68232522e-02  2.35577690e-02 -4.09258855e-02 -1.43537672e-07
   9.37496220e-07  3.30210699e-01 -2.71472691e-01 -1.47578017e-01
   4.38465119e-01 -5.89635269e-02 -5.49851823e-02  1.14097443e-01
  -6.28875026e-01 -1.47703510e-06 -1.55894956e-01 -1.78110147e-01
   3.34754826e-01  1.02823499e+00 -4.34220315e-01 -5.82257302e-01
  -1.78716999e-05  8.20824739e-05]
 [ 1.99919501e-08 -4.78437629e-03 -5.71498352e-02 -5.79130177e-03
   4.21764403e-02 -4.05012320e-02 -5.97550506e-03 -5.20797923e-08
  -1.65105401e-01 -9.29017762e-08 -2.16436283e-01  5.87117876e-01
   6.36102419e-02 -9.28984267e-02  1.33903207e-01  1.65248784e-02
  -3.83836790e-06  3.14437240e-01 -3.11109210e-01  3.63338434e-01
   4.84241617e-02  1.41350224e-01 -1.04733067e+00  1.03066748e+00
  -2.58138245e-06  1.19608875e-05]]
[2. 2. 2. 2. 0. 0. 0. 0. 0. 0. 0. 0. 0. 0. 0. 0. 0. 0. 0. 0. 0. 0. 0. 0.
 0. 0.]
~/packages/PeriodicIntegrals/PeriodicIntegrals-junjie-benchmark/isdfx/isdfx.py +4733
[[ 4.72430106e-01 -1.65564625e-02 -2.54209424e-05 -1.79324341e-05
  -4.39848577e-05 -5.94616142e-09 -3.70184942e-08 -4.51234826e-08
   1.21384366e-06  2.10007983e-06  2.22525922e-06  2.96996097e-06
   4.32393807e-07  4.72430106e-01 -1.65564624e-02  2.54209291e-05
   1.79324264e-05  4.39848382e-05  5.95889670e-09  3.70235439e-08
   4.51413224e-08  1.21383986e-06  2.10007369e-06  2.22525310e-06
   2.96995262e-06  4.32392877e-07]
 [-1.65564625e-02  5.80231455e-04 -3.03536300e-05 -2.14839922e-05
  -5.25960154e-05  2.30611999e-06  1.63323971e-06  3.99704037e-06
   1.59408578e-06  2.76218848e-06  2.92956016e-06  3.90632419e-06
   5.64991980e-07 -1.65564625e-02  5.80231454e-04  3.03536305e-05
   2.14839924e-05  5.25960160e-05 -2.30612043e-06 -1.63323989e-06
  -3.99704099e-06  1.59408591e-06  2.76218870e-06  2.92956038e-06
   3.90632449e-06  5.64992013e-07]
 [-2.54209424e-05 -3.03536300e-05  8.80562099e-01  9.68804582e-07
   2.41386872e-06 -6.49343971e-02 -1.07515756e-05 -2.63788329e-05
  -4.61265286e-02  3.96681424e-07 -5.64942402e-02  1.94582881e-06
   3.26178271e-02 -2.54209724e-05 -3.03536251e-05 -8.80562098e-01
  -9.68794123e-07 -2.41387017e-06  6.49343970e-02  1.07515687e-05
   2.63788323e-05 -4.61265286e-02  3.96681962e-07 -5.64942403e-02
   1.94582835e-06  3.26178271e-02]
 [-1.79324341e-05 -2.14839922e-05  9.68804582e-07  8.80561448e-01
   1.70686861e-06 -1.07515816e-05 -6.49267498e-02 -1.86526534e-05
   9.65505867e-07  1.66533191e-06 -3.99474575e-02  3.96680974e-07
  -6.91914899e-02 -1.79324578e-05 -2.14839882e-05 -9.68784571e-07
  -8.80561446e-01 -1.70686705e-06  1.07515699e-05  6.49267497e-02
   1.86526525e-05  9.65508694e-07  1.66533104e-06 -3.99474575e-02
   3.96681706e-07 -6.91914899e-02]
 [-4.39848577e-05 -5.25960154e-05  2.41386872e-06  1.70686861e-06
   8.80564939e-01 -2.63788324e-05 -1.86526528e-05 -6.49648428e-02
   3.96681717e-07 -4.61260724e-02  2.32782057e-06 -6.52321126e-02
   1.40246355e-07 -4.39849148e-05 -5.25960066e-05 -2.41386557e-06
  -1.70686289e-06 -8.80564938e-01  2.63788310e-05  1.86526493e-05
   6.49648427e-02  3.96680814e-07 -4.61260725e-02  2.32782092e-06
  -6.52321127e-02  1.40248804e-07]
 [-5.94616142e-09  2.30611999e-06 -6.49343971e-02 -1.07515816e-05
  -2.63788324e-05  4.78839225e-03  1.58088176e-06  3.87846611e-06
   3.40146175e-03  1.34318879e-06  4.16648185e-03  1.79745882e-06
  -2.40446411e-03 -5.94394105e-09  2.30611962e-06  6.49343970e-02
   1.07515808e-05  2.63788324e-05 -4.78839224e-03 -1.58088125e-06
  -3.87846607e-06  3.40146175e-03  1.34318875e-06  4.16648185e-03
   1.79745886e-06 -2.40446412e-03]
 [-3.70184942e-08  1.63323971e-06 -1.07515756e-05 -6.49267498e-02
  -1.86526528e-05  1.58088176e-06  4.78726762e-03  2.74248912e-06
   4.88257779e-07  8.47681281e-07  2.94614522e-03  1.34318885e-06
   5.10132507e-03 -3.70167410e-08  1.63323942e-06  1.07515741e-05
   6.49267498e-02  1.86526526e-05 -1.58088089e-06 -4.78726761e-03
  -2.74248905e-06  4.88257571e-07  8.47681345e-07  2.94614522e-03
   1.34318880e-06  5.10132507e-03]
 [-4.51234826e-08  3.99704037e-06 -2.63788329e-05 -1.86526534e-05
  -6.49648428e-02  3.87846611e-06  2.74248912e-06  4.79286838e-03
   1.34318874e-06  3.40301194e-03  2.34970423e-06  4.81258530e-03
   4.74888934e-07 -4.51192694e-08  3.99703972e-06  2.63788327e-05
   1.86526530e-05  6.49648427e-02 -3.87846601e-06 -2.74248886e-06
  -4.79286837e-03  1.34318881e-06  3.40301194e-03  2.34970420e-06
   4.81258530e-03  4.74888754e-07]
 [ 1.21384366e-06  1.59408578e-06 -4.61265286e-02  9.65505867e-07
   3.96681717e-07  3.40146175e-03  4.88257779e-07  1.34318874e-06
   2.41624826e-03 -4.81799629e-08  2.95929452e-03 -1.40680977e-07
  -1.70870113e-03  1.21384523e-06  1.59408552e-06  4.61265285e-02
  -9.65506414e-07 -3.96681640e-07 -3.40146174e-03 -4.88257416e-07
  -1.34318871e-06  2.41624826e-03 -4.81799910e-08  2.95929452e-03
  -1.40680953e-07 -1.70870113e-03]
 [ 2.10007983e-06  2.76218848e-06  3.96681424e-07  1.66533191e-06
  -4.61260724e-02  1.34318879e-06  8.47681281e-07  3.40301194e-03
  -4.81799629e-08  2.41619268e-03 -2.35104103e-07  3.41701222e-03
  -1.25850371e-07  2.10008282e-06  2.76218802e-06 -3.96681588e-07
  -1.66533221e-06  4.61260724e-02 -1.34318872e-06 -8.47681098e-07
  -3.40301193e-03 -4.81799156e-08  2.41619268e-03 -2.35104122e-07
   3.41701222e-03 -1.25850499e-07]
 [ 2.22525922e-06  2.92956016e-06 -5.64942402e-02 -3.99474575e-02
   2.32782057e-06  4.16648185e-03  2.94614522e-03  2.34970423e-06
   2.95929452e-03 -2.35104103e-07  5.43674860e-03 -3.32487437e-07
   1.04626797e-03  2.22526222e-06  2.92955966e-06  5.64942402e-02
   3.99474575e-02 -2.32782054e-06 -4.16648184e-03 -2.94614521e-03
  -2.34970415e-06  2.95929452e-03 -2.35104098e-07  5.43674861e-03
  -3.32487440e-07  1.04626797e-03]
 [ 2.96996097e-06  3.90632419e-06  1.94582881e-06  3.96680974e-07
  -6.52321126e-02  1.79745882e-06  1.34318885e-06  4.81258530e-03
  -1.40680977e-07  3.41701222e-03 -3.32487437e-07  4.83238468e-03
   2.72066659e-08  2.96996520e-06  3.90632354e-06 -1.94582904e-06
  -3.96681396e-07  6.52321125e-02 -1.79745872e-06 -1.34318860e-06
  -4.81258529e-03 -1.40680910e-07  3.41701222e-03 -3.32487463e-07
   4.83238469e-03  2.72064845e-08]
 [ 4.32393807e-07  5.64991980e-07  3.26178271e-02 -6.91914899e-02
   1.40246355e-07 -2.40446411e-03  5.10132507e-03  4.74888934e-07
  -1.70870113e-03 -1.25850371e-07  1.04626797e-03  2.72066659e-08
   6.64506618e-03  4.32394559e-07  5.64991848e-07 -3.26178271e-02
   6.91914898e-02 -1.40246530e-07  2.40446411e-03 -5.10132506e-03
  -4.74888886e-07 -1.70870113e-03 -1.25850283e-07  1.04626797e-03
   2.72065915e-08  6.64506618e-03]
 [ 4.72430106e-01 -1.65564625e-02 -2.54209724e-05 -1.79324578e-05
  -4.39849148e-05 -5.94394105e-09 -3.70167410e-08 -4.51192694e-08
   1.21384523e-06  2.10008282e-06  2.22526222e-06  2.96996520e-06
   4.32394559e-07  4.72430106e-01 -1.65564624e-02  2.54209592e-05
   1.79324501e-05  4.39848953e-05  5.95667633e-09  3.70217907e-08
   4.51371091e-08  1.21384143e-06  2.10007668e-06  2.22525611e-06
   2.96995685e-06  4.32393630e-07]
 [-1.65564624e-02  5.80231454e-04 -3.03536251e-05 -2.14839882e-05
  -5.25960066e-05  2.30611962e-06  1.63323942e-06  3.99703972e-06
   1.59408552e-06  2.76218802e-06  2.92955966e-06  3.90632354e-06
   5.64991848e-07 -1.65564624e-02  5.80231453e-04  3.03536255e-05
   2.14839884e-05  5.25960073e-05 -2.30612006e-06 -1.63323959e-06
  -3.99704034e-06  1.59408566e-06  2.76218824e-06  2.92955988e-06
   3.90632383e-06  5.64991881e-07]
 [ 2.54209291e-05  3.03536305e-05 -8.80562098e-01 -9.68784571e-07
  -2.41386557e-06  6.49343970e-02  1.07515741e-05  2.63788327e-05
   4.61265285e-02 -3.96681588e-07  5.64942402e-02 -1.94582904e-06
  -3.26178271e-02  2.54209592e-05  3.03536255e-05  8.80562097e-01
   9.68774113e-07  2.41386703e-06 -6.49343969e-02 -1.07515672e-05
  -2.63788321e-05  4.61265286e-02 -3.96682125e-07  5.64942402e-02
  -1.94582858e-06 -3.26178271e-02]
 [ 1.79324264e-05  2.14839924e-05 -9.68794123e-07 -8.80561446e-01
  -1.70686289e-06  1.07515808e-05  6.49267498e-02  1.86526530e-05
  -9.65506414e-07 -1.66533221e-06  3.99474575e-02 -3.96681396e-07
   6.91914898e-02  1.79324501e-05  2.14839884e-05  9.68774113e-07
   8.80561445e-01  1.70686134e-06 -1.07515691e-05 -6.49267496e-02
  -1.86526521e-05 -9.65509240e-07 -1.66533134e-06  3.99474575e-02
  -3.96682128e-07  6.91914898e-02]
 [ 4.39848382e-05  5.25960160e-05 -2.41387017e-06 -1.70686705e-06
  -8.80564938e-01  2.63788324e-05  1.86526526e-05  6.49648427e-02
  -3.96681640e-07  4.61260724e-02 -2.32782054e-06  6.52321125e-02
  -1.40246530e-07  4.39848953e-05  5.25960073e-05  2.41386703e-06
   1.70686134e-06  8.80564937e-01 -2.63788311e-05 -1.86526491e-05
  -6.49648426e-02 -3.96680736e-07  4.61260724e-02 -2.32782090e-06
   6.52321126e-02 -1.40248980e-07]
 [ 5.95889670e-09 -2.30612043e-06  6.49343970e-02  1.07515699e-05
   2.63788310e-05 -4.78839224e-03 -1.58088089e-06 -3.87846601e-06
  -3.40146174e-03 -1.34318872e-06 -4.16648184e-03 -1.79745872e-06
   2.40446411e-03  5.95667633e-09 -2.30612006e-06 -6.49343969e-02
  -1.07515691e-05 -2.63788311e-05  4.78839223e-03  1.58088038e-06
   3.87846596e-06 -3.40146175e-03 -1.34318868e-06 -4.16648185e-03
  -1.79745876e-06  2.40446411e-03]
 [ 3.70235439e-08 -1.63323989e-06  1.07515687e-05  6.49267497e-02
   1.86526493e-05 -1.58088125e-06 -4.78726761e-03 -2.74248886e-06
  -4.88257416e-07 -8.47681098e-07 -2.94614521e-03 -1.34318860e-06
  -5.10132506e-03  3.70217907e-08 -1.63323959e-06 -1.07515672e-05
  -6.49267496e-02 -1.86526491e-05  1.58088038e-06  4.78726760e-03
   2.74248879e-06 -4.88257208e-07 -8.47681162e-07 -2.94614522e-03
  -1.34318854e-06 -5.10132506e-03]
 [ 4.51413224e-08 -3.99704099e-06  2.63788323e-05  1.86526525e-05
   6.49648427e-02 -3.87846607e-06 -2.74248905e-06 -4.79286837e-03
  -1.34318871e-06 -3.40301193e-03 -2.34970415e-06 -4.81258529e-03
  -4.74888886e-07  4.51371091e-08 -3.99704034e-06 -2.63788321e-05
  -1.86526521e-05 -6.49648426e-02  3.87846596e-06  2.74248879e-06
   4.79286836e-03 -1.34318878e-06 -3.40301193e-03 -2.34970412e-06
  -4.81258529e-03 -4.74888705e-07]
 [ 1.21383986e-06  1.59408591e-06 -4.61265286e-02  9.65508694e-07
   3.96680814e-07  3.40146175e-03  4.88257571e-07  1.34318881e-06
   2.41624826e-03 -4.81799156e-08  2.95929452e-03 -1.40680910e-07
  -1.70870113e-03  1.21384143e-06  1.59408566e-06  4.61265286e-02
  -9.65509240e-07 -3.96680736e-07 -3.40146175e-03 -4.88257208e-07
  -1.34318878e-06  2.41624826e-03 -4.81799437e-08  2.95929452e-03
  -1.40680886e-07 -1.70870113e-03]
 [ 2.10007369e-06  2.76218870e-06  3.96681962e-07  1.66533104e-06
  -4.61260725e-02  1.34318875e-06  8.47681345e-07  3.40301194e-03
  -4.81799910e-08  2.41619268e-03 -2.35104098e-07  3.41701222e-03
  -1.25850283e-07  2.10007668e-06  2.76218824e-06 -3.96682125e-07
  -1.66533134e-06  4.61260724e-02 -1.34318868e-06 -8.47681162e-07
  -3.40301193e-03 -4.81799437e-08  2.41619269e-03 -2.35104117e-07
   3.41701222e-03 -1.25850411e-07]
 [ 2.22525310e-06  2.92956038e-06 -5.64942403e-02 -3.99474575e-02
   2.32782092e-06  4.16648185e-03  2.94614522e-03  2.34970420e-06
   2.95929452e-03 -2.35104122e-07  5.43674861e-03 -3.32487463e-07
   1.04626797e-03  2.22525611e-06  2.92955988e-06  5.64942402e-02
   3.99474575e-02 -2.32782090e-06 -4.16648185e-03 -2.94614522e-03
  -2.34970412e-06  2.95929452e-03 -2.35104117e-07  5.43674861e-03
  -3.32487467e-07  1.04626797e-03]
 [ 2.96995262e-06  3.90632449e-06  1.94582835e-06  3.96681706e-07
  -6.52321127e-02  1.79745886e-06  1.34318880e-06  4.81258530e-03
  -1.40680953e-07  3.41701222e-03 -3.32487440e-07  4.83238469e-03
   2.72065915e-08  2.96995685e-06  3.90632383e-06 -1.94582858e-06
  -3.96682128e-07  6.52321126e-02 -1.79745876e-06 -1.34318854e-06
  -4.81258529e-03 -1.40680886e-07  3.41701222e-03 -3.32487467e-07
   4.83238469e-03  2.72064100e-08]
 [ 4.32392877e-07  5.64992013e-07  3.26178271e-02 -6.91914899e-02
   1.40248804e-07 -2.40446412e-03  5.10132507e-03  4.74888754e-07
  -1.70870113e-03 -1.25850499e-07  1.04626797e-03  2.72064845e-08
   6.64506618e-03  4.32393630e-07  5.64991881e-07 -3.26178271e-02
   6.91914898e-02 -1.40248980e-07  2.40446411e-03 -5.10132506e-03
  -4.74888705e-07 -1.70870113e-03 -1.25850411e-07  1.04626797e-03
   2.72064100e-08  6.64506619e-03]]
[[ 4.86019600e-01 -1.82382271e-08  2.98916582e-08 -3.59333725e-05
  -3.00289269e-07  1.68879818e-07 -5.61744454e-05 -1.06085899e+00
  -9.78847134e-08  8.36905468e-12 -1.11884907e-07 -1.71251353e-09
  -6.34487882e-05 -1.37465328e-07  7.72471061e-08 -1.10789192e-04
  -1.12103062e-10  8.22571174e-09  1.88493450e-08 -8.55362101e-09
   1.33657073e-04  1.05999463e-04  6.64712909e-08  1.19963984e-07
   1.03160526e+00 -1.20253342e+00]
 [-1.70327143e-02 -1.22137642e-08 -1.27613493e-08 -4.87021382e-05
  -1.56021224e-08  2.71233116e-08 -4.68574115e-05  1.68941129e-01
   1.96859072e-08  1.67221500e-12 -1.42129808e-07  3.82580792e-09
  -7.79478272e-05 -2.16494479e-08 -1.25917859e-08 -1.18108922e-04
  -1.35782094e-10 -6.03060982e-09  6.24723136e-08 -3.45724161e-08
   1.62331480e-04  1.10753067e-04 -5.75783100e-07  4.47485756e-07
   1.23947520e+00 -1.24617949e+00]
 [-2.99736843e-06  4.64578263e-01 -3.55946483e-01  3.12650266e-01
   6.92178264e-01  1.65548433e-01  3.79862831e-01 -4.05193802e-06
  -1.79031965e-06  1.53914123e-06  3.48714532e-01 -7.68156278e-02
   1.90078987e-01  1.04192347e-01  3.76516317e-03  5.56984814e-02
   1.32400565e-06 -1.55700047e-06  2.71087688e-01  3.75583616e-02
   1.46189848e-01  6.89065014e-01  1.24837037e+00  2.85881160e-01
   5.08849004e-06  4.07330132e-05]
 [-2.12596261e-06  2.79895898e-01  5.59515310e-01  2.21091900e-01
  -3.13672080e-01  6.92580932e-01  2.69731064e-01 -2.43112365e-06
  -1.19690881e-06 -2.17667033e-06  1.04973606e-02  3.81233315e-01
   1.34833184e-01 -2.49853476e-02  1.08584717e-01  3.94436837e-02
  -1.87200271e-06 -9.51117381e-07 -9.41842585e-02  2.76946420e-01
   1.03462277e-01  4.78778218e-01 -5.52200258e-01  1.25730525e+00
   3.59996934e-06  2.89867818e-05]
 [-5.19845429e-06 -3.82237733e-01 -2.29149647e-02  5.41896382e-01
  -2.70763132e-01 -3.79129447e-01  6.58604188e-01 -6.55785804e-06
   1.53913915e-06 -9.76506198e-08 -2.04728082e-01 -1.11292883e-01
   3.30675848e-01 -4.98864637e-02 -4.65200318e-02  9.65757466e-02
  -2.11594923e-07  1.32374668e-06 -1.17978958e-01 -1.34789718e-01
   2.53314522e-01  1.18782124e+00 -5.01613529e-01 -6.72626989e-01
   8.81549372e-06  7.07469852e-05]
 [-1.71498852e-06 -3.42509447e-02  2.62420958e-02 -2.30742566e-02
  -1.42956858e-01 -3.41910097e-02 -7.84764357e-02  2.20350528e-06
   1.52858114e-06 -1.31961740e-06  1.40200685e-01 -3.08838575e-02
   7.63692606e-02  7.00781138e-01  2.53242722e-02  3.74390140e-01
  -1.15055740e-06  1.49489122e-06 -1.10792758e+00 -1.53500271e-01
  -5.97584445e-01 -6.00454058e-01 -1.08782141e+00 -2.49114842e-01
   8.21578081e-05 -8.52890436e-05]
 [-1.24270476e-06 -2.06352562e-02 -4.12501417e-02 -1.63170409e-02
   6.47832464e-02 -1.43039993e-01 -5.57240814e-02  1.47111949e-06
   1.05541937e-06  1.86622044e-06  4.22029521e-03  1.53274864e-01
   5.41728425e-02 -1.68047569e-01  7.30325113e-01  2.65130610e-01
   1.62566660e-06  1.75119188e-07  3.84928073e-01 -1.13187225e+00
  -4.22925768e-01 -4.17209271e-01  4.81183516e-01 -1.09560697e+00
   5.81299694e-05 -6.04515566e-05]
 [-3.00231595e-06  2.81803820e-02  1.68940084e-03 -3.99930766e-02
   5.59211695e-02  7.83023255e-02 -1.36061981e-01  3.72431293e-06
  -1.31961882e-06  3.60118022e-08 -8.23111371e-02 -4.47453300e-02
   1.32858217e-01 -3.35529104e-01 -3.12886751e-01  6.49157073e-01
   1.24602650e-06 -1.14964954e-06  4.82176519e-01  5.50881668e-01
  -1.03548058e+00 -1.03507223e+00  4.37102588e-01  5.86122440e-01
