SLURMD_NODENAME = hpc-52-02
Start time = Mon Mar 17 03:31:37 PM PDT 2025
OMP_NUM_THREADS = 1
MKL_NUM_THREADS = 1
PYSCF_MAX_MEMORY = 327680
TMPDIR = /central/scratch/yangjunjie//run-scf-spc-diamond-prim-1-1-1-fftdf-occri-1-100-/48048527/
PYSCF_TMPDIR = /central/scratch/yangjunjie//run-scf-spc-diamond-prim-1-1-1-fftdf-occri-1-100-/48048527/

/home/junjiey/anaconda3/envs/fftisdf/bin/python
2.8.0
1.13.1
2.0.2
fft_engine = NUMPY+BLAS
name = diamond-prim
ke_cutoff =  1.00e+02
exxdiv = None
df = fftdf-occri
chk_path = ../../gdf-32/tmp/scf.h5
mesh = 1,1,1

Discarded 6 diffused primitive functions, 0 contracted functions
ke_cutoff = 100.0
None

******** <class 'ISDFX'> ********
lin_dep_thresh: 1e-10
alpha_cutoff: 2.8
rcut_epsilon: 1e-05
ke_epsilon: 1e-05
isdf_thresh: 0.0001
grid_vol_cutoff: 0.05
ke_step: 2.0
ao_tol: 1e-12
multigrid_on: False
direct_j: True
iterative_build: True
occRI: True
voronoi: True
fit_sparse_grid: False
fit_dense_grid: False
direct_k_sparse: True
direct_k: False
use_kpt_symm: False
kmesh: [1, 1, 1]
isdf_pts_from_q0: True
isdf_pts_from_gamma_point: False
alpha: None
do_real_isdf: False
N_xi: None
use_cell_periodic: False
isdf_thresh_sparse: None
ncopy: [1, 1, 1]
j_grid_mesh: None
k_grid_mesh: None
num_j_grids: 100
get_ao_from_pyscf: False
nuc_pp_version: 0
vppnl_ver: 0
universal_dense_grid: None
same_jk_grids: None
coulomb_only: False
max_memory   327680 MB (current use       93 MB)

Exchange function: getK_occRI  

cell mesh: [23 23 23]
nbas:  24
Grid     keMax    keMin    keGrid   expMax   expMin   nexp     lmax     PWs      mesh        
0        100.0    100.0    100.0    5.6      0.3      4        2        12167    [23 23 23]  

ISDF

atm      grid     Ng       NI       Nxi      sharp    on_grid  diffuse  maxexp   minexp   lmax     lmin    
-        1        12167    12167    12167    72       72       72       5.61     0.35     2        0       
ISDF-pts:       0.00
ISDF-vec:       0.00
Fit dense grids ISDF:       0.00
Fit sparse grids ISDF:       0.00

Grid     PWs      Ng_i     N_xi     N_mu    
0        12167    12167    12167    72      
1        12167    12167    12167    72      

nTHC: 24334
Mem Required (MB):       0.00
Curent RAM Use (MB) :        106 

Build W
ISDF-fft dense grids (sec):       0.00
Curent RAM Use (MB) :        106 
ISDF-fft:       0.00

Initial guess from minao.
Big error detected in the electron number of initial guess density matrix (Ne/cell = 8.1841)!
  This can cause huge error in Fock matrix and lead to instability in SCF for low-dimensional systems.
  DM is normalized wrt the number of electrons 8
Successfully loaded dm0 from ../../gdf-32/tmp/scf.h5
~/packages/PeriodicIntegrals/PeriodicIntegrals-junjie-benchmark/isdfx/isdfx.py +4733
[[ 4.72430106e-01 -1.65564625e-02 -2.54209424e-05 -1.79324341e-05
  -4.39848577e-05 -5.94616149e-09 -3.70184940e-08 -4.51234825e-08
   1.21384366e-06  2.10007983e-06  2.22525922e-06  2.96996097e-06
   4.32393807e-07  4.72430106e-01 -1.65564624e-02  2.54209291e-05
   1.79324264e-05  4.39848382e-05  5.95889680e-09  3.70235439e-08
   4.51413223e-08  1.21383986e-06  2.10007369e-06  2.22525310e-06
   2.96995262e-06  4.32392878e-07]
 [-1.65564625e-02  5.80231455e-04 -3.03536300e-05 -2.14839922e-05
  -5.25960154e-05  2.30611999e-06  1.63323971e-06  3.99704037e-06
   1.59408578e-06  2.76218848e-06  2.92956016e-06  3.90632419e-06
   5.64991980e-07 -1.65564625e-02  5.80231454e-04  3.03536305e-05
   2.14839924e-05  5.25960160e-05 -2.30612043e-06 -1.63323989e-06
  -3.99704099e-06  1.59408591e-06  2.76218870e-06  2.92956038e-06
   3.90632449e-06  5.64992013e-07]
 [-2.54209424e-05 -3.03536300e-05  8.80562099e-01  9.68804581e-07
   2.41386872e-06 -6.49343971e-02 -1.07515756e-05 -2.63788329e-05
  -4.61265286e-02  3.96681424e-07 -5.64942402e-02  1.94582881e-06
   3.26178271e-02 -2.54209724e-05 -3.03536251e-05 -8.80562098e-01
  -9.68794127e-07 -2.41387017e-06  6.49343970e-02  1.07515687e-05
   2.63788323e-05 -4.61265286e-02  3.96681961e-07 -5.64942403e-02
   1.94582835e-06  3.26178271e-02]
 [-1.79324341e-05 -2.14839922e-05  9.68804581e-07  8.80561448e-01
   1.70686861e-06 -1.07515816e-05 -6.49267498e-02 -1.86526534e-05
   9.65505867e-07  1.66533191e-06 -3.99474575e-02  3.96680973e-07
  -6.91914899e-02 -1.79324578e-05 -2.14839882e-05 -9.68784568e-07
  -8.80561446e-01 -1.70686706e-06  1.07515699e-05  6.49267497e-02
   1.86526525e-05  9.65508694e-07  1.66533104e-06 -3.99474575e-02
   3.96681705e-07 -6.91914899e-02]
 [-4.39848577e-05 -5.25960154e-05  2.41386872e-06  1.70686861e-06
   8.80564939e-01 -2.63788324e-05 -1.86526528e-05 -6.49648428e-02
   3.96681716e-07 -4.61260724e-02  2.32782057e-06 -6.52321126e-02
   1.40246355e-07 -4.39849148e-05 -5.25960066e-05 -2.41386558e-06
  -1.70686289e-06 -8.80564938e-01  2.63788310e-05  1.86526493e-05
   6.49648427e-02  3.96680814e-07 -4.61260725e-02  2.32782092e-06
  -6.52321127e-02  1.40248804e-07]
 [-5.94616149e-09  2.30611999e-06 -6.49343971e-02 -1.07515816e-05
  -2.63788324e-05  4.78839225e-03  1.58088176e-06  3.87846611e-06
   3.40146175e-03  1.34318879e-06  4.16648185e-03  1.79745882e-06
  -2.40446411e-03 -5.94394096e-09  2.30611962e-06  6.49343970e-02
   1.07515808e-05  2.63788324e-05 -4.78839224e-03 -1.58088125e-06
  -3.87846607e-06  3.40146175e-03  1.34318875e-06  4.16648185e-03
   1.79745886e-06 -2.40446412e-03]
 [-3.70184940e-08  1.63323971e-06 -1.07515756e-05 -6.49267498e-02
  -1.86526528e-05  1.58088176e-06  4.78726762e-03  2.74248912e-06
   4.88257779e-07  8.47681281e-07  2.94614522e-03  1.34318885e-06
   5.10132507e-03 -3.70167410e-08  1.63323942e-06  1.07515741e-05
   6.49267498e-02  1.86526526e-05 -1.58088089e-06 -4.78726761e-03
  -2.74248905e-06  4.88257571e-07  8.47681345e-07  2.94614522e-03
   1.34318880e-06  5.10132507e-03]
 [-4.51234825e-08  3.99704037e-06 -2.63788329e-05 -1.86526534e-05
  -6.49648428e-02  3.87846611e-06  2.74248912e-06  4.79286838e-03
   1.34318874e-06  3.40301194e-03  2.34970423e-06  4.81258530e-03
   4.74888934e-07 -4.51192694e-08  3.99703972e-06  2.63788327e-05
   1.86526530e-05  6.49648427e-02 -3.87846601e-06 -2.74248886e-06
  -4.79286837e-03  1.34318881e-06  3.40301194e-03  2.34970420e-06
   4.81258530e-03  4.74888754e-07]
 [ 1.21384366e-06  1.59408578e-06 -4.61265286e-02  9.65505867e-07
   3.96681716e-07  3.40146175e-03  4.88257779e-07  1.34318874e-06
   2.41624826e-03 -4.81799628e-08  2.95929452e-03 -1.40680977e-07
  -1.70870113e-03  1.21384523e-06  1.59408552e-06  4.61265285e-02
  -9.65506414e-07 -3.96681640e-07 -3.40146174e-03 -4.88257416e-07
  -1.34318871e-06  2.41624826e-03 -4.81799910e-08  2.95929452e-03
  -1.40680953e-07 -1.70870113e-03]
 [ 2.10007983e-06  2.76218848e-06  3.96681424e-07  1.66533191e-06
  -4.61260724e-02  1.34318879e-06  8.47681281e-07  3.40301194e-03
  -4.81799628e-08  2.41619268e-03 -2.35104103e-07  3.41701222e-03
  -1.25850371e-07  2.10008282e-06  2.76218802e-06 -3.96681588e-07
  -1.66533221e-06  4.61260724e-02 -1.34318872e-06 -8.47681098e-07
  -3.40301193e-03 -4.81799156e-08  2.41619268e-03 -2.35104122e-07
   3.41701222e-03 -1.25850499e-07]
 [ 2.22525922e-06  2.92956016e-06 -5.64942402e-02 -3.99474575e-02
   2.32782057e-06  4.16648185e-03  2.94614522e-03  2.34970423e-06
   2.95929452e-03 -2.35104103e-07  5.43674860e-03 -3.32487436e-07
   1.04626797e-03  2.22526222e-06  2.92955966e-06  5.64942402e-02
   3.99474575e-02 -2.32782054e-06 -4.16648184e-03 -2.94614521e-03
  -2.34970415e-06  2.95929452e-03 -2.35104098e-07  5.43674861e-03
  -3.32487440e-07  1.04626797e-03]
 [ 2.96996097e-06  3.90632419e-06  1.94582881e-06  3.96680973e-07
  -6.52321126e-02  1.79745882e-06  1.34318885e-06  4.81258530e-03
  -1.40680977e-07  3.41701222e-03 -3.32487436e-07  4.83238468e-03
   2.72066659e-08  2.96996520e-06  3.90632354e-06 -1.94582904e-06
  -3.96681397e-07  6.52321125e-02 -1.79745872e-06 -1.34318860e-06
  -4.81258529e-03 -1.40680910e-07  3.41701222e-03 -3.32487463e-07
   4.83238469e-03  2.72064845e-08]
 [ 4.32393807e-07  5.64991980e-07  3.26178271e-02 -6.91914899e-02
   1.40246355e-07 -2.40446411e-03  5.10132507e-03  4.74888934e-07
  -1.70870113e-03 -1.25850371e-07  1.04626797e-03  2.72066659e-08
   6.64506618e-03  4.32394559e-07  5.64991848e-07 -3.26178271e-02
   6.91914898e-02 -1.40246530e-07  2.40446411e-03 -5.10132506e-03
  -4.74888886e-07 -1.70870113e-03 -1.25850283e-07  1.04626797e-03
   2.72065914e-08  6.64506618e-03]
 [ 4.72430106e-01 -1.65564625e-02 -2.54209724e-05 -1.79324578e-05
  -4.39849148e-05 -5.94394096e-09 -3.70167410e-08 -4.51192694e-08
   1.21384523e-06  2.10008282e-06  2.22526222e-06  2.96996520e-06
   4.32394559e-07  4.72430106e-01 -1.65564624e-02  2.54209592e-05
   1.79324501e-05  4.39848952e-05  5.95667627e-09  3.70217909e-08
   4.51371092e-08  1.21384143e-06  2.10007668e-06  2.22525611e-06
   2.96995685e-06  4.32393630e-07]
 [-1.65564624e-02  5.80231454e-04 -3.03536251e-05 -2.14839882e-05
  -5.25960066e-05  2.30611962e-06  1.63323942e-06  3.99703972e-06
   1.59408552e-06  2.76218802e-06  2.92955966e-06  3.90632354e-06
   5.64991848e-07 -1.65564624e-02  5.80231453e-04  3.03536255e-05
   2.14839884e-05  5.25960073e-05 -2.30612006e-06 -1.63323959e-06
  -3.99704034e-06  1.59408566e-06  2.76218824e-06  2.92955988e-06
   3.90632383e-06  5.64991881e-07]
 [ 2.54209291e-05  3.03536305e-05 -8.80562098e-01 -9.68784568e-07
  -2.41386558e-06  6.49343970e-02  1.07515741e-05  2.63788327e-05
   4.61265285e-02 -3.96681588e-07  5.64942402e-02 -1.94582904e-06
  -3.26178271e-02  2.54209592e-05  3.03536255e-05  8.80562097e-01
   9.68774113e-07  2.41386703e-06 -6.49343969e-02 -1.07515672e-05
  -2.63788321e-05  4.61265286e-02 -3.96682125e-07  5.64942402e-02
  -1.94582858e-06 -3.26178271e-02]
 [ 1.79324264e-05  2.14839924e-05 -9.68794127e-07 -8.80561446e-01
  -1.70686289e-06  1.07515808e-05  6.49267498e-02  1.86526530e-05
  -9.65506414e-07 -1.66533221e-06  3.99474575e-02 -3.96681397e-07
   6.91914898e-02  1.79324501e-05  2.14839884e-05  9.68774113e-07
   8.80561445e-01  1.70686134e-06 -1.07515691e-05 -6.49267496e-02
  -1.86526521e-05 -9.65509240e-07 -1.66533134e-06  3.99474575e-02
  -3.96682128e-07  6.91914898e-02]
 [ 4.39848382e-05  5.25960160e-05 -2.41387017e-06 -1.70686706e-06
  -8.80564938e-01  2.63788324e-05  1.86526526e-05  6.49648427e-02
  -3.96681640e-07  4.61260724e-02 -2.32782054e-06  6.52321125e-02
  -1.40246530e-07  4.39848952e-05  5.25960073e-05  2.41386703e-06
   1.70686134e-06  8.80564937e-01 -2.63788311e-05 -1.86526491e-05
  -6.49648426e-02 -3.96680737e-07  4.61260724e-02 -2.32782090e-06
   6.52321126e-02 -1.40248979e-07]
 [ 5.95889680e-09 -2.30612043e-06  6.49343970e-02  1.07515699e-05
   2.63788310e-05 -4.78839224e-03 -1.58088089e-06 -3.87846601e-06
  -3.40146174e-03 -1.34318872e-06 -4.16648184e-03 -1.79745872e-06
   2.40446411e-03  5.95667627e-09 -2.30612006e-06 -6.49343969e-02
  -1.07515691e-05 -2.63788311e-05  4.78839223e-03  1.58088038e-06
   3.87846596e-06 -3.40146175e-03 -1.34318868e-06 -4.16648185e-03
  -1.79745876e-06  2.40446411e-03]
 [ 3.70235439e-08 -1.63323989e-06  1.07515687e-05  6.49267497e-02
   1.86526493e-05 -1.58088125e-06 -4.78726761e-03 -2.74248886e-06
  -4.88257416e-07 -8.47681098e-07 -2.94614521e-03 -1.34318860e-06
  -5.10132506e-03  3.70217909e-08 -1.63323959e-06 -1.07515672e-05
  -6.49267496e-02 -1.86526491e-05  1.58088038e-06  4.78726760e-03
   2.74248879e-06 -4.88257208e-07 -8.47681162e-07 -2.94614522e-03
  -1.34318854e-06 -5.10132506e-03]
 [ 4.51413223e-08 -3.99704099e-06  2.63788323e-05  1.86526525e-05
   6.49648427e-02 -3.87846607e-06 -2.74248905e-06 -4.79286837e-03
  -1.34318871e-06 -3.40301193e-03 -2.34970415e-06 -4.81258529e-03
  -4.74888886e-07  4.51371092e-08 -3.99704034e-06 -2.63788321e-05
  -1.86526521e-05 -6.49648426e-02  3.87846596e-06  2.74248879e-06
   4.79286836e-03 -1.34318878e-06 -3.40301193e-03 -2.34970412e-06
  -4.81258529e-03 -4.74888705e-07]
 [ 1.21383986e-06  1.59408591e-06 -4.61265286e-02  9.65508694e-07
   3.96680814e-07  3.40146175e-03  4.88257571e-07  1.34318881e-06
   2.41624826e-03 -4.81799156e-08  2.95929452e-03 -1.40680910e-07
  -1.70870113e-03  1.21384143e-06  1.59408566e-06  4.61265286e-02
  -9.65509240e-07 -3.96680737e-07 -3.40146175e-03 -4.88257208e-07
  -1.34318878e-06  2.41624826e-03 -4.81799437e-08  2.95929452e-03
  -1.40680886e-07 -1.70870113e-03]
 [ 2.10007369e-06  2.76218870e-06  3.96681961e-07  1.66533104e-06
  -4.61260725e-02  1.34318875e-06  8.47681345e-07  3.40301194e-03
  -4.81799910e-08  2.41619268e-03 -2.35104098e-07  3.41701222e-03
  -1.25850283e-07  2.10007668e-06  2.76218824e-06 -3.96682125e-07
  -1.66533134e-06  4.61260724e-02 -1.34318868e-06 -8.47681162e-07
  -3.40301193e-03 -4.81799437e-08  2.41619269e-03 -2.35104117e-07
   3.41701222e-03 -1.25850411e-07]
 [ 2.22525310e-06  2.92956038e-06 -5.64942403e-02 -3.99474575e-02
   2.32782092e-06  4.16648185e-03  2.94614522e-03  2.34970420e-06
   2.95929452e-03 -2.35104122e-07  5.43674861e-03 -3.32487463e-07
   1.04626797e-03  2.22525611e-06  2.92955988e-06  5.64942402e-02
   3.99474575e-02 -2.32782090e-06 -4.16648185e-03 -2.94614522e-03
  -2.34970412e-06  2.95929452e-03 -2.35104117e-07  5.43674861e-03
  -3.32487467e-07  1.04626797e-03]
 [ 2.96995262e-06  3.90632449e-06  1.94582835e-06  3.96681705e-07
  -6.52321127e-02  1.79745886e-06  1.34318880e-06  4.81258530e-03
  -1.40680953e-07  3.41701222e-03 -3.32487440e-07  4.83238469e-03
   2.72065914e-08  2.96995685e-06  3.90632383e-06 -1.94582858e-06
  -3.96682128e-07  6.52321126e-02 -1.79745876e-06 -1.34318854e-06
  -4.81258529e-03 -1.40680886e-07  3.41701222e-03 -3.32487467e-07
   4.83238469e-03  2.72064101e-08]
 [ 4.32392878e-07  5.64992013e-07  3.26178271e-02 -6.91914899e-02
   1.40248804e-07 -2.40446412e-03  5.10132507e-03  4.74888754e-07
  -1.70870113e-03 -1.25850499e-07  1.04626797e-03  2.72064845e-08
   6.64506618e-03  4.32393630e-07  5.64991881e-07 -3.26178271e-02
   6.91914898e-02 -1.40248979e-07  2.40446411e-03 -5.10132506e-03
  -4.74888705e-07 -1.70870113e-03 -1.25850411e-07  1.04626797e-03
   2.72064101e-08  6.64506619e-03]]
[[ 4.86019600e-01 -1.82382268e-08  2.98916568e-08 -3.59333725e-05
  -3.00289269e-07  1.68879815e-07 -5.61744454e-05 -1.06085899e+00
  -9.78847137e-08  8.36849612e-12 -1.11884906e-07 -1.71251200e-09
  -6.34487882e-05 -1.37465329e-07  7.72471062e-08 -1.10789192e-04
  -1.12103045e-10  8.22571176e-09  1.88493449e-08 -8.55362124e-09
   1.33657073e-04  1.05999463e-04  6.64712944e-08  1.19963987e-07
   1.03160526e+00 -1.20253342e+00]
 [-1.70327143e-02 -1.22137638e-08 -1.27613487e-08 -4.87021382e-05
  -1.56021230e-08  2.71233114e-08 -4.68574115e-05  1.68941129e-01
   1.96859072e-08  1.67234002e-12 -1.42129807e-07  3.82580943e-09
  -7.79478272e-05 -2.16494484e-08 -1.25917851e-08 -1.18108922e-04
  -1.35782088e-10 -6.03060980e-09  6.24723133e-08 -3.45724164e-08
   1.62331480e-04  1.10753067e-04 -5.75783097e-07  4.47485759e-07
   1.23947520e+00 -1.24617949e+00]
 [-2.99736843e-06  4.64578269e-01 -3.55946474e-01  3.12650266e-01
   6.92178262e-01  1.65548441e-01  3.79862831e-01 -4.05193801e-06
  -1.79031966e-06  1.53914121e-06  3.48714531e-01 -7.68156306e-02
   1.90078987e-01  1.04192347e-01  3.76516373e-03  5.56984814e-02
   1.32400565e-06 -1.55700048e-06  2.71087688e-01  3.75583610e-02
   1.46189848e-01  6.89065014e-01  1.24837037e+00  2.85881161e-01
   5.08849004e-06  4.07330132e-05]
 [-2.12596261e-06  2.79895887e-01  5.59515315e-01  2.21091900e-01
  -3.13672087e-01  6.92580929e-01  2.69731064e-01 -2.43112365e-06
  -1.19690879e-06 -2.17667034e-06  1.04973637e-02  3.81233314e-01
   1.34833184e-01 -2.49853481e-02  1.08584717e-01  3.94436837e-02
  -1.87200272e-06 -9.51117372e-07 -9.41842580e-02  2.76946420e-01
   1.03462277e-01  4.78778218e-01 -5.52200258e-01  1.25730525e+00
   3.59996934e-06  2.89867818e-05]
 [-5.19845429e-06 -3.82237733e-01 -2.29149718e-02  5.41896382e-01
  -2.70763128e-01 -3.79129450e-01  6.58604188e-01 -6.55785804e-06
   1.53913915e-06 -9.76506067e-08 -2.04728083e-01 -1.11292881e-01
   3.30675848e-01 -4.98864634e-02 -4.65200321e-02  9.65757466e-02
  -2.11594916e-07  1.32374668e-06 -1.17978959e-01 -1.34789718e-01
   2.53314522e-01  1.18782124e+00 -5.01613529e-01 -6.72626989e-01
   8.81549372e-06  7.07469852e-05]
 [-1.71498852e-06 -3.42509452e-02  2.62420951e-02 -2.30742566e-02
  -1.42956858e-01 -3.41910113e-02 -7.84764357e-02  2.20350528e-06
   1.52858115e-06 -1.31961738e-06  1.40200685e-01 -3.08838586e-02
   7.63692606e-02  7.00781138e-01  2.53242759e-02  3.74390140e-01
  -1.15055739e-06  1.49489123e-06 -1.10792758e+00 -1.53500268e-01
  -5.97584445e-01 -6.00454058e-01 -1.08782141e+00 -2.49114842e-01
   8.21578081e-05 -8.52890436e-05]
 [-1.24270476e-06 -2.06352554e-02 -4.12501420e-02 -1.63170409e-02
   6.47832480e-02 -1.43039992e-01 -5.57240814e-02  1.47111949e-06
   1.05541935e-06  1.86622045e-06  4.22029645e-03  1.53274864e-01
   5.41728425e-02 -1.68047573e-01  7.30325112e-01  2.65130610e-01
   1.62566660e-06  1.75119179e-07  3.84928070e-01 -1.13187225e+00
  -4.22925768e-01 -4.17209271e-01  4.81183517e-01 -1.09560697e+00
   5.81299694e-05 -6.04515566e-05]
 [-3.00231595e-06  2.81803819e-02  1.68940137e-03 -3.99930766e-02
   5.59211686e-02  7.83023261e-02 -1.36061981e-01  3.72431293e-06
  -1.31961882e-06  3.60117916e-08 -8.23111375e-02 -4.47453293e-02
   1.32858217e-01 -3.35529102e-01 -3.12886753e-01  6.49157073e-01
   1.24602649e-06 -1.14964954e-06  4.82176521e-01  5.50881667e-01
  -1.03548058e+00 -1.03507223e+00  4.37102588e-01  5.86122440e-01
   1.42339254e-04 -1.47876697e-04]
 [ 3.58830550e-08 -2.43359308e-02  1.86461941e-02 -1.63769975e-02
   3.04123936e-02  7.27451510e-03  1.66911227e-02  1.71789949e-08
   4.66988662e-01 -1.16306040e-06  3.26969833e-01 -7.20240358e-02
   1.78218003e-01 -8.70814498e-02 -3.14732905e-03 -4.65302808e-02
  -2.96082414e-06  8.89362124e-01  2.53295893e-01  3.50938972e-02
   1.36605914e-01 -4.21780478e-01 -7.64133281e-01 -1.74988956e-01
  -7.28898993e-06 -3.34502258e-05]
 [ 6.25359742e-08  2.00233495e-02  1.20124389e-03 -2.83851868e-02
  -1.18972592e-02 -1.66568493e-02  2.89389861e-02  1.01488647e-07
   8.45343546e-07  4.66988517e-01 -1.91961852e-01 -1.04350286e-01
   3.10041630e-01  4.16941846e-02  3.88796397e-02 -8.06790465e-02
   8.89362898e-01  4.71454563e-06 -1.10236825e-01 -1.25941888e-01
   2.36708616e-01 -7.27071837e-01  3.07039765e-01  4.11718265e-01
  -1.26372124e-05 -5.80410664e-05]
 [ 6.33684489e-08 -4.25047529e-02 -2.54649243e-03 -3.00871344e-02
   2.53109825e-02  3.52603270e-02  3.07064518e-02  1.13558871e-07
  -2.85970541e-01  6.14944542e-07  4.08974871e-01  2.21355109e-01
   3.27754170e-01 -8.85672839e-02 -8.24474580e-02 -8.55242653e-02
   2.35048414e-06 -5.44623264e-01  2.34008052e-01  2.67079848e-01
   2.51034568e-01 -7.70373199e-01 -6.43148236e-01 -8.80812338e-01
  -1.34062940e-05 -6.15416676e-05]
 [ 8.84391189e-08  2.83173986e-02  1.69701108e-03 -4.01427133e-02
  -1.68232519e-02 -2.35577692e-02  4.09258856e-02  1.43521811e-07
  -9.34737541e-07 -3.30210699e-01 -2.71472692e-01 -1.47578015e-01
   4.38465119e-01  5.89635267e-02  5.49851828e-02 -1.14097444e-01
  -6.28875026e-01 -1.47382878e-06 -1.55894957e-01 -1.78110146e-01
   3.34754826e-01 -1.02823499e+00  4.34220315e-01  5.82257302e-01
  -1.78716975e-05 -8.20824736e-05]
 [ 1.99929061e-08 -4.78437523e-03 -5.71498352e-02 -5.79130177e-03
  -4.21764408e-02  4.05012316e-02  5.97550507e-03  5.20721701e-08
   1.65105401e-01  9.42808454e-08 -2.16436279e-01  5.87117878e-01
   6.36102419e-02  9.28984277e-02 -1.33903207e-01 -1.65248784e-02
  -3.83676574e-06  3.14437240e-01 -3.11109209e-01  3.63338435e-01
   4.84241617e-02 -1.41350224e-01  1.04733067e+00 -1.03066748e+00
  -2.58137945e-06 -1.19608882e-05]
 [ 4.86019600e-01 -1.82368689e-08  2.98902106e-08 -3.59334243e-05
   3.00290237e-07 -1.68879304e-07  5.61744531e-05  1.06085899e+00
   9.78847904e-08 -8.53861502e-12 -1.11888025e-07 -1.70578053e-09
  -6.34487887e-05  1.37463662e-07 -7.72466698e-08  1.10789186e-04
  -1.11557246e-10  8.22976243e-09  1.88478922e-08 -8.55348037e-09
   1.33657118e-04 -1.05999454e-04 -6.64706995e-08 -1.19961263e-07
   1.03160526e+00  1.20253343e+00]
 [-1.70327142e-02 -1.22137054e-08 -1.27610288e-08 -4.87021300e-05
   1.56022577e-08 -2.71230430e-08  4.68574120e-05 -1.68941129e-01
  -1.96854785e-08 -1.66769687e-12 -1.42129419e-07  3.82507983e-09
  -7.79478272e-05  2.16488121e-08  1.25911503e-08  1.18108921e-04
  -1.35868092e-10 -6.03048955e-09  6.24731023e-08 -3.45705551e-08
   1.62331473e-04 -1.10753062e-04  5.75783509e-07 -4.47482307e-07
   1.23947520e+00  1.24617949e+00]
 [ 2.99735482e-06 -4.64578269e-01  3.55946474e-01 -3.12650265e-01
   6.92178263e-01  1.65548441e-01  3.79862832e-01 -4.05194823e-06
  -1.79031807e-06  1.53914087e-06 -3.48714532e-01  7.68156306e-02
  -1.90078987e-01  1.04192348e-01  3.76516372e-03  5.56984816e-02
  -1.32400761e-06  1.55700450e-06 -2.71087688e-01 -3.75583610e-02
  -1.46189848e-01  6.89065014e-01  1.24837037e+00  2.85881161e-01
  -5.08849430e-06  4.07330134e-05]
 [ 2.12595470e-06 -2.79895887e-01 -5.59515314e-01 -2.21091899e-01
  -3.13672088e-01  6.92580929e-01  2.69731065e-01 -2.43112859e-06
  -1.19691132e-06 -2.17666898e-06 -1.04973637e-02 -3.81233315e-01
  -1.34833184e-01 -2.49853482e-02  1.08584718e-01  3.94436839e-02
   1.87200239e-06  9.51121204e-07  9.41842580e-02 -2.76946420e-01
  -1.03462277e-01  4.78778218e-01 -5.52200258e-01  1.25730525e+00
  -3.59997479e-06  2.89867823e-05]
 [ 5.19843423e-06  3.82237732e-01  2.29149718e-02 -5.41896382e-01
  -2.70763128e-01 -3.79129450e-01  6.58604189e-01 -6.55787408e-06
   1.53913895e-06 -9.76504791e-08  2.04728083e-01  1.11292881e-01
  -3.30675848e-01 -4.98864636e-02 -4.65200322e-02  9.65757469e-02
   2.11593585e-07 -1.32374607e-06  1.17978959e-01  1.34789718e-01
  -2.53314522e-01  1.18782124e+00 -5.01613529e-01 -6.72626989e-01
  -8.81549672e-06  7.07469848e-05]
 [ 1.71500162e-06  3.42509451e-02 -2.62420951e-02  2.30742566e-02
  -1.42956858e-01 -3.41910113e-02 -7.84764357e-02  2.20348298e-06
   1.52858060e-06 -1.31961791e-06 -1.40200685e-01  3.08838585e-02
  -7.63692603e-02  7.00781138e-01  2.53242759e-02  3.74390140e-01
   1.15055943e-06 -1.49489607e-06  1.10792758e+00  1.53500268e-01
   5.97584445e-01 -6.00454058e-01 -1.08782141e+00 -2.49114842e-01
  -8.21578036e-05 -8.52890444e-05]
 [ 1.24270995e-06  2.06352554e-02  4.12501420e-02  1.63170408e-02
   6.47832481e-02 -1.43039992e-01 -5.57240815e-02  1.47110440e-06
   1.05541998e-06  1.86622094e-06 -4.22029646e-03 -1.53274863e-01
  -5.41728423e-02 -1.68047573e-01  7.30325112e-01  2.65130610e-01
  -1.62566752e-06 -1.75120985e-07 -3.84928070e-01  1.13187225e+00
   4.22925768e-01 -4.17209271e-01  4.81183517e-01 -1.09560697e+00
  -5.81299642e-05 -6.04515580e-05]
 [ 3.00233430e-06 -2.81803819e-02 -1.68940136e-03  3.99930765e-02
   5.59211686e-02  7.83023262e-02 -1.36061981e-01  3.72426998e-06
  -1.31962038e-06  3.60123213e-08  8.23111371e-02  4.47453291e-02
  -1.32858216e-01 -3.35529102e-01 -3.12886753e-01  6.49157073e-01
  -1.24602558e-06  1.14964917e-06 -4.82176521e-01 -5.50881667e-01
   1.03548058e+00 -1.03507223e+00  4.37102588e-01  5.86122440e-01
  -1.42339251e-04 -1.47876696e-04]
 [ 3.58791451e-08 -2.43359308e-02  1.86461941e-02 -1.63769975e-02
  -3.04123936e-02 -7.27451509e-03 -1.66911227e-02 -1.71863547e-08
  -4.66988662e-01  1.16306041e-06  3.26969833e-01 -7.20240358e-02
   1.78218003e-01  8.70814495e-02  3.14732906e-03  4.65302806e-02
  -2.96082542e-06  8.89362124e-01  2.53295893e-01  3.50938972e-02
   1.36605914e-01  4.21780478e-01  7.64133281e-01  1.74988956e-01
  -7.28899213e-06  3.34502252e-05]
 [ 6.25296568e-08  2.00233495e-02  1.20124389e-03 -2.83851868e-02
   1.18972592e-02  1.66568493e-02 -2.89389861e-02 -1.01500548e-07
  -8.45342816e-07 -4.66988517e-01 -1.91961852e-01 -1.04350286e-01
   3.10041630e-01 -4.16941845e-02 -3.88796396e-02  8.06790462e-02
   8.89362898e-01  4.71454591e-06 -1.10236825e-01 -1.25941888e-01
   2.36708616e-01  7.27071837e-01 -3.07039765e-01 -4.11718265e-01
  -1.26372141e-05  5.80410666e-05]
 [ 6.33621526e-08 -4.25047529e-02 -2.54649244e-03 -3.00871344e-02
  -2.53109824e-02 -3.52603270e-02 -3.07064517e-02 -1.13568287e-07
   2.85970541e-01 -6.14945332e-07  4.08974871e-01  2.21355109e-01
   3.27754170e-01  8.85672837e-02  8.24474577e-02  8.55242651e-02
   2.35048218e-06 -5.44623264e-01  2.34008052e-01  2.67079848e-01
   2.51034568e-01  7.70373199e-01  6.43148236e-01  8.80812338e-01
  -1.34062998e-05  6.15416674e-05]
 [ 8.84305293e-08  2.83173986e-02  1.69701108e-03 -4.01427134e-02
   1.68232519e-02  2.35577692e-02 -4.09258855e-02 -1.43537672e-07
   9.34737794e-07  3.30210699e-01 -2.71472692e-01 -1.47578015e-01
   4.38465119e-01 -5.89635266e-02 -5.49851826e-02  1.14097443e-01
  -6.28875026e-01 -1.47382870e-06 -1.55894957e-01 -1.78110146e-01
   3.34754826e-01  1.02823499e+00 -4.34220315e-01 -5.82257302e-01
  -1.78716999e-05  8.20824739e-05]
 [ 1.99919501e-08 -4.78437523e-03 -5.71498353e-02 -5.79130178e-03
   4.21764407e-02 -4.05012316e-02 -5.97550506e-03 -5.20797920e-08
  -1.65105401e-01 -9.42809896e-08 -2.16436279e-01  5.87117878e-01
   6.36102419e-02 -9.28984274e-02  1.33903206e-01  1.65248784e-02
  -3.83676471e-06  3.14437240e-01 -3.11109209e-01  3.63338435e-01
   4.84241617e-02  1.41350224e-01 -1.04733067e+00  1.03066748e+00
  -2.58138245e-06  1.19608875e-05]]
[2. 2. 2. 2. 0. 0. 0. 0. 0. 0. 0. 0. 0. 0. 0. 0. 0. 0. 0. 0. 0. 0. 0. 0.
 0. 0.]
~/packages/PeriodicIntegrals/PeriodicIntegrals-junjie-benchmark/isdfx/isdfx.py +4733
[[ 4.72430106e-01 -1.65564625e-02 -2.54209424e-05 -1.79324341e-05
  -4.39848577e-05 -5.94616149e-09 -3.70184940e-08 -4.51234825e-08
   1.21384366e-06  2.10007983e-06  2.22525922e-06  2.96996097e-06
   4.32393807e-07  4.72430106e-01 -1.65564624e-02  2.54209291e-05
   1.79324264e-05  4.39848382e-05  5.95889680e-09  3.70235439e-08
   4.51413223e-08  1.21383986e-06  2.10007369e-06  2.22525310e-06
   2.96995262e-06  4.32392878e-07]
 [-1.65564625e-02  5.80231455e-04 -3.03536300e-05 -2.14839922e-05
  -5.25960154e-05  2.30611999e-06  1.63323971e-06  3.99704037e-06
   1.59408578e-06  2.76218848e-06  2.92956016e-06  3.90632419e-06
   5.64991980e-07 -1.65564625e-02  5.80231454e-04  3.03536305e-05
   2.14839924e-05  5.25960160e-05 -2.30612043e-06 -1.63323989e-06
  -3.99704099e-06  1.59408591e-06  2.76218870e-06  2.92956038e-06
   3.90632449e-06  5.64992013e-07]
 [-2.54209424e-05 -3.03536300e-05  8.80562099e-01  9.68804581e-07
   2.41386872e-06 -6.49343971e-02 -1.07515756e-05 -2.63788329e-05
  -4.61265286e-02  3.96681424e-07 -5.64942402e-02  1.94582881e-06
   3.26178271e-02 -2.54209724e-05 -3.03536251e-05 -8.80562098e-01
  -9.68794127e-07 -2.41387017e-06  6.49343970e-02  1.07515687e-05
   2.63788323e-05 -4.61265286e-02  3.96681961e-07 -5.64942403e-02
   1.94582835e-06  3.26178271e-02]
 [-1.79324341e-05 -2.14839922e-05  9.68804581e-07  8.80561448e-01
   1.70686861e-06 -1.07515816e-05 -6.49267498e-02 -1.86526534e-05
   9.65505867e-07  1.66533191e-06 -3.99474575e-02  3.96680973e-07
  -6.91914899e-02 -1.79324578e-05 -2.14839882e-05 -9.68784568e-07
  -8.80561446e-01 -1.70686706e-06  1.07515699e-05  6.49267497e-02
   1.86526525e-05  9.65508694e-07  1.66533104e-06 -3.99474575e-02
   3.96681705e-07 -6.91914899e-02]
 [-4.39848577e-05 -5.25960154e-05  2.41386872e-06  1.70686861e-06
   8.80564939e-01 -2.63788324e-05 -1.86526528e-05 -6.49648428e-02
   3.96681716e-07 -4.61260724e-02  2.32782057e-06 -6.52321126e-02
   1.40246355e-07 -4.39849148e-05 -5.25960066e-05 -2.41386558e-06
  -1.70686289e-06 -8.80564938e-01  2.63788310e-05  1.86526493e-05
   6.49648427e-02  3.96680814e-07 -4.61260725e-02  2.32782092e-06
  -6.52321127e-02  1.40248804e-07]
 [-5.94616149e-09  2.30611999e-06 -6.49343971e-02 -1.07515816e-05
  -2.63788324e-05  4.78839225e-03  1.58088176e-06  3.87846611e-06
   3.40146175e-03  1.34318879e-06  4.16648185e-03  1.79745882e-06
  -2.40446411e-03 -5.94394096e-09  2.30611962e-06  6.49343970e-02
   1.07515808e-05  2.63788324e-05 -4.78839224e-03 -1.58088125e-06
  -3.87846607e-06  3.40146175e-03  1.34318875e-06  4.16648185e-03
   1.79745886e-06 -2.40446412e-03]
 [-3.70184940e-08  1.63323971e-06 -1.07515756e-05 -6.49267498e-02
  -1.86526528e-05  1.58088176e-06  4.78726762e-03  2.74248912e-06
   4.88257779e-07  8.47681281e-07  2.94614522e-03  1.34318885e-06
   5.10132507e-03 -3.70167410e-08  1.63323942e-06  1.07515741e-05
   6.49267498e-02  1.86526526e-05 -1.58088089e-06 -4.78726761e-03
  -2.74248905e-06  4.88257571e-07  8.47681345e-07  2.94614522e-03
   1.34318880e-06  5.10132507e-03]
 [-4.51234825e-08  3.99704037e-06 -2.63788329e-05 -1.86526534e-05
  -6.49648428e-02  3.87846611e-06  2.74248912e-06  4.79286838e-03
   1.34318874e-06  3.40301194e-03  2.34970423e-06  4.81258530e-03
   4.74888934e-07 -4.51192694e-08  3.99703972e-06  2.63788327e-05
   1.86526530e-05  6.49648427e-02 -3.87846601e-06 -2.74248886e-06
  -4.79286837e-03  1.34318881e-06  3.40301194e-03  2.34970420e-06
   4.81258530e-03  4.74888754e-07]
 [ 1.21384366e-06  1.59408578e-06 -4.61265286e-02  9.65505867e-07
   3.96681716e-07  3.40146175e-03  4.88257779e-07  1.34318874e-06
   2.41624826e-03 -4.81799628e-08  2.95929452e-03 -1.40680977e-07
  -1.70870113e-03  1.21384523e-06  1.59408552e-06  4.61265285e-02
  -9.65506414e-07 -3.96681640e-07 -3.40146174e-03 -4.88257416e-07
  -1.34318871e-06  2.41624826e-03 -4.81799910e-08  2.95929452e-03
  -1.40680953e-07 -1.70870113e-03]
 [ 2.10007983e-06  2.76218848e-06  3.96681424e-07  1.66533191e-06
  -4.61260724e-02  1.34318879e-06  8.47681281e-07  3.40301194e-03
  -4.81799628e-08  2.41619268e-03 -2.35104103e-07  3.41701222e-03
  -1.25850371e-07  2.10008282e-06  2.76218802e-06 -3.96681588e-07
  -1.66533221e-06  4.61260724e-02 -1.34318872e-06 -8.47681098e-07
  -3.40301193e-03 -4.81799156e-08  2.41619268e-03 -2.35104122e-07
   3.41701222e-03 -1.25850499e-07]
 [ 2.22525922e-06  2.92956016e-06 -5.64942402e-02 -3.99474575e-02
   2.32782057e-06  4.16648185e-03  2.94614522e-03  2.34970423e-06
   2.95929452e-03 -2.35104103e-07  5.43674860e-03 -3.32487436e-07
   1.04626797e-03  2.22526222e-06  2.92955966e-06  5.64942402e-02
   3.99474575e-02 -2.32782054e-06 -4.16648184e-03 -2.94614521e-03
  -2.34970415e-06  2.95929452e-03 -2.35104098e-07  5.43674861e-03
  -3.32487440e-07  1.04626797e-03]
 [ 2.96996097e-06  3.90632419e-06  1.94582881e-06  3.96680973e-07
  -6.52321126e-02  1.79745882e-06  1.34318885e-06  4.81258530e-03
  -1.40680977e-07  3.41701222e-03 -3.32487436e-07  4.83238468e-03
   2.72066659e-08  2.96996520e-06  3.90632354e-06 -1.94582904e-06
  -3.96681397e-07  6.52321125e-02 -1.79745872e-06 -1.34318860e-06
  -4.81258529e-03 -1.40680910e-07  3.41701222e-03 -3.32487463e-07
   4.83238469e-03  2.72064845e-08]
 [ 4.32393807e-07  5.64991980e-07  3.26178271e-02 -6.91914899e-02
   1.40246355e-07 -2.40446411e-03  5.10132507e-03  4.74888934e-07
  -1.70870113e-03 -1.25850371e-07  1.04626797e-03  2.72066659e-08
   6.64506618e-03  4.32394559e-07  5.64991848e-07 -3.26178271e-02
   6.91914898e-02 -1.40246530e-07  2.40446411e-03 -5.10132506e-03
  -4.74888886e-07 -1.70870113e-03 -1.25850283e-07  1.04626797e-03
   2.72065914e-08  6.64506618e-03]
 [ 4.72430106e-01 -1.65564625e-02 -2.54209724e-05 -1.79324578e-05
  -4.39849148e-05 -5.94394096e-09 -3.70167410e-08 -4.51192694e-08
   1.21384523e-06  2.10008282e-06  2.22526222e-06  2.96996520e-06
   4.32394559e-07  4.72430106e-01 -1.65564624e-02  2.54209592e-05
   1.79324501e-05  4.39848952e-05  5.95667627e-09  3.70217909e-08
   4.51371092e-08  1.21384143e-06  2.10007668e-06  2.22525611e-06
   2.96995685e-06  4.32393630e-07]
 [-1.65564624e-02  5.80231454e-04 -3.03536251e-05 -2.14839882e-05
  -5.25960066e-05  2.30611962e-06  1.63323942e-06  3.99703972e-06
   1.59408552e-06  2.76218802e-06  2.92955966e-06  3.90632354e-06
   5.64991848e-07 -1.65564624e-02  5.80231453e-04  3.03536255e-05
   2.14839884e-05  5.25960073e-05 -2.30612006e-06 -1.63323959e-06
  -3.99704034e-06  1.59408566e-06  2.76218824e-06  2.92955988e-06
   3.90632383e-06  5.64991881e-07]
 [ 2.54209291e-05  3.03536305e-05 -8.80562098e-01 -9.68784568e-07
  -2.41386558e-06  6.49343970e-02  1.07515741e-05  2.63788327e-05
   4.61265285e-02 -3.96681588e-07  5.64942402e-02 -1.94582904e-06
  -3.26178271e-02  2.54209592e-05  3.03536255e-05  8.80562097e-01
   9.68774113e-07  2.41386703e-06 -6.49343969e-02 -1.07515672e-05
  -2.63788321e-05  4.61265286e-02 -3.96682125e-07  5.64942402e-02
  -1.94582858e-06 -3.26178271e-02]
 [ 1.79324264e-05  2.14839924e-05 -9.68794127e-07 -8.80561446e-01
  -1.70686289e-06  1.07515808e-05  6.49267498e-02  1.86526530e-05
  -9.65506414e-07 -1.66533221e-06  3.99474575e-02 -3.96681397e-07
   6.91914898e-02  1.79324501e-05  2.14839884e-05  9.68774113e-07
   8.80561445e-01  1.70686134e-06 -1.07515691e-05 -6.49267496e-02
  -1.86526521e-05 -9.65509240e-07 -1.66533134e-06  3.99474575e-02
  -3.96682128e-07  6.91914898e-02]
 [ 4.39848382e-05  5.25960160e-05 -2.41387017e-06 -1.70686706e-06
  -8.80564938e-01  2.63788324e-05  1.86526526e-05  6.49648427e-02
  -3.96681640e-07  4.61260724e-02 -2.32782054e-06  6.52321125e-02
  -1.40246530e-07  4.39848952e-05  5.25960073e-05  2.41386703e-06
   1.70686134e-06  8.80564937e-01 -2.63788311e-05 -1.86526491e-05
  -6.49648426e-02 -3.96680737e-07  4.61260724e-02 -2.32782090e-06
   6.52321126e-02 -1.40248979e-07]
 [ 5.95889680e-09 -2.30612043e-06  6.49343970e-02  1.07515699e-05
   2.63788310e-05 -4.78839224e-03 -1.58088089e-06 -3.87846601e-06
  -3.40146174e-03 -1.34318872e-06 -4.16648184e-03 -1.79745872e-06
   2.40446411e-03  5.95667627e-09 -2.30612006e-06 -6.49343969e-02
  -1.07515691e-05 -2.63788311e-05  4.78839223e-03  1.58088038e-06
   3.87846596e-06 -3.40146175e-03 -1.34318868e-06 -4.16648185e-03
  -1.79745876e-06  2.40446411e-03]
 [ 3.70235439e-08 -1.63323989e-06  1.07515687e-05  6.49267497e-02
   1.86526493e-05 -1.58088125e-06 -4.78726761e-03 -2.74248886e-06
  -4.88257416e-07 -8.47681098e-07 -2.94614521e-03 -1.34318860e-06
  -5.10132506e-03  3.70217909e-08 -1.63323959e-06 -1.07515672e-05
  -6.49267496e-02 -1.86526491e-05  1.58088038e-06  4.78726760e-03
   2.74248879e-06 -4.88257208e-07 -8.47681162e-07 -2.94614522e-03
  -1.34318854e-06 -5.10132506e-03]
 [ 4.51413223e-08 -3.99704099e-06  2.63788323e-05  1.86526525e-05
   6.49648427e-02 -3.87846607e-06 -2.74248905e-06 -4.79286837e-03
  -1.34318871e-06 -3.40301193e-03 -2.34970415e-06 -4.81258529e-03
  -4.74888886e-07  4.51371092e-08 -3.99704034e-06 -2.63788321e-05
  -1.86526521e-05 -6.49648426e-02  3.87846596e-06  2.74248879e-06
   4.79286836e-03 -1.34318878e-06 -3.40301193e-03 -2.34970412e-06
  -4.81258529e-03 -4.74888705e-07]
 [ 1.21383986e-06  1.59408591e-06 -4.61265286e-02  9.65508694e-07
   3.96680814e-07  3.40146175e-03  4.88257571e-07  1.34318881e-06
   2.41624826e-03 -4.81799156e-08  2.95929452e-03 -1.40680910e-07
  -1.70870113e-03  1.21384143e-06  1.59408566e-06  4.61265286e-02
  -9.65509240e-07 -3.96680737e-07 -3.40146175e-03 -4.88257208e-07
  -1.34318878e-06  2.41624826e-03 -4.81799437e-08  2.95929452e-03
  -1.40680886e-07 -1.70870113e-03]
 [ 2.10007369e-06  2.76218870e-06  3.96681961e-07  1.66533104e-06
  -4.61260725e-02  1.34318875e-06  8.47681345e-07  3.40301194e-03
  -4.81799910e-08  2.41619268e-03 -2.35104098e-07  3.41701222e-03
  -1.25850283e-07  2.10007668e-06  2.76218824e-06 -3.96682125e-07
  -1.66533134e-06  4.61260724e-02 -1.34318868e-06 -8.47681162e-07
  -3.40301193e-03 -4.81799437e-08  2.41619269e-03 -2.35104117e-07
   3.41701222e-03 -1.25850411e-07]
 [ 2.22525310e-06  2.92956038e-06 -5.64942403e-02 -3.99474575e-02
   2.32782092e-06  4.16648185e-03  2.94614522e-03  2.34970420e-06
   2.95929452e-03 -2.35104122e-07  5.43674861e-03 -3.32487463e-07
   1.04626797e-03  2.22525611e-06  2.92955988e-06  5.64942402e-02
   3.99474575e-02 -2.32782090e-06 -4.16648185e-03 -2.94614522e-03
  -2.34970412e-06  2.95929452e-03 -2.35104117e-07  5.43674861e-03
  -3.32487467e-07  1.04626797e-03]
 [ 2.96995262e-06  3.90632449e-06  1.94582835e-06  3.96681705e-07
  -6.52321127e-02  1.79745886e-06  1.34318880e-06  4.81258530e-03
  -1.40680953e-07  3.41701222e-03 -3.32487440e-07  4.83238469e-03
   2.72065914e-08  2.96995685e-06  3.90632383e-06 -1.94582858e-06
  -3.96682128e-07  6.52321126e-02 -1.79745876e-06 -1.34318854e-06
  -4.81258529e-03 -1.40680886e-07  3.41701222e-03 -3.32487467e-07
   4.83238469e-03  2.72064101e-08]
 [ 4.32392878e-07  5.64992013e-07  3.26178271e-02 -6.91914899e-02
   1.40248804e-07 -2.40446412e-03  5.10132507e-03  4.74888754e-07
  -1.70870113e-03 -1.25850499e-07  1.04626797e-03  2.72064845e-08
   6.64506618e-03  4.32393630e-07  5.64991881e-07 -3.26178271e-02
   6.91914898e-02 -1.40248979e-07  2.40446411e-03 -5.10132506e-03
  -4.74888705e-07 -1.70870113e-03 -1.25850411e-07  1.04626797e-03
   2.72064101e-08  6.64506619e-03]]
[[ 4.86019600e-01 -1.82382268e-08  2.98916568e-08 -3.59333725e-05
  -3.00289269e-07  1.68879815e-07 -5.61744454e-05 -1.06085899e+00
  -9.78847137e-08  8.36849612e-12 -1.11884906e-07 -1.71251200e-09
  -6.34487882e-05 -1.37465329e-07  7.72471062e-08 -1.10789192e-04
  -1.12103045e-10  8.22571176e-09  1.88493449e-08 -8.55362124e-09
   1.33657073e-04  1.05999463e-04  6.64712944e-08  1.19963987e-07
   1.03160526e+00 -1.20253342e+00]
 [-1.70327143e-02 -1.22137638e-08 -1.27613487e-08 -4.87021382e-05
  -1.56021230e-08  2.71233114e-08 -4.68574115e-05  1.68941129e-01
   1.96859072e-08  1.67234002e-12 -1.42129807e-07  3.82580943e-09
  -7.79478272e-05 -2.16494484e-08 -1.25917851e-08 -1.18108922e-04
  -1.35782088e-10 -6.03060980e-09  6.24723133e-08 -3.45724164e-08
   1.62331480e-04  1.10753067e-04 -5.75783097e-07  4.47485759e-07
   1.23947520e+00 -1.24617949e+00]
 [-2.99736843e-06  4.64578269e-01 -3.55946474e-01  3.12650266e-01
   6.92178262e-01  1.65548441e-01  3.79862831e-01 -4.05193801e-06
  -1.79031966e-06  1.53914121e-06  3.48714531e-01 -7.68156306e-02
   1.90078987e-01  1.04192347e-01  3.76516373e-03  5.56984814e-02
   1.32400565e-06 -1.55700048e-06  2.71087688e-01  3.75583610e-02
   1.46189848e-01  6.89065014e-01  1.24837037e+00  2.85881161e-01
   5.08849004e-06  4.07330132e-05]
 [-2.12596261e-06  2.79895887e-01  5.59515315e-01  2.21091900e-01
  -3.13672087e-01  6.92580929e-01  2.69731064e-01 -2.43112365e-06
  -1.19690879e-06 -2.17667034e-06  1.04973637e-02  3.81233314e-01
   1.34833184e-01 -2.49853481e-02  1.08584717e-01  3.94436837e-02
  -1.87200272e-06 -9.51117372e-07 -9.41842580e-02  2.76946420e-01
   1.03462277e-01  4.78778218e-01 -5.52200258e-01  1.25730525e+00
   3.59996934e-06  2.89867818e-05]
 [-5.19845429e-06 -3.82237733e-01 -2.29149718e-02  5.41896382e-01
  -2.70763128e-01 -3.79129450e-01  6.58604188e-01 -6.55785804e-06
   1.53913915e-06 -9.76506067e-08 -2.04728083e-01 -1.11292881e-01
   3.30675848e-01 -4.98864634e-02 -4.65200321e-02  9.65757466e-02
  -2.11594916e-07  1.32374668e-06 -1.17978959e-01 -1.34789718e-01
   2.53314522e-01  1.18782124e+00 -5.01613529e-01 -6.72626989e-01
   8.81549372e-06  7.07469852e-05]
 [-1.71498852e-06 -3.42509452e-02  2.62420951e-02 -2.30742566e-02
  -1.42956858e-01 -3.41910113e-02 -7.84764357e-02  2.20350528e-06
   1.52858115e-06 -1.31961738e-06  1.40200685e-01 -3.08838586e-02
   7.63692606e-02  7.00781138e-01  2.53242759e-02  3.74390140e-01
  -1.15055739e-06  1.49489123e-06 -1.10792758e+00 -1.53500268e-01
  -5.97584445e-01 -6.00454058e-01 -1.08782141e+00 -2.49114842e-01
   8.21578081e-05 -8.52890436e-05]
 [-1.24270476e-06 -2.06352554e-02 -4.12501420e-02 -1.63170409e-02
   6.47832480e-02 -1.43039992e-01 -5.57240814e-02  1.47111949e-06
   1.05541935e-06  1.86622045e-06  4.22029645e-03  1.53274864e-01
   5.41728425e-02 -1.68047573e-01  7.30325112e-01  2.65130610e-01
   1.62566660e-06  1.75119179e-07  3.84928070e-01 -1.13187225e+00
  -4.22925768e-01 -4.17209271e-01  4.81183517e-01 -1.09560697e+00
   5.81299694e-05 -6.04515566e-05]
 [-3.00231595e-06  2.81803819e-02  1.68940137e-03 -3.99930766e-02
   5.59211686e-02  7.83023261e-02 -1.36061981e-01  3.72431293e-06
  -1.31961882e-06  3.60117916e-08 -8.23111375e-02 -4.47453293e-02
   1.32858217e-01 -3.35529102e-01 -3.12886753e-01  6.49157073e-01
   1.24602649e-06 -1.14964954e-06  4.82176521e-01  5.50881667e-01
  -1.03548058e+00 -1.03507223e+00  4.37102588e-01  5.86122440e-01
   1.42339254e-04 -1.47876697e-04]
