SLURMD_NODENAME = hpc-35-04
Start time = Fri Mar 14 11:41:28 AM PDT 2025
OMP_NUM_THREADS = 1
MKL_NUM_THREADS = 1
PYSCF_MAX_MEMORY = 81920
TMPDIR = /central/scratch/yangjunjie//run-scf-spc-diamond-prim-2-2-2-fftisdf-ks-1-100-rcut_epsilon-1e-05-ke_epsilon-0.05-isdf_thresh-5e-05/48015095/
PYSCF_TMPDIR = /central/scratch/yangjunjie//run-scf-spc-diamond-prim-2-2-2-fftisdf-ks-1-100-rcut_epsilon-1e-05-ke_epsilon-0.05-isdf_thresh-5e-05/48015095/

/home/junjiey/anaconda3/envs/fftisdf/bin/python
2.8.0
1.13.1
2.0.2
fft_engine = NUMPY+BLAS
name = diamond-prim
ke_cutoff =  1.00e+02
exxdiv = None
df = fftisdf-ks
chk_path = ../../../gdf-32/tmp/scf.h5
mesh = 2,2,2
rcut_epsilon =  1.00e-05
ke_epsilon =  5.00e-02
isdf_thresh =  5.00e-05

Discarded 6 diffused primitive functions, 0 contracted functions
ke_cutoff = 100.0
None

******** <class 'ISDFX'> ********
lin_dep_thresh: 1e-10
alpha_cutoff: 2.8
rcut_epsilon: 1e-05
ke_epsilon: 0.05
isdf_thresh: 5e-05
grid_vol_cutoff: 0.05
ke_step: 2.0
ao_tol: 1e-12
multigrid_on: True
direct_j: True
iterative_build: True
occRI: True
voronoi: True
fit_sparse_grid: False
fit_dense_grid: True
direct_k_sparse: True
direct_k: False
use_kpt_symm: False
kmesh: [1, 1, 1]
isdf_pts_from_q0: True
isdf_pts_from_gamma_point: False
alpha: None
do_real_isdf: False
N_xi: None
use_cell_periodic: False
isdf_thresh_sparse: None
ncopy: [1, 1, 1]
j_grid_mesh: None
k_grid_mesh: None
num_j_grids: 100
get_ao_from_pyscf: False
nuc_pp_version: 0
vppnl_ver: 0
universal_dense_grid: None
same_jk_grids: None
coulomb_only: False
max_memory    81920 MB (current use       92 MB)

Exchange function: getK_occRI  

cell mesh: [47 47 47]
nbas:  192
Grid     keMax    keMin    keGrid   expMax   expMin   nexp     lmax     PWs      mesh        
0        33.6     33.6     115.3    5.6      5.6      1        2        103823   [47 47 47]
1        12.7     2.1      12.7     2.1      0.3      3        2        4913     [17 17 17]
0        59.4     57.7     115.3    5.6      5.6      1        2        103823   [47 47 47]
1        22.4     11.2     22.4     2.1      2.1      1        2        12167    [23 23 23]
2        8.2      3.7      8.2      0.8      0.3      2        2        3375     [15 15 15]

ISDF

atm      grid     Ng       NI       Nxi      sharp    on_grid  diffuse  maxexp   minexp   lmax     lmin    
0        0        103823   2073     108      9        297      288      5.61     5.61     2        0       
1        0        103823   2105     109      9        297      288      5.61     5.61     2        0       
2        0        103823   2110     109      9        297      288      5.61     5.61     2        0       
3        0        103823   2095     107      9        297      288      5.61     5.61     2        0       
4        0        103823   2110     109      9        297      288      5.61     5.61     2        0       
5        0        103823   2095     107      9        297      288      5.61     5.61     2        0       
6        0        103823   2095     107      9        297      288      5.61     5.61     2        0       
7        0        103823   2110     109      9        297      288      5.61     5.61     2        0       
8        0        103823   2110     109      9        297      288      5.61     5.61     2        0       
9        0        103823   2095     107      9        297      288      5.61     5.61     2        0       
10       0        103823   2095     107      9        297      288      5.61     5.61     2        0       
11       0        103823   2110     109      9        297      288      5.61     5.61     2        0       
12       0        103823   2095     107      9        297      288      5.61     5.61     2        0       
13       0        103823   2110     109      9        297      288      5.61     5.61     2        0       
14       0        103823   2105     109      9        297      288      5.61     5.61     2        0       
15       0        103823   2073     108      9        297      288      5.61     5.61     2        0       
-        1        4913     4913     4913     432      432      432      2.11     0.35     2        0       
ISDF-pts:       1.74
ISDF-vec:       0.16
Fit dense grids ISDF:       1.90
Fit sparse grids ISDF:       0.00

Grid     PWs      Ng_i     N_xi     N_mu    
0        103823   33586    1730     4752    
1        4913     4913     4913     432     

nTHC: 6643
Mem Required (MB):      80.72
Curent RAM Use (MB) :        245 

Build W
ISDF-fft dense grids (sec):      15.99
Curent RAM Use (MB) :        265 
ISDF-fft:      15.99

Initial guess from minao.
Successfully loaded dm0 from ../../../gdf-32/tmp/scf.h5
~/packages/PeriodicIntegrals/PeriodicIntegrals-junjie-benchmark/isdfx/isdfx.py +4733
[[ 5.26855036e-01 -1.41882092e-02  7.56084978e-06 ... -7.27508003e-03
  -9.70010837e-03 -1.40009224e-03]
 [-1.41882092e-02  4.23422566e-04  9.74736857e-06 ...  2.16418229e-04
   2.88557836e-04  4.16500018e-05]
 [ 7.56084978e-06  9.74736857e-06  6.48895895e-01 ... -1.55812716e-02
   1.46099405e-03  8.00859935e-03]
 ...
 [-7.27508003e-03  2.16418229e-04 -1.55812716e-02 ...  1.80201864e-03
   5.58137812e-09  2.29128023e-04]
 [-9.70010837e-03  2.88557836e-04  1.46099405e-03 ...  5.58137812e-09
   1.66975589e-03 -2.23008497e-08]
 [-1.40009224e-03  4.16500018e-05  8.00859935e-03 ...  2.29128023e-04
  -2.23008497e-08  2.06661500e-03]]
[[ 1.71319019e-01  2.80739589e-01 -1.62116336e-01 ... -6.89782044e-05
   4.94184557e-01 -8.55712448e-01]
 [-6.66392695e-03 -8.75108711e-03  5.05561330e-03 ... -5.57270448e-05
   3.99134311e-01 -6.90974654e-01]
 [ 1.10507086e-06  2.05462122e-02  3.41153061e-02 ... -2.45709669e-02
   7.23699959e-02  4.13636790e-02]
 ...
 [-1.12724054e-07 -4.35204640e-03  7.48321802e-03 ...  3.42248269e-02
   2.70120176e-02 -1.51646802e-02]
 [-1.49262855e-07 -5.73838990e-03  9.97762844e-03 ... -2.27793710e-02
   3.60160468e-02 -2.02220260e-02]
 [-1.94183796e-08 -6.00506389e-04  1.44014593e-03 ...  4.49773607e-02
   5.19848209e-03 -2.92784360e-03]]
[2. 2. 2. 2. 2. 2. 2. 2. 2. 2. 2. 2. 2. 2. 2. 2. 2. 2. 2. 2. 2. 2. 2. 2.
 2. 2. 2. 2. 2. 2. 2. 2. 0. 0. 0. 0. 0. 0. 0. 0. 0. 0. 0. 0. 0. 0. 0. 0.
 0. 0. 0. 0. 0. 0. 0. 0. 0. 0. 0. 0. 0. 0. 0. 0. 0. 0. 0. 0. 0. 0. 0. 0.
 0. 0. 0. 0. 0. 0. 0. 0. 0. 0. 0. 0. 0. 0. 0. 0. 0. 0. 0. 0. 0. 0. 0. 0.
 0. 0. 0. 0. 0. 0. 0. 0. 0. 0. 0. 0. 0. 0. 0. 0. 0. 0. 0. 0. 0. 0. 0. 0.
 0. 0. 0. 0. 0. 0. 0. 0. 0. 0. 0. 0. 0. 0. 0. 0. 0. 0. 0. 0. 0. 0. 0. 0.
 0. 0. 0. 0. 0. 0. 0. 0. 0. 0. 0. 0. 0. 0. 0. 0. 0. 0. 0. 0. 0. 0. 0. 0.
 0. 0. 0. 0. 0. 0. 0. 0. 0. 0. 0. 0. 0. 0. 0. 0. 0. 0. 0. 0. 0. 0. 0. 0.
 0. 0. 0. 0. 0. 0. 0. 0. 0. 0. 0. 0. 0. 0. 0. 0.]
~/packages/PeriodicIntegrals/PeriodicIntegrals-junjie-benchmark/isdfx/isdfx.py +4733
[[ 5.26855036e-01 -1.41882092e-02  7.56084978e-06 ... -7.27508003e-03
  -9.70010837e-03 -1.40009224e-03]
 [-1.41882092e-02  4.23422566e-04  9.74736857e-06 ...  2.16418229e-04
   2.88557836e-04  4.16500018e-05]
 [ 7.56084978e-06  9.74736857e-06  6.48895895e-01 ... -1.55812716e-02
   1.46099405e-03  8.00859935e-03]
 ...
 [-7.27508003e-03  2.16418229e-04 -1.55812716e-02 ...  1.80201864e-03
   5.58137812e-09  2.29128023e-04]
 [-9.70010837e-03  2.88557836e-04  1.46099405e-03 ...  5.58137812e-09
   1.66975589e-03 -2.23008497e-08]
 [-1.40009224e-03  4.16500018e-05  8.00859935e-03 ...  2.29128023e-04
  -2.23008497e-08  2.06661500e-03]]
[[ 1.71319019e-01  2.80739589e-01 -1.62116336e-01 ... -6.89782044e-05
   4.94184557e-01 -8.55712448e-01]
 [-6.66392695e-03 -8.75108711e-03  5.05561330e-03 ... -5.57270448e-05
   3.99134311e-01 -6.90974654e-01]
 [ 1.10507086e-06  2.05462122e-02  3.41153061e-02 ... -2.45709669e-02
   7.23699959e-02  4.13636790e-02]
 ...
 [-1.12724054e-07 -4.35204640e-03  7.48321802e-03 ...  3.42248269e-02
   2.70120176e-02 -1.51646802e-02]
 [-1.49262855e-07 -5.73838990e-03  9.97762844e-03 ... -2.27793710e-02
   3.60160468e-02 -2.02220260e-02]
 [-1.94183796e-08 -6.00506389e-04  1.44014593e-03 ...  4.49773607e-02
   5.19848209e-03 -2.92784360e-03]]
[2. 2. 2. 2. 2. 2. 2. 2. 2. 2. 2. 2. 2. 2. 2. 2. 2. 2. 2. 2. 2. 2. 2. 2.
 2. 2. 2. 2. 2. 2. 2. 2. 0. 0. 0. 0. 0. 0. 0. 0. 0. 0. 0. 0. 0. 0. 0. 0.
 0. 0. 0. 0. 0. 0. 0. 0. 0. 0. 0. 0. 0. 0. 0. 0. 0. 0. 0. 0. 0. 0. 0. 0.
 0. 0. 0. 0. 0. 0. 0. 0. 0. 0. 0. 0. 0. 0. 0. 0. 0. 0. 0. 0. 0. 0. 0. 0.
 0. 0. 0. 0. 0. 0. 0. 0. 0. 0. 0. 0. 0. 0. 0. 0. 0. 0. 0. 0. 0. 0. 0. 0.
 0. 0. 0. 0. 0. 0. 0. 0. 0. 0. 0. 0. 0. 0. 0. 0. 0. 0. 0. 0. 0. 0. 0. 0.
 0. 0. 0. 0. 0. 0. 0. 0. 0. 0. 0. 0. 0. 0. 0. 0. 0. 0. 0. 0. 0. 0. 0. 0.
 0. 0. 0. 0. 0. 0. 0. 0. 0. 0. 0. 0. 0. 0. 0. 0. 0. 0. 0. 0. 0. 0. 0. 0.
 0. 0. 0. 0. 0. 0. 0. 0. 0. 0. 0. 0. 0. 0. 0. 0.]
start SG
end SG -->  0.29435253143310547


******** <class 'pyscf.pbc.dft.rks.RKS'> ********
method = RKS
initial guess = minao
damping factor = 0
level_shift factor = 0
DIIS = <class 'pyscf.scf.diis.CDIIS'>
diis_start_cycle = 1
diis_space = 8
diis_damp = 0
SCF conv_tol = 1e-08
SCF conv_tol_grad = None
SCF max_cycles = 50
direct_scf = True
direct_scf_tol = 1e-13
chkfile to save SCF result = /central/scratch/yangjunjie/run-scf-spc-diamond-prim-2-2-2-fftisdf-ks-1-100-rcut_epsilon-1e-05-ke_epsilon-0.05-isdf_thresh-5e-05/48015095/tmpzx1szfxa
max_memory 81920 MB (current use 318 MB)
******** PBC SCF flags ********
kpt = [0. 0. 0.]
Exchange divergence treatment (exxdiv) = None
DF object = <isdfx.isdfx.ISDFX object at 0x7f1173a48ca0>
XC functionals = PBE0
small_rho_cutoff = 1e-07
Set gradient conv threshold to 0.0001
nelec by numeric integration = 63.99999999931137
    CPU time for vxc      5.26 sec, wall time      5.27 sec
~/packages/PeriodicIntegrals/PeriodicIntegrals-junjie-benchmark/isdfx/isdfx.py +4733
[[ 5.26855036e-01 -1.41882092e-02  7.56084978e-06 ... -7.27508003e-03
  -9.70010837e-03 -1.40009224e-03]
 [-1.41882092e-02  4.23422566e-04  9.74736857e-06 ...  2.16418229e-04
   2.88557836e-04  4.16500018e-05]
 [ 7.56084978e-06  9.74736857e-06  6.48895895e-01 ... -1.55812716e-02
   1.46099405e-03  8.00859935e-03]
 ...
 [-7.27508003e-03  2.16418229e-04 -1.55812716e-02 ...  1.80201864e-03
   5.58137812e-09  2.29128023e-04]
 [-9.70010837e-03  2.88557836e-04  1.46099405e-03 ...  5.58137812e-09
   1.66975589e-03 -2.23008497e-08]
 [-1.40009224e-03  4.16500018e-05  8.00859935e-03 ...  2.29128023e-04
  -2.23008497e-08  2.06661500e-03]]
[[ 1.71319019e-01  2.80739589e-01 -1.62116336e-01 ... -6.89782044e-05
   4.94184557e-01 -8.55712448e-01]
 [-6.66392695e-03 -8.75108711e-03  5.05561330e-03 ... -5.57270448e-05
   3.99134311e-01 -6.90974654e-01]
 [ 1.10507086e-06  2.05462122e-02  3.41153061e-02 ... -2.45709669e-02
   7.23699959e-02  4.13636790e-02]
 ...
 [-1.12724054e-07 -4.35204640e-03  7.48321802e-03 ...  3.42248269e-02
   2.70120176e-02 -1.51646802e-02]
 [-1.49262855e-07 -5.73838990e-03  9.97762844e-03 ... -2.27793710e-02
   3.60160468e-02 -2.02220260e-02]
 [-1.94183796e-08 -6.00506389e-04  1.44014593e-03 ...  4.49773607e-02
   5.19848209e-03 -2.92784360e-03]]
[2. 2. 2. 2. 2. 2. 2. 2. 2. 2. 2. 2. 2. 2. 2. 2. 2. 2. 2. 2. 2. 2. 2. 2.
 2. 2. 2. 2. 2. 2. 2. 2. 0. 0. 0. 0. 0. 0. 0. 0. 0. 0. 0. 0. 0. 0. 0. 0.
 0. 0. 0. 0. 0. 0. 0. 0. 0. 0. 0. 0. 0. 0. 0. 0. 0. 0. 0. 0. 0. 0. 0. 0.
 0. 0. 0. 0. 0. 0. 0. 0. 0. 0. 0. 0. 0. 0. 0. 0. 0. 0. 0. 0. 0. 0. 0. 0.
 0. 0. 0. 0. 0. 0. 0. 0. 0. 0. 0. 0. 0. 0. 0. 0. 0. 0. 0. 0. 0. 0. 0. 0.
 0. 0. 0. 0. 0. 0. 0. 0. 0. 0. 0. 0. 0. 0. 0. 0. 0. 0. 0. 0. 0. 0. 0. 0.
 0. 0. 0. 0. 0. 0. 0. 0. 0. 0. 0. 0. 0. 0. 0. 0. 0. 0. 0. 0. 0. 0. 0. 0.
 0. 0. 0. 0. 0. 0. 0. 0. 0. 0. 0. 0. 0. 0. 0. 0. 0. 0. 0. 0. 0. 0. 0. 0.
 0. 0. 0. 0. 0. 0. 0. 0. 0. 0. 0. 0. 0. 0. 0. 0.]
start SG
end SG -->  0.2946014404296875
    CPU time for vj and vk     15.10 sec, wall time     15.14 sec
E1 = 32.46229603821776  Ecoul = 9.19271532497338  Exc = -26.474545649091425
init E= -87.290519069789
    CPU time for initialize scf     25.71 sec, wall time     25.84 sec
  HOMO = 0.552222403404428  LUMO = 0.848209156923553
  mo_energy =
[-0.28299006 -0.0690044  -0.06900423 -0.06900254 -0.06899736  0.0279386
  0.02797115  0.02797251  0.02797311  0.04450144  0.04450188  0.04450315
  0.04450373  0.04450737  0.04450845  0.30402406  0.30402464  0.3040253
  0.30409019  0.30409063  0.3040913   0.44056649  0.44056724  0.44057348
  0.44067745  0.44067788  0.4406787   0.44068223  0.44068348  0.55207526
  0.55222104  0.5522224   0.84820916  0.84835443  0.84835457  0.87374711
  0.87374721  0.87374824  0.87380599  0.87380611  0.87380679  0.97013975
  0.97013977  0.97014391  0.97026159  0.97026169  0.97028724  0.97028957
  0.97028961  0.99990815  0.99996889  0.99996899  0.99997351  1.18718683
  1.28700144  1.28700145  1.28700389  1.28720685  1.28720952  1.28720953
  1.34842607  1.34866943  1.3486721   1.34867217  1.71497895  1.71537387
  1.71537503  1.71537507  1.72294897  1.72294904  1.7229499   1.72294999
  1.72295213  1.72295228  1.7607513   1.76075141  1.90947627  1.90947629
  1.90947779  1.9096687   1.90967252  1.90967254  1.90970939  1.90970951
  2.04532096  2.04532097  2.04532362  2.0454548   2.04545773  2.04545773
  2.06689503  2.06689629  2.06689633  2.06692941  2.06692949  2.06693004
  2.06709886  2.06709906  2.35053736  2.35053737  2.35053937  2.35055484
  2.35055485  2.35055811  2.41380003  2.41404858  2.41404866  2.47964666
  2.48023947  2.48023971  2.65778594  2.65802097  2.65802139  2.65802149
  2.7950984   2.79509857  2.79510177  2.7953882   2.79539053  2.7953907
  2.90223246  2.90223426  2.90223458  2.90237946  2.93333128  2.93333131
  2.93333625  2.93361029  2.93361041  2.93385799  2.93385805  2.93385926
  2.98261138  2.98261442  2.98261449  2.98278777  2.98278785  2.98279156
  2.98304082  2.98304097  2.98631001  2.9863104   2.98631057  2.98632627
  2.98632736  2.98632751  3.02728699  3.02728717  3.02728847  3.02770791
  3.0277115   3.02771164  3.27514129  3.27604223  3.27604224  3.27604593
  3.43498026  3.43498157  3.43498165  3.43575568  3.43576381  3.43576391
  3.5683669   3.56836706  3.61823599  3.61823622  3.61823841  3.61826158
  3.61826187  3.61858121  3.61858214  3.61858229  3.73794393  3.73834489
  3.73834506  4.51088247  4.51088401  4.51088422  4.51157533  4.5115754
  4.51180717  4.5118074   4.51181053  4.62825499  4.62926938  4.62926976
  4.72993283  4.72993358  4.72993386  4.73037124  4.7303728   4.73037312
  8.6879375   9.01682099  9.02903642  9.02928498  9.02958047  9.02958051
  9.02967728  9.02967737  9.02984038  9.02984039  9.03084114  9.03150981
  9.07473443  9.07473457  9.07490108  9.07531951]
nelec by numeric integration = 63.9999999993114
    CPU time for vxc      4.39 sec, wall time      4.40 sec
~/packages/PeriodicIntegrals/PeriodicIntegrals-junjie-benchmark/isdfx/isdfx.py +4733
[[ 5.26872451e-01 -1.41881242e-02  2.90776156e-06 ... -7.27802092e-03
  -9.70382415e-03 -1.40059857e-03]
 [-1.41881242e-02  4.23411596e-04  9.32278323e-06 ...  2.16565422e-04
   2.88768433e-04  4.16803807e-05]
 [ 2.90776156e-06  9.32278323e-06  6.48888534e-01 ... -1.55851291e-02
   1.45308852e-03  8.00647280e-03]
 ...
 [-7.27802092e-03  2.16565422e-04 -1.55851291e-02 ...  1.80282276e-03
   1.32618832e-07  2.29288927e-04]
 [-9.70382415e-03  2.88768433e-04  1.45308852e-03 ...  1.32618832e-07
   1.67056314e-03 -4.51282761e-08]
 [-1.40059857e-03  4.16803807e-05  8.00647280e-03 ...  2.29288927e-04
  -4.51282761e-08  2.06752488e-03]]
[[ 1.71331089e-01 -1.62560918e-03  2.74181947e-05 ...  3.60256337e-05
   4.95629146e-01 -8.57951460e-01]
 [-6.66446998e-03  5.06372053e-05 -9.20625200e-07 ...  2.91941506e-05
   4.00789826e-01 -6.93534941e-01]
 [ 6.81118384e-07  7.06580774e-03 -7.34099678e-02 ... -2.47106271e-02
   7.23933935e-02  4.13248815e-02]
 ...
 [-3.28461675e-06  7.09454782e-03  9.96328868e-03 ...  3.42844682e-02
   2.70263285e-02 -1.52425986e-02]
 [-4.35525416e-06 -4.67272084e-03 -6.65724760e-03 ... -2.28221144e-02
   3.60834106e-02 -2.03261005e-02]
 [-5.76197631e-07  1.46590552e-02 -7.50435098e-03 ...  4.49699213e-02
   5.21998090e-03 -2.94293752e-03]]
[2. 2. 2. 2. 2. 2. 2. 2. 2. 2. 2. 2. 2. 2. 2. 2. 2. 2. 2. 2. 2. 2. 2. 2.
 2. 2. 2. 2. 2. 2. 2. 2. 0. 0. 0. 0. 0. 0. 0. 0. 0. 0. 0. 0. 0. 0. 0. 0.
 0. 0. 0. 0. 0. 0. 0. 0. 0. 0. 0. 0. 0. 0. 0. 0. 0. 0. 0. 0. 0. 0. 0. 0.
 0. 0. 0. 0. 0. 0. 0. 0. 0. 0. 0. 0. 0. 0. 0. 0. 0. 0. 0. 0. 0. 0. 0. 0.
 0. 0. 0. 0. 0. 0. 0. 0. 0. 0. 0. 0. 0. 0. 0. 0. 0. 0. 0. 0. 0. 0. 0. 0.
 0. 0. 0. 0. 0. 0. 0. 0. 0. 0. 0. 0. 0. 0. 0. 0. 0. 0. 0. 0. 0. 0. 0. 0.
 0. 0. 0. 0. 0. 0. 0. 0. 0. 0. 0. 0. 0. 0. 0. 0. 0. 0. 0. 0. 0. 0. 0. 0.
 0. 0. 0. 0. 0. 0. 0. 0. 0. 0. 0. 0. 0. 0. 0. 0. 0. 0. 0. 0. 0. 0. 0. 0.
 0. 0. 0. 0. 0. 0. 0. 0. 0. 0. 0. 0. 0. 0. 0. 0.]
start SG
end SG -->  0.2976984977722168
    CPU time for vj and vk     15.06 sec, wall time     15.10 sec
E1 = 32.4619491780313  Ecoul = 9.19324436481905  Exc = -26.4747281793671
cycle= 1 E= -87.2905194204055  delta_E= -3.51e-07  |g|= 9.33e-05  |ddm|= 0.000934
    CPU time for cycle= 1     19.47 sec, wall time     19.53 sec
  HOMO = 0.552233034583661  LUMO = 0.848219923336894
  mo_energy =
[-0.28298363 -0.0689965  -0.06899542 -0.06899491 -0.06899467  0.02794251
  0.02797761  0.02797799  0.02797903  0.044509    0.04450959  0.04450981
  0.04451167  0.04451198  0.04451254  0.30402732  0.30403145  0.30403218
  0.30409718  0.30409795  0.30410157  0.44057236  0.44057405  0.44057508
  0.44068578  0.44068674  0.44069056  0.44069166  0.44069295  0.55207901
  0.55223163  0.55223303  0.84821992  0.84835943  0.84835959  0.87375445
  0.87375452  0.87375459  0.87380889  0.87380929  0.87380937  0.97015028
  0.97015169  0.97015184  0.97026718  0.97026731  0.97029271  0.97029286
  0.97029491  0.99992207  0.99997497  0.99997687  0.99997704  1.18719782
  1.28701406  1.287016    1.28701616  1.28721731  1.28721744  1.28721925
  1.34843772  1.34868245  1.34868257  1.34868407  1.71498512  1.71538409
  1.71538424  1.71538606  1.72295924  1.72295928  1.72296119  1.72296131
  1.72296253  1.72296339  1.76075586  1.76075601  1.90948359  1.90948365
  1.90948491  1.90968143  1.90968167  1.90968181  1.90971571  1.90971583
  2.04532585  2.04532747  2.04532757  2.04546201  2.04546214  2.04546343
  2.06689851  2.06689863  2.06690088  2.0669345   2.06693673  2.06693691
  2.06710426  2.06710448  2.35054218  2.35054228  2.35054735  2.35055908
  2.35055918  2.35056557  2.41381268  2.41405403  2.41405413  2.47965643
  2.48024999  2.48025022  2.65779537  2.65802541  2.65802557  2.65802774
  2.7951089   2.79511035  2.79511063  2.79539844  2.79539873  2.79540106
  2.90224232  2.90224336  2.90224362  2.90238824  2.9333426   2.93334481
  2.93334499  2.93362008  2.93362021  2.93386622  2.93386638  2.93387203
  2.98261852  2.98262405  2.98262411  2.98279273  2.98279287  2.98279965
  2.98305063  2.98305079  2.98631909  2.98631947  2.98631961  2.98633215
  2.98633329  2.98633344  3.02729467  3.02729693  3.0272972   3.02771785
  3.02771806  3.02771818  3.27515253  3.27605101  3.27605112  3.27605162
  3.43498886  3.43498897  3.4349894   3.43576597  3.43577237  3.43577243
  3.5683748   3.56837491  3.61824342  3.61824364  3.61824624  3.61826859
  3.61826888  3.61858918  3.61858944  3.61859266  3.7379521   3.73835427
  3.73835443  4.51088742  4.51089645  4.51089658  4.51158202  4.5115821
  4.51181388  4.51181423  4.51182211  4.62826601  4.6292775   4.62927789
  4.72993991  4.72994475  4.72994507  4.73037886  4.73037927  4.73038158
  8.68796042  9.01684356  9.02904421  9.02930243  9.0296126   9.02961321
  9.02970415  9.0297045   9.02986317  9.02986344  9.03085698  9.03152635
  9.07476118  9.0747617   9.07492354  9.07533149]
nelec by numeric integration = 63.99999999931137
    CPU time for vxc      4.42 sec, wall time      4.43 sec
~/packages/PeriodicIntegrals/PeriodicIntegrals-junjie-benchmark/isdfx/isdfx.py +4733
[[ 5.26879471e-01 -1.41885230e-02  1.02069029e-06 ... -7.27842187e-03
  -9.70432115e-03 -1.40066908e-03]
 [-1.41885230e-02  4.23428677e-04  9.43010629e-06 ...  2.16579462e-04
   2.88785799e-04  4.16828840e-05]
 [ 1.02069029e-06  9.43010629e-06  6.48902611e-01 ... -1.55857663e-02
   1.45275548e-03  8.00659551e-03]
 ...
 [-7.27842187e-03  2.16579462e-04 -1.55857663e-02 ...  1.80285698e-03
   2.02893571e-07  2.29302735e-04]
 [-9.70432115e-03  2.88785799e-04  1.45275548e-03 ...  2.02893571e-07
   1.67065701e-03 -6.32199793e-08]
 [-1.40066908e-03  4.16828840e-05  8.00659551e-03 ...  2.29302735e-04
  -6.32199793e-08  2.06754979e-03]]
[[ 1.71335794e-01  2.87762971e-01 -1.47143343e-01 ...  5.60523071e-05
   4.95672351e-01 -8.57657895e-01]
 [-6.66471095e-03 -8.96950033e-03  4.58911692e-03 ...  4.53699917e-05
   4.00793233e-01 -6.93274712e-01]
 [ 1.53358514e-06  1.39788676e-02  3.94760044e-02 ...  5.82826993e-02
   7.23069348e-02  4.13774522e-02]
 ...
 [-3.34203670e-06 -4.40124270e-03  6.66753596e-03 ... -3.97923717e-02
   2.70468418e-02 -1.52365264e-02]
 [-4.43776402e-06 -6.41477782e-03  1.00246683e-02 ...  2.65058362e-02
   3.60737084e-02 -2.03034383e-02]
 [-5.97005018e-07 -1.78449262e-03  1.91091356e-03 ... -3.50064771e-02
   5.20946355e-03 -2.93098684e-03]]
[2. 2. 2. 2. 2. 2. 2. 2. 2. 2. 2. 2. 2. 2. 2. 2. 2. 2. 2. 2. 2. 2. 2. 2.
 2. 2. 2. 2. 2. 2. 2. 2. 0. 0. 0. 0. 0. 0. 0. 0. 0. 0. 0. 0. 0. 0. 0. 0.
 0. 0. 0. 0. 0. 0. 0. 0. 0. 0. 0. 0. 0. 0. 0. 0. 0. 0. 0. 0. 0. 0. 0. 0.
 0. 0. 0. 0. 0. 0. 0. 0. 0. 0. 0. 0. 0. 0. 0. 0. 0. 0. 0. 0. 0. 0. 0. 0.
 0. 0. 0. 0. 0. 0. 0. 0. 0. 0. 0. 0. 0. 0. 0. 0. 0. 0. 0. 0. 0. 0. 0. 0.
 0. 0. 0. 0. 0. 0. 0. 0. 0. 0. 0. 0. 0. 0. 0. 0. 0. 0. 0. 0. 0. 0. 0. 0.
 0. 0. 0. 0. 0. 0. 0. 0. 0. 0. 0. 0. 0. 0. 0. 0. 0. 0. 0. 0. 0. 0. 0. 0.
 0. 0. 0. 0. 0. 0. 0. 0. 0. 0. 0. 0. 0. 0. 0. 0. 0. 0. 0. 0. 0. 0. 0. 0.
 0. 0. 0. 0. 0. 0. 0. 0. 0. 0. 0. 0. 0. 0. 0. 0.]
start SG
end SG -->  0.29358863830566406
    CPU time for vj and vk     14.98 sec, wall time     15.02 sec
E1 = 32.461996995638636  Ecoul = 9.193174390820692  Exc = -26.474706024398518
cycle= 2 E= -87.290519421828  delta_E= -1.42e-09  |g|= 5.51e-05  |ddm|= 0.000101
    CPU time for cycle= 2     19.42 sec, wall time     19.47 sec
  HOMO = 0.552231915962219  LUMO = 0.848219039792486
  mo_energy =
[-0.28298448 -0.06899934 -0.06899915 -0.06899643 -0.06899015  0.02794189
  0.02797602  0.02797786  0.02797843  0.04450616  0.04450658  0.04450867
  0.04450926  0.04451336  0.0445154   0.30402854  0.30402932  0.30403011
  0.30409707  0.3040981   0.30409884  0.44056926  0.44057001  0.44057838
  0.44068576  0.44068677  0.44068773  0.44069065  0.44069194  0.55207767
  0.55223051  0.55223192  0.84821904  0.84835843  0.84835859  0.87375328
  0.87375333  0.87375483  0.8738081   0.87380817  0.87380924  0.97014849
  0.97014854  0.97015401  0.97026612  0.97026625  0.97029021  0.97029368
  0.97029375  0.99992108  0.99997298  0.99997306  0.99997939  1.18719628
  1.28701265  1.28701267  1.28701631  1.28721378  1.2872176   1.28721764
  1.34843613  1.34867884  1.34868251  1.3486826   1.71498361  1.71538233
  1.71538414  1.7153842   1.72295756  1.7229576   1.7229596   1.72295971
  1.72296108  1.72296205  1.76075528  1.76075543  1.90948225  1.9094823
  1.90948415  1.90967734  1.90968208  1.90968214  1.90971451  1.90971464
  2.04532495  2.04532499  2.04532856  2.04545918  2.04546307  2.0454631
  2.06689717  2.06689923  2.06689926  2.06693487  2.06693495  2.06693632
  2.0671037   2.06710391  2.35054281  2.35054286  2.35054383  2.35055979
  2.35055985  2.35056211  2.41381175  2.41405288  2.41405299  2.47965495
  2.48024849  2.48024872  2.65779464  2.65802459  2.65802569  2.65802577
  2.795107    2.79510715  2.79511147  2.79539563  2.79539907  2.79539923
  2.90224026  2.90224246  2.90224275  2.90238708  2.93334039  2.93334045
  2.93334716  2.93361858  2.93361871  2.93386669  2.93386677  2.93386686
  2.98261978  2.98262191  2.98262198  2.98279288  2.98279297  2.98279577
  2.9830495   2.98304967  2.98631823  2.98631841  2.98631857  2.98633121
  2.98633213  2.98633227  3.02729437  3.02729452  3.02729671  3.02771383
  3.02771827  3.02771842  3.27515133  3.27604853  3.27604854  3.27605299
  3.43498676  3.43498838  3.43498845  3.4357635   3.43577198  3.43577208
  3.56837374  3.56837385  3.6182424   3.61824262  3.618245    3.61826747
  3.61826776  3.61858793  3.61859004  3.61859019  3.73795082  3.73835298
  3.73835314  4.51089214  4.51089231  4.51089253  4.51158075  4.51158084
  4.51181469  4.5118149   4.51181698  4.62826483  4.62927617  4.62927657
  4.72994187  4.72994194  4.72994231  4.73037686  4.73037939  4.73037969
  8.68795709  9.01684     9.0290588   9.02930441  9.02959771  9.02959776
  9.02969476  9.02969492  9.02985956  9.02985965  9.03086104  9.03153045
  9.07475213  9.07475223  9.0749205   9.07534026]
nelec by numeric integration = 63.99999999931141
    CPU time for vxc      4.38 sec, wall time      4.39 sec
~/packages/PeriodicIntegrals/PeriodicIntegrals-junjie-benchmark/isdfx/isdfx.py +4733
[[ 5.26867849e-01 -1.41872546e-02  2.73814048e-06 ... -7.27815167e-03
  -9.70397427e-03 -1.40062597e-03]
 [-1.41872546e-02  4.23371541e-04  9.25207408e-06 ...  2.16560789e-04
   2.88761482e-04  4.16798152e-05]
 [ 2.73814048e-06  9.25207408e-06  6.48883226e-01 ... -1.55850613e-02
   1.45293539e-03  8.00638164e-03]
 ...
 [-7.27815167e-03  2.16560789e-04 -1.55850613e-02 ...  1.80281860e-03
   1.40675317e-07  2.29294914e-04]
 [-9.70397427e-03  2.88761482e-04  1.45293539e-03 ...  1.40675317e-07
   1.67056359e-03 -4.94335207e-08]
 [-1.40062597e-03  4.16798152e-05  8.00638164e-03 ...  2.29294914e-04
  -4.94335207e-08  2.06752756e-03]]
[[ 1.71329819e-01 -1.35508828e-03 -1.05259337e-03 ... -1.10802652e-04
   4.95628642e-01 -8.58007054e-01]
 [-6.66436649e-03  4.21987695e-05  3.27587392e-05 ... -8.96313107e-05
   4.00796266e-01 -6.93585443e-01]
 [ 3.16555084e-07  1.17059861e-03 -7.35993363e-02 ...  3.15722417e-02
   7.24062548e-02  4.13137518e-02]
 ...
 [-3.28627717e-06  7.87264716e-03  9.40273074e-03 ...  2.18967625e-02
   2.70232964e-02 -1.52426808e-02]
 [-4.35510025e-06 -5.19592454e-03 -6.20122866e-03 ... -1.45751904e-02
   3.60848477e-02 -2.03308180e-02]
 [-5.79133643e-07  1.40067399e-02 -8.65261981e-03 ...  5.62504213e-02
   5.22159542e-03 -2.94449302e-03]]
[2. 2. 2. 2. 2. 2. 2. 2. 2. 2. 2. 2. 2. 2. 2. 2. 2. 2. 2. 2. 2. 2. 2. 2.
 2. 2. 2. 2. 2. 2. 2. 2. 0. 0. 0. 0. 0. 0. 0. 0. 0. 0. 0. 0. 0. 0. 0. 0.
 0. 0. 0. 0. 0. 0. 0. 0. 0. 0. 0. 0. 0. 0. 0. 0. 0. 0. 0. 0. 0. 0. 0. 0.
 0. 0. 0. 0. 0. 0. 0. 0. 0. 0. 0. 0. 0. 0. 0. 0. 0. 0. 0. 0. 0. 0. 0. 0.
 0. 0. 0. 0. 0. 0. 0. 0. 0. 0. 0. 0. 0. 0. 0. 0. 0. 0. 0. 0. 0. 0. 0. 0.
 0. 0. 0. 0. 0. 0. 0. 0. 0. 0. 0. 0. 0. 0. 0. 0. 0. 0. 0. 0. 0. 0. 0. 0.
 0. 0. 0. 0. 0. 0. 0. 0. 0. 0. 0. 0. 0. 0. 0. 0. 0. 0. 0. 0. 0. 0. 0. 0.
 0. 0. 0. 0. 0. 0. 0. 0. 0. 0. 0. 0. 0. 0. 0. 0. 0. 0. 0. 0. 0. 0. 0. 0.
 0. 0. 0. 0. 0. 0. 0. 0. 0. 0. 0. 0. 0. 0. 0. 0.]
start SG
end SG -->  0.29351329803466797
    CPU time for vj and vk     15.09 sec, wall time     15.13 sec
E1 = 32.46198984281517  Ecoul = 9.193185029889438  Exc = -26.474709510194355
Extra cycle  E= -87.2905194213785  delta_E= 4.49e-10  |g|= 7.1e-05  |ddm|= 9.61e-05
    CPU time for scf_cycle     84.08 sec, wall time     84.36 sec
    CPU time for SCF     84.36 sec, wall time     84.65 sec
converged SCF energy = -87.2905194213785
Successfully saved all results to /central/scratch/yangjunjie//run-scf-spc-diamond-prim-2-2-2-fftisdf-ks-1-100-rcut_epsilon-1e-05-ke_epsilon-0.05-isdf_thresh-5e-05/48015095/scf.h5
