SLURMD_NODENAME = hpc-54-10
Start time = Wed Mar 19 05:19:22 PM PDT 2025
OMP_NUM_THREADS = 1
MKL_NUM_THREADS = 1
PYSCF_MAX_MEMORY = 409600
TMPDIR = /central/scratch/yangjunjie//run-scf-spc-diamond-prim-2-2-2-fftisdf-ks-1-100-rcut_epsilon-1e-05-ke_epsilon-0.05-isdf_thresh-5e-05/48100087/
PYSCF_TMPDIR = /central/scratch/yangjunjie//run-scf-spc-diamond-prim-2-2-2-fftisdf-ks-1-100-rcut_epsilon-1e-05-ke_epsilon-0.05-isdf_thresh-5e-05/48100087/

/home/junjiey/anaconda3/envs/fftisdf/bin/python
2.8.0
1.13.1
2.0.2
fft_engine = NUMPY+BLAS
name = diamond-prim
ke_cutoff =  1.00e+02
exxdiv = None
df = fftisdf-ks
chk_path = ../../../gdf-64/tmp/scf.h5
mesh = 2,2,2
rcut_epsilon =  1.00e-05
ke_epsilon =  5.00e-02
isdf_thresh =  5.00e-05

Discarded 6 diffused primitive functions, 0 contracted functions
ke_cutoff = 100.0
None

******** <class 'ISDFX'> ********
lin_dep_thresh: 1e-10
alpha_cutoff: 2.8
rcut_epsilon: 1e-05
ke_epsilon: 0.05
isdf_thresh: 5e-05
grid_vol_cutoff: 0.05
ke_step: 2.0
ao_tol: 1e-12
multigrid_on: True
direct_j: True
iterative_build: True
occRI: True
voronoi: True
fit_sparse_grid: False
fit_dense_grid: True
direct_k_sparse: True
direct_k: False
use_kpt_symm: False
kmesh: [1, 1, 1]
isdf_pts_from_q0: True
isdf_pts_from_gamma_point: False
alpha: None
do_real_isdf: False
N_xi: None
use_cell_periodic: False
isdf_thresh_sparse: None
ncopy: [1, 1, 1]
j_grid_mesh: None
k_grid_mesh: None
num_j_grids: 100
get_ao_from_pyscf: False
nuc_pp_version: 0
vppnl_ver: 0
universal_dense_grid: None
same_jk_grids: None
coulomb_only: False
max_memory   409600 MB (current use       90 MB)

Exchange function: getK_occRI  

cell mesh: [47 47 47]
nbas:  192
Grid     keMax    keMin    keGrid   expMax   expMin   nexp     lmax     PWs      mesh        
0        33.6     33.6     115.3    5.6      5.6      1        2        103823   [47 47 47]
1        12.7     2.1      12.7     2.1      0.3      3        2        4913     [17 17 17]
0        59.4     57.7     115.3    5.6      5.6      1        2        103823   [47 47 47]
1        22.4     11.2     22.4     2.1      2.1      1        2        12167    [23 23 23]
2        8.2      3.7      8.2      0.8      0.3      2        2        3375     [15 15 15]

ISDF

atm      grid     Ng       NI       Nxi      sharp    on_grid  diffuse  maxexp   minexp   lmax     lmin    
0        0        103823   2073     108      9        297      288      5.61     5.61     2        0       
1        0        103823   2105     109      9        297      288      5.61     5.61     2        0       
2        0        103823   2110     109      9        297      288      5.61     5.61     2        0       
3        0        103823   2095     107      9        297      288      5.61     5.61     2        0       
4        0        103823   2110     109      9        297      288      5.61     5.61     2        0       
5        0        103823   2095     107      9        297      288      5.61     5.61     2        0       
6        0        103823   2095     107      9        297      288      5.61     5.61     2        0       
7        0        103823   2110     109      9        297      288      5.61     5.61     2        0       
8        0        103823   2110     109      9        297      288      5.61     5.61     2        0       
9        0        103823   2095     107      9        297      288      5.61     5.61     2        0       
10       0        103823   2095     107      9        297      288      5.61     5.61     2        0       
11       0        103823   2110     109      9        297      288      5.61     5.61     2        0       
12       0        103823   2095     107      9        297      288      5.61     5.61     2        0       
13       0        103823   2110     109      9        297      288      5.61     5.61     2        0       
14       0        103823   2105     109      9        297      288      5.61     5.61     2        0       
15       0        103823   2073     108      9        297      288      5.61     5.61     2        0       
-        1        4913     4913     4913     432      432      432      2.11     0.35     2        0       
ISDF-pts:       1.55
ISDF-vec:       0.16
Fit dense grids ISDF:       1.70
Fit sparse grids ISDF:       0.00

Grid     PWs      Ng_i     N_xi     N_mu    
0        103823   33586    1730     4752    
1        4913     4913     4913     432     

nTHC: 6643
Mem Required (MB):      80.72
Curent RAM Use (MB) :        244 

Build W
ISDF-fft dense grids (sec):      15.82
Curent RAM Use (MB) :        264 
ISDF-fft:      15.82

Initial guess from minao.
Successfully loaded dm0 from ../../../gdf-64/tmp/scf.h5
Successfully loaded h1e and s1e from ../../../gdf-64/tmp/scf.h5
~/packages/PeriodicIntegrals/PeriodicIntegrals-junjie-benchmark/isdfx/isdfx.py +4733
[[ 5.26855036e-01 -1.41882092e-02  7.56084978e-06 ... -7.27508003e-03
  -9.70010837e-03 -1.40009224e-03]
 [-1.41882092e-02  4.23422566e-04  9.74736858e-06 ...  2.16418229e-04
   2.88557836e-04  4.16500018e-05]
 [ 7.56084978e-06  9.74736858e-06  6.48895895e-01 ... -1.55812716e-02
   1.46099405e-03  8.00859935e-03]
 ...
 [-7.27508003e-03  2.16418229e-04 -1.55812716e-02 ...  1.80201864e-03
   5.58137807e-09  2.29128023e-04]
 [-9.70010837e-03  2.88557836e-04  1.46099405e-03 ...  5.58137807e-09
   1.66975589e-03 -2.23008497e-08]
 [-1.40009224e-03  4.16500018e-05  8.00859935e-03 ...  2.29128023e-04
  -2.23008497e-08  2.06661500e-03]]
[[ 1.71319019e-01  2.80739589e-01 -1.62116336e-01 ... -6.89781995e-05
   4.94184557e-01 -8.55712448e-01]
 [-6.66392695e-03 -8.75108711e-03  5.05561331e-03 ... -5.57270408e-05
   3.99134311e-01 -6.90974654e-01]
 [ 1.10507086e-06  2.05462122e-02  3.41153061e-02 ... -2.45709654e-02
   7.23699959e-02  4.13636790e-02]
 ...
 [-1.12724054e-07 -4.35204640e-03  7.48321803e-03 ...  3.42248266e-02
   2.70120176e-02 -1.51646802e-02]
 [-1.49262856e-07 -5.73838989e-03  9.97762844e-03 ... -2.27793709e-02
   3.60160468e-02 -2.02220260e-02]
 [-1.94183796e-08 -6.00506392e-04  1.44014595e-03 ...  4.49773611e-02
   5.19848209e-03 -2.92784360e-03]]
[2. 2. 2. 2. 2. 2. 2. 2. 2. 2. 2. 2. 2. 2. 2. 2. 2. 2. 2. 2. 2. 2. 2. 2.
 2. 2. 2. 2. 2. 2. 2. 2. 0. 0. 0. 0. 0. 0. 0. 0. 0. 0. 0. 0. 0. 0. 0. 0.
 0. 0. 0. 0. 0. 0. 0. 0. 0. 0. 0. 0. 0. 0. 0. 0. 0. 0. 0. 0. 0. 0. 0. 0.
 0. 0. 0. 0. 0. 0. 0. 0. 0. 0. 0. 0. 0. 0. 0. 0. 0. 0. 0. 0. 0. 0. 0. 0.
 0. 0. 0. 0. 0. 0. 0. 0. 0. 0. 0. 0. 0. 0. 0. 0. 0. 0. 0. 0. 0. 0. 0. 0.
 0. 0. 0. 0. 0. 0. 0. 0. 0. 0. 0. 0. 0. 0. 0. 0. 0. 0. 0. 0. 0. 0. 0. 0.
 0. 0. 0. 0. 0. 0. 0. 0. 0. 0. 0. 0. 0. 0. 0. 0. 0. 0. 0. 0. 0. 0. 0. 0.
 0. 0. 0. 0. 0. 0. 0. 0. 0. 0. 0. 0. 0. 0. 0. 0. 0. 0. 0. 0. 0. 0. 0. 0.
 0. 0. 0. 0. 0. 0. 0. 0. 0. 0. 0. 0. 0. 0. 0. 0.]
~/packages/PeriodicIntegrals/PeriodicIntegrals-junjie-benchmark/isdfx/isdfx.py +4733
[[ 5.26855036e-01 -1.41882092e-02  7.56084978e-06 ... -7.27508003e-03
  -9.70010837e-03 -1.40009224e-03]
 [-1.41882092e-02  4.23422566e-04  9.74736858e-06 ...  2.16418229e-04
   2.88557836e-04  4.16500018e-05]
 [ 7.56084978e-06  9.74736858e-06  6.48895895e-01 ... -1.55812716e-02
   1.46099405e-03  8.00859935e-03]
 ...
 [-7.27508003e-03  2.16418229e-04 -1.55812716e-02 ...  1.80201864e-03
   5.58137807e-09  2.29128023e-04]
 [-9.70010837e-03  2.88557836e-04  1.46099405e-03 ...  5.58137807e-09
   1.66975589e-03 -2.23008497e-08]
 [-1.40009224e-03  4.16500018e-05  8.00859935e-03 ...  2.29128023e-04
  -2.23008497e-08  2.06661500e-03]]
[[ 1.71319019e-01  2.80739589e-01 -1.62116336e-01 ... -6.89781995e-05
   4.94184557e-01 -8.55712448e-01]
 [-6.66392695e-03 -8.75108711e-03  5.05561331e-03 ... -5.57270408e-05
   3.99134311e-01 -6.90974654e-01]
 [ 1.10507086e-06  2.05462122e-02  3.41153061e-02 ... -2.45709654e-02
   7.23699959e-02  4.13636790e-02]
 ...
 [-1.12724054e-07 -4.35204640e-03  7.48321803e-03 ...  3.42248266e-02
   2.70120176e-02 -1.51646802e-02]
 [-1.49262856e-07 -5.73838989e-03  9.97762844e-03 ... -2.27793709e-02
   3.60160468e-02 -2.02220260e-02]
 [-1.94183796e-08 -6.00506392e-04  1.44014595e-03 ...  4.49773611e-02
   5.19848209e-03 -2.92784360e-03]]
[2. 2. 2. 2. 2. 2. 2. 2. 2. 2. 2. 2. 2. 2. 2. 2. 2. 2. 2. 2. 2. 2. 2. 2.
 2. 2. 2. 2. 2. 2. 2. 2. 0. 0. 0. 0. 0. 0. 0. 0. 0. 0. 0. 0. 0. 0. 0. 0.
 0. 0. 0. 0. 0. 0. 0. 0. 0. 0. 0. 0. 0. 0. 0. 0. 0. 0. 0. 0. 0. 0. 0. 0.
 0. 0. 0. 0. 0. 0. 0. 0. 0. 0. 0. 0. 0. 0. 0. 0. 0. 0. 0. 0. 0. 0. 0. 0.
 0. 0. 0. 0. 0. 0. 0. 0. 0. 0. 0. 0. 0. 0. 0. 0. 0. 0. 0. 0. 0. 0. 0. 0.
 0. 0. 0. 0. 0. 0. 0. 0. 0. 0. 0. 0. 0. 0. 0. 0. 0. 0. 0. 0. 0. 0. 0. 0.
 0. 0. 0. 0. 0. 0. 0. 0. 0. 0. 0. 0. 0. 0. 0. 0. 0. 0. 0. 0. 0. 0. 0. 0.
 0. 0. 0. 0. 0. 0. 0. 0. 0. 0. 0. 0. 0. 0. 0. 0. 0. 0. 0. 0. 0. 0. 0. 0.
 0. 0. 0. 0. 0. 0. 0. 0. 0. 0. 0. 0. 0. 0. 0. 0.]
start SG
end SG -->  0.28974390029907227


******** <class 'pyscf.pbc.dft.rks.RKS'> ********
method = RKS
initial guess = minao
damping factor = 0
level_shift factor = 0
DIIS = <class 'pyscf.scf.diis.CDIIS'>
diis_start_cycle = 1
diis_space = 8
diis_damp = 0
SCF conv_tol = 1e-08
SCF conv_tol_grad = None
SCF max_cycles = 50
direct_scf = True
direct_scf_tol = 1e-13
chkfile to save SCF result = /central/scratch/yangjunjie/run-scf-spc-diamond-prim-2-2-2-fftisdf-ks-1-100-rcut_epsilon-1e-05-ke_epsilon-0.05-isdf_thresh-5e-05/48100087/tmph2l3y6z5
max_memory 409600 MB (current use 248 MB)
******** PBC SCF flags ********
kpt = [0. 0. 0.]
Exchange divergence treatment (exxdiv) = None
DF object = <isdfx.isdfx.ISDFX object at 0x7f77849384f0>
XC functionals = PBE0
small_rho_cutoff = 1e-07
Overwritten attributes  get_ovlp get_hcore  of <class 'pyscf.pbc.dft.rks.RKS'>
Set gradient conv threshold to 0.0001
nelec by numeric integration = 63.99999999931134
    CPU time for vxc      5.24 sec, wall time      5.25 sec
~/packages/PeriodicIntegrals/PeriodicIntegrals-junjie-benchmark/isdfx/isdfx.py +4733
[[ 5.26855036e-01 -1.41882092e-02  7.56084978e-06 ... -7.27508003e-03
  -9.70010837e-03 -1.40009224e-03]
 [-1.41882092e-02  4.23422566e-04  9.74736858e-06 ...  2.16418229e-04
   2.88557836e-04  4.16500018e-05]
 [ 7.56084978e-06  9.74736858e-06  6.48895895e-01 ... -1.55812716e-02
   1.46099405e-03  8.00859935e-03]
 ...
 [-7.27508003e-03  2.16418229e-04 -1.55812716e-02 ...  1.80201864e-03
   5.58137807e-09  2.29128023e-04]
 [-9.70010837e-03  2.88557836e-04  1.46099405e-03 ...  5.58137807e-09
   1.66975589e-03 -2.23008497e-08]
 [-1.40009224e-03  4.16500018e-05  8.00859935e-03 ...  2.29128023e-04
  -2.23008497e-08  2.06661500e-03]]
[[ 1.71319019e-01  2.80739589e-01 -1.62116336e-01 ... -6.89781995e-05
   4.94184557e-01 -8.55712448e-01]
 [-6.66392695e-03 -8.75108711e-03  5.05561331e-03 ... -5.57270408e-05
   3.99134311e-01 -6.90974654e-01]
 [ 1.10507086e-06  2.05462122e-02  3.41153061e-02 ... -2.45709654e-02
   7.23699959e-02  4.13636790e-02]
 ...
 [-1.12724054e-07 -4.35204640e-03  7.48321803e-03 ...  3.42248266e-02
   2.70120176e-02 -1.51646802e-02]
 [-1.49262856e-07 -5.73838989e-03  9.97762844e-03 ... -2.27793709e-02
   3.60160468e-02 -2.02220260e-02]
 [-1.94183796e-08 -6.00506392e-04  1.44014595e-03 ...  4.49773611e-02
   5.19848209e-03 -2.92784360e-03]]
[2. 2. 2. 2. 2. 2. 2. 2. 2. 2. 2. 2. 2. 2. 2. 2. 2. 2. 2. 2. 2. 2. 2. 2.
 2. 2. 2. 2. 2. 2. 2. 2. 0. 0. 0. 0. 0. 0. 0. 0. 0. 0. 0. 0. 0. 0. 0. 0.
 0. 0. 0. 0. 0. 0. 0. 0. 0. 0. 0. 0. 0. 0. 0. 0. 0. 0. 0. 0. 0. 0. 0. 0.
 0. 0. 0. 0. 0. 0. 0. 0. 0. 0. 0. 0. 0. 0. 0. 0. 0. 0. 0. 0. 0. 0. 0. 0.
 0. 0. 0. 0. 0. 0. 0. 0. 0. 0. 0. 0. 0. 0. 0. 0. 0. 0. 0. 0. 0. 0. 0. 0.
 0. 0. 0. 0. 0. 0. 0. 0. 0. 0. 0. 0. 0. 0. 0. 0. 0. 0. 0. 0. 0. 0. 0. 0.
 0. 0. 0. 0. 0. 0. 0. 0. 0. 0. 0. 0. 0. 0. 0. 0. 0. 0. 0. 0. 0. 0. 0. 0.
 0. 0. 0. 0. 0. 0. 0. 0. 0. 0. 0. 0. 0. 0. 0. 0. 0. 0. 0. 0. 0. 0. 0. 0.
 0. 0. 0. 0. 0. 0. 0. 0. 0. 0. 0. 0. 0. 0. 0. 0.]
start SG
end SG -->  0.29740285873413086
    CPU time for vj and vk     14.87 sec, wall time     14.91 sec
E1 = 32.462296105723375  Ecoul = 9.19271532497338  Exc = -26.47454564909141
init E= -87.2905190022834
    CPU time for initialize scf     20.12 sec, wall time     20.18 sec
  HOMO = 0.552222404396421  LUMO = 0.848209156496173
  mo_energy =
[-0.28299005 -0.0690044  -0.06900423 -0.06900254 -0.06899736  0.0279386
  0.02797115  0.02797251  0.02797311  0.04450144  0.04450188  0.04450315
  0.04450373  0.04450737  0.04450845  0.30402406  0.30402464  0.3040253
  0.30409019  0.30409063  0.3040913   0.4405665   0.44056725  0.44057349
  0.44067745  0.44067788  0.4406787   0.44068223  0.44068348  0.55207526
  0.55222104  0.5522224   0.84820916  0.84835443  0.84835457  0.87374711
  0.87374721  0.87374824  0.87380599  0.87380611  0.87380679  0.97013975
  0.97013977  0.97014391  0.97026159  0.97026169  0.97028724  0.97028957
  0.97028961  0.99990816  0.99996889  0.999969    0.99997352  1.18718686
  1.28700145  1.28700146  1.28700389  1.28720685  1.28720952  1.28720953
  1.34842608  1.34866943  1.3486721   1.34867217  1.71497896  1.71537387
  1.71537503  1.71537507  1.72294898  1.72294904  1.7229499   1.72294999
  1.72295213  1.72295228  1.7607513   1.76075141  1.90947628  1.9094763
  1.90947779  1.9096687   1.90967252  1.90967255  1.90970939  1.90970951
  2.04532097  2.04532097  2.04532363  2.0454548   2.04545772  2.04545773
  2.06689504  2.0668963   2.06689633  2.06692941  2.06692949  2.06693005
  2.06709886  2.06709906  2.35053736  2.35053737  2.35053936  2.35055484
  2.35055485  2.35055811  2.41380003  2.41404858  2.41404866  2.47964666
  2.48023947  2.4802397   2.65778595  2.65802097  2.65802139  2.6580215
  2.7950984   2.79509857  2.79510177  2.7953882   2.79539052  2.7953907
  2.90223245  2.90223426  2.90223458  2.90237946  2.93333129  2.93333132
  2.93333626  2.93361029  2.93361041  2.93385799  2.93385805  2.93385926
  2.98261139  2.98261442  2.9826145   2.98278777  2.98278785  2.98279156
  2.98304082  2.98304097  2.98631003  2.98631042  2.9863106   2.9863263
  2.98632738  2.98632753  3.027287    3.02728718  3.02728848  3.02770791
  3.0277115   3.02771164  3.27514133  3.27604227  3.27604227  3.27604596
  3.43498026  3.43498156  3.43498165  3.43575567  3.4357638   3.4357639
  3.56836691  3.56836708  3.61823599  3.61823622  3.61823841  3.61826158
  3.61826186  3.6185812   3.61858214  3.61858228  3.73794396  3.73834491
  3.73834508  4.51088247  4.51088401  4.51088422  4.51157532  4.5115754
  4.51180716  4.51180739  4.51181052  4.62825493  4.62926932  4.6292697
  4.72993288  4.72993363  4.72993391  4.73037128  4.73037285  4.73037316
  8.68793745  9.01682093  9.02903635  9.02928492  9.02958041  9.02958045
  9.02967722  9.02967731  9.02984032  9.02984033  9.03084109  9.03150975
  9.07473438  9.07473451  9.07490101  9.07531945]
nelec by numeric integration = 63.99999999931138
    CPU time for vxc      4.45 sec, wall time      4.46 sec
~/packages/PeriodicIntegrals/PeriodicIntegrals-junjie-benchmark/isdfx/isdfx.py +4733
[[ 5.26872446e-01 -1.41881224e-02  2.90767438e-06 ... -7.27802122e-03
  -9.70382455e-03 -1.40059863e-03]
 [-1.41881224e-02  4.23411501e-04  9.32291103e-06 ...  2.16565401e-04
   2.88768404e-04  4.16803768e-05]
 [ 2.90767438e-06  9.32291103e-06  6.48888534e-01 ... -1.55851293e-02
   1.45308849e-03  8.00647288e-03]
 ...
 [-7.27802122e-03  2.16565401e-04 -1.55851293e-02 ...  1.80282281e-03
   1.32621130e-07  2.29288940e-04]
 [-9.70382455e-03  2.88768404e-04  1.45308849e-03 ...  1.32621130e-07
   1.67056318e-03 -4.51192997e-08]
 [-1.40059863e-03  4.16803768e-05  8.00647288e-03 ...  2.29288940e-04
  -4.51192997e-08  2.06752493e-03]]
[[ 1.71331090e-01 -1.62779195e-03  2.29245533e-05 ...  3.50412340e-05
   4.95629072e-01 -8.57951379e-01]
 [-6.66446966e-03  5.07052802e-05 -7.80543164e-07 ...  2.83977175e-05
   4.00789759e-01 -6.93534865e-01]
 [ 6.80959990e-07  7.09729569e-03 -7.34071228e-02 ... -2.44655895e-02
   7.23933937e-02  4.13249408e-02]
 ...
 [-3.28470490e-06  7.09028439e-03  9.96641127e-03 ...  3.42388271e-02
   2.70263258e-02 -1.52426197e-02]
 [-4.35538077e-06 -4.66980682e-03 -6.65917483e-03 ... -2.27917408e-02
   3.60834078e-02 -2.03260821e-02]
 [-5.76219319e-07  1.46622955e-02 -7.49801930e-03 ...  4.50333818e-02
   5.21998032e-03 -2.94294105e-03]]
[2. 2. 2. 2. 2. 2. 2. 2. 2. 2. 2. 2. 2. 2. 2. 2. 2. 2. 2. 2. 2. 2. 2. 2.
 2. 2. 2. 2. 2. 2. 2. 2. 0. 0. 0. 0. 0. 0. 0. 0. 0. 0. 0. 0. 0. 0. 0. 0.
 0. 0. 0. 0. 0. 0. 0. 0. 0. 0. 0. 0. 0. 0. 0. 0. 0. 0. 0. 0. 0. 0. 0. 0.
 0. 0. 0. 0. 0. 0. 0. 0. 0. 0. 0. 0. 0. 0. 0. 0. 0. 0. 0. 0. 0. 0. 0. 0.
 0. 0. 0. 0. 0. 0. 0. 0. 0. 0. 0. 0. 0. 0. 0. 0. 0. 0. 0. 0. 0. 0. 0. 0.
 0. 0. 0. 0. 0. 0. 0. 0. 0. 0. 0. 0. 0. 0. 0. 0. 0. 0. 0. 0. 0. 0. 0. 0.
 0. 0. 0. 0. 0. 0. 0. 0. 0. 0. 0. 0. 0. 0. 0. 0. 0. 0. 0. 0. 0. 0. 0. 0.
 0. 0. 0. 0. 0. 0. 0. 0. 0. 0. 0. 0. 0. 0. 0. 0. 0. 0. 0. 0. 0. 0. 0. 0.
 0. 0. 0. 0. 0. 0. 0. 0. 0. 0. 0. 0. 0. 0. 0. 0.]
start SG
end SG -->  0.29088401794433594
    CPU time for vj and vk     14.83 sec, wall time     14.87 sec
E1 = 32.46194927872994  Ecoul = 9.193244316146336  Exc = -26.474728163874847
cycle= 1 E= -87.2905193528873  delta_E= -3.51e-07  |g|= 9.33e-05  |ddm|= 0.000934
    CPU time for cycle= 1     19.29 sec, wall time     19.34 sec
  HOMO = 0.552233034652966  LUMO = 0.848219922211325
  mo_energy =
[-0.28298363 -0.0689965  -0.06899542 -0.06899491 -0.06899467  0.02794251
  0.02797761  0.02797799  0.02797903  0.044509    0.04450959  0.04450981
  0.04451167  0.04451198  0.04451254  0.30402732  0.30403145  0.30403218
  0.30409718  0.30409795  0.30410157  0.44057236  0.44057405  0.44057508
  0.44068578  0.44068674  0.44069056  0.44069166  0.44069295  0.55207901
  0.55223163  0.55223303  0.84821992  0.84835942  0.84835959  0.87375445
  0.87375452  0.87375459  0.8738089   0.87380929  0.87380938  0.97015028
  0.97015169  0.97015184  0.97026718  0.97026731  0.97029271  0.97029286
  0.97029491  0.99992208  0.99997498  0.99997688  0.99997705  1.18719784
  1.28701406  1.28701601  1.28701616  1.28721732  1.28721744  1.28721925
  1.34843772  1.34868246  1.34868257  1.34868407  1.71498513  1.71538409
  1.71538424  1.71538606  1.72295924  1.72295928  1.7229612   1.72296131
  1.72296254  1.72296339  1.76075586  1.76075601  1.90948359  1.90948365
  1.90948491  1.90968143  1.90968167  1.90968181  1.90971571  1.90971583
  2.04532585  2.04532747  2.04532757  2.04546201  2.04546214  2.04546343
  2.06689851  2.06689863  2.06690088  2.0669345   2.06693673  2.06693691
  2.06710426  2.06710448  2.35054217  2.35054227  2.35054735  2.35055907
  2.35055918  2.35056556  2.41381269  2.41405403  2.41405413  2.47965643
  2.48024998  2.48025021  2.65779538  2.65802541  2.65802558  2.65802775
  2.7951089   2.79511035  2.79511064  2.79539843  2.79539873  2.79540105
  2.90224232  2.90224336  2.90224362  2.90238824  2.93334261  2.93334482
  2.933345    2.93362008  2.93362021  2.93386622  2.93386638  2.93387203
  2.98261852  2.98262406  2.98262412  2.98279273  2.98279287  2.98279965
  2.98305062  2.98305079  2.98631911  2.98631949  2.98631963  2.98633217
  2.98633332  2.98633346  3.02729468  3.02729693  3.02729721  3.02771786
  3.02771807  3.02771819  3.27515257  3.27605104  3.27605116  3.27605165
  3.43498885  3.43498897  3.4349894   3.43576596  3.43577236  3.43577242
  3.56837481  3.56837492  3.61824342  3.61824364  3.61824624  3.61826858
  3.61826888  3.61858917  3.61858944  3.61859265  3.73795214  3.73835429
  3.73835445  4.51088741  4.51089644  4.51089657  4.51158201  4.51158209
  4.51181387  4.51181422  4.5118221   4.62826595  4.62927743  4.62927783
  4.72993996  4.7299448   4.72994512  4.7303789   4.73037931  4.73038162
  8.68796037  9.0168435   9.02904414  9.02930237  9.02961253  9.02961315
  9.02970409  9.02970444  9.02986311  9.02986338  9.03085692  9.03152629
  9.07476112  9.07476164  9.07492348  9.07533143]
nelec by numeric integration = 63.99999999931139
    CPU time for vxc      4.44 sec, wall time      4.45 sec
~/packages/PeriodicIntegrals/PeriodicIntegrals-junjie-benchmark/isdfx/isdfx.py +4733
[[ 5.26879467e-01 -1.41885212e-02  1.02045638e-06 ... -7.27842217e-03
  -9.70432155e-03 -1.40066914e-03]
 [-1.41885212e-02  4.23428587e-04  9.43025019e-06 ...  2.16579442e-04
   2.88785771e-04  4.16828803e-05]
 [ 1.02045638e-06  9.43025019e-06  6.48902611e-01 ... -1.55857664e-02
   1.45275545e-03  8.00659560e-03]
 ...
 [-7.27842217e-03  2.16579442e-04 -1.55857664e-02 ...  1.80285704e-03
   2.02892803e-07  2.29302748e-04]
 [-9.70432155e-03  2.88785771e-04  1.45275545e-03 ...  2.02892803e-07
   1.67065705e-03 -6.32099889e-08]
 [-1.40066914e-03  4.16828803e-05  8.00659560e-03 ...  2.29302748e-04
  -6.32099889e-08  2.06754985e-03]]
[[ 1.71335796e-01  2.87755834e-01 -1.47156498e-01 ...  5.64480597e-05
   4.95672256e-01 -8.57657799e-01]
 [-6.66471067e-03 -8.96927668e-03  4.58952639e-03 ...  4.56899074e-05
   4.00793147e-01 -6.93274622e-01]
 [ 1.53341671e-06  1.39844600e-02  3.94822522e-02 ...  5.82334453e-02
   7.23069332e-02  4.13775121e-02]
 ...
 [-3.34213602e-06 -4.40160831e-03  6.66700556e-03 ... -3.97854202e-02
   2.70468388e-02 -1.52365477e-02]
 [-4.43790508e-06 -6.41380140e-03  1.00253934e-02 ...  2.65012121e-02
   3.60737045e-02 -2.03034190e-02]
 [-5.97028858e-07 -1.78442381e-03  1.91218392e-03 ... -3.50230693e-02
   5.20946255e-03 -2.93099043e-03]]
[2. 2. 2. 2. 2. 2. 2. 2. 2. 2. 2. 2. 2. 2. 2. 2. 2. 2. 2. 2. 2. 2. 2. 2.
 2. 2. 2. 2. 2. 2. 2. 2. 0. 0. 0. 0. 0. 0. 0. 0. 0. 0. 0. 0. 0. 0. 0. 0.
 0. 0. 0. 0. 0. 0. 0. 0. 0. 0. 0. 0. 0. 0. 0. 0. 0. 0. 0. 0. 0. 0. 0. 0.
 0. 0. 0. 0. 0. 0. 0. 0. 0. 0. 0. 0. 0. 0. 0. 0. 0. 0. 0. 0. 0. 0. 0. 0.
 0. 0. 0. 0. 0. 0. 0. 0. 0. 0. 0. 0. 0. 0. 0. 0. 0. 0. 0. 0. 0. 0. 0. 0.
 0. 0. 0. 0. 0. 0. 0. 0. 0. 0. 0. 0. 0. 0. 0. 0. 0. 0. 0. 0. 0. 0. 0. 0.
 0. 0. 0. 0. 0. 0. 0. 0. 0. 0. 0. 0. 0. 0. 0. 0. 0. 0. 0. 0. 0. 0. 0. 0.
 0. 0. 0. 0. 0. 0. 0. 0. 0. 0. 0. 0. 0. 0. 0. 0. 0. 0. 0. 0. 0. 0. 0. 0.
 0. 0. 0. 0. 0. 0. 0. 0. 0. 0. 0. 0. 0. 0. 0. 0.]
start SG
end SG -->  0.289858341217041
    CPU time for vj and vk     14.84 sec, wall time     14.89 sec
E1 = 32.461997091438725  Ecoul = 9.193174349393178  Exc = -26.474706011252763
cycle= 2 E= -87.2905193543096  delta_E= -1.42e-09  |g|= 5.51e-05  |ddm|= 0.000101
    CPU time for cycle= 2     19.30 sec, wall time     19.36 sec
  HOMO = 0.552231916154874  LUMO = 0.848219038768889
  mo_energy =
[-0.28298447 -0.06899934 -0.06899915 -0.06899643 -0.06899015  0.02794189
  0.02797602  0.02797786  0.02797843  0.04450616  0.04450658  0.04450867
  0.04450926  0.04451336  0.0445154   0.30402854  0.30402932  0.30403011
  0.30409707  0.3040981   0.30409884  0.44056926  0.44057001  0.44057838
  0.44068576  0.44068677  0.44068773  0.44069065  0.44069194  0.55207768
  0.55223051  0.55223192  0.84821904  0.84835843  0.84835859  0.87375328
  0.87375333  0.87375483  0.8738081   0.87380817  0.87380924  0.97014849
  0.97014854  0.97015402  0.97026612  0.97026625  0.97029021  0.97029368
  0.97029375  0.99992109  0.99997299  0.99997307  0.9999794   1.18719631
  1.28701265  1.28701267  1.28701631  1.28721378  1.2872176   1.28721764
  1.34843614  1.34867884  1.34868251  1.34868261  1.71498362  1.71538233
  1.71538414  1.71538421  1.72295756  1.72295761  1.7229596   1.72295971
  1.72296108  1.72296205  1.76075528  1.76075543  1.90948225  1.9094823
  1.90948415  1.90967734  1.90968208  1.90968214  1.90971451  1.90971464
  2.04532495  2.04532499  2.04532856  2.04545918  2.04546307  2.0454631
  2.06689717  2.06689923  2.06689926  2.06693487  2.06693496  2.06693633
  2.0671037   2.06710391  2.3505428   2.35054285  2.35054382  2.35055979
  2.35055984  2.35056211  2.41381176  2.41405288  2.41405299  2.47965495
  2.48024848  2.48024871  2.65779465  2.65802459  2.6580257   2.65802578
  2.795107    2.79510716  2.79511148  2.79539563  2.79539907  2.79539923
  2.90224025  2.90224246  2.90224275  2.90238708  2.9333404   2.93334046
  2.93334717  2.93361858  2.93361871  2.9338667   2.93386677  2.93386686
  2.98261978  2.98262191  2.98262199  2.98279288  2.98279297  2.98279577
  2.9830495   2.98304967  2.98631825  2.98631843  2.98631859  2.98633123
  2.98633215  2.98633229  3.02729437  3.02729453  3.02729671  3.02771383
  3.02771827  3.02771842  3.27515137  3.27604856  3.27604857  3.27605302
  3.43498675  3.43498837  3.43498844  3.43576349  3.43577197  3.43577207
  3.56837375  3.56837386  3.6182424   3.61824261  3.618245    3.61826746
  3.61826775  3.61858793  3.61859003  3.61859018  3.73795085  3.73835299
  3.73835315  4.51089214  4.5108923   4.51089252  4.51158074  4.51158083
  4.51181468  4.51181489  4.51181697  4.62826477  4.62927611  4.62927651
  4.72994192  4.72994199  4.72994236  4.7303769   4.73037943  4.73037973
  8.68795703  9.01683994  9.02905874  9.02930435  9.02959765  9.0295977
  9.0296947   9.02969486  9.0298595   9.02985959  9.03086098  9.03153039
  9.07475207  9.07475217  9.07492043  9.0753402 ]
nelec by numeric integration = 63.999999999311356
    CPU time for vxc      4.45 sec, wall time      4.45 sec
~/packages/PeriodicIntegrals/PeriodicIntegrals-junjie-benchmark/isdfx/isdfx.py +4733
[[ 5.26867845e-01 -1.41872528e-02  2.73800716e-06 ... -7.27815197e-03
  -9.70397468e-03 -1.40062603e-03]
 [-1.41872528e-02  4.23371449e-04  9.25220879e-06 ...  2.16560769e-04
   2.88761454e-04  4.16798115e-05]
 [ 2.73800716e-06  9.25220879e-06  6.48883226e-01 ... -1.55850614e-02
   1.45293535e-03  8.00638172e-03]
 ...
 [-7.27815197e-03  2.16560769e-04 -1.55850614e-02 ...  1.80281866e-03
   1.40676537e-07  2.29294927e-04]
 [-9.70397468e-03  2.88761454e-04  1.45293535e-03 ...  1.40676537e-07
   1.67056363e-03 -4.94237604e-08]
 [-1.40062603e-03  4.16798115e-05  8.00638172e-03 ...  2.29294927e-04
  -4.94237604e-08  2.06752761e-03]]
[[ 1.71329820e-01 -1.35656843e-03 -1.05557872e-03 ... -1.11911805e-04
   4.95628566e-01 -8.58006968e-01]
 [-6.66436618e-03  4.22449363e-05  3.28517930e-05 ... -9.05288450e-05
   4.00796198e-01 -6.93585363e-01]
 [ 3.16390656e-07  1.19883817e-03 -7.35990954e-02 ...  3.18581395e-02
   7.24062553e-02  4.13138108e-02]
 ...
 [-3.28636728e-06  7.86904989e-03  9.40579874e-03 ...  2.18239849e-02
   2.70232936e-02 -1.52427016e-02]
 [-4.35522922e-06 -5.19349527e-03 -6.20318714e-03 ... -1.45267589e-02
   3.60848449e-02 -2.03307995e-02]
 [-5.79155736e-07  1.40100807e-02 -8.64721327e-03 ...  5.62906809e-02
   5.22159493e-03 -2.94449651e-03]]
[2. 2. 2. 2. 2. 2. 2. 2. 2. 2. 2. 2. 2. 2. 2. 2. 2. 2. 2. 2. 2. 2. 2. 2.
 2. 2. 2. 2. 2. 2. 2. 2. 0. 0. 0. 0. 0. 0. 0. 0. 0. 0. 0. 0. 0. 0. 0. 0.
 0. 0. 0. 0. 0. 0. 0. 0. 0. 0. 0. 0. 0. 0. 0. 0. 0. 0. 0. 0. 0. 0. 0. 0.
 0. 0. 0. 0. 0. 0. 0. 0. 0. 0. 0. 0. 0. 0. 0. 0. 0. 0. 0. 0. 0. 0. 0. 0.
 0. 0. 0. 0. 0. 0. 0. 0. 0. 0. 0. 0. 0. 0. 0. 0. 0. 0. 0. 0. 0. 0. 0. 0.
 0. 0. 0. 0. 0. 0. 0. 0. 0. 0. 0. 0. 0. 0. 0. 0. 0. 0. 0. 0. 0. 0. 0. 0.
 0. 0. 0. 0. 0. 0. 0. 0. 0. 0. 0. 0. 0. 0. 0. 0. 0. 0. 0. 0. 0. 0. 0. 0.
 0. 0. 0. 0. 0. 0. 0. 0. 0. 0. 0. 0. 0. 0. 0. 0. 0. 0. 0. 0. 0. 0. 0. 0.
 0. 0. 0. 0. 0. 0. 0. 0. 0. 0. 0. 0. 0. 0. 0. 0.]
start SG
end SG -->  0.2904071807861328
    CPU time for vj and vk     14.83 sec, wall time     14.87 sec
E1 = 32.461989939342104  Ecoul = 9.193184987382056  Exc = -26.4747094966956
Extra cycle  E= -87.2905193538602  delta_E= 4.49e-10  |g|= 7.1e-05  |ddm|= 9.61e-05
    CPU time for scf_cycle     77.99 sec, wall time     78.22 sec
    CPU time for SCF     78.04 sec, wall time     78.26 sec
converged SCF energy = -87.2905193538602
Successfully saved all results to /central/scratch/yangjunjie//run-scf-spc-diamond-prim-2-2-2-fftisdf-ks-1-100-rcut_epsilon-1e-05-ke_epsilon-0.05-isdf_thresh-5e-05/48100087/scf.h5
